1 -0.00027712 -0.000361418 -0.00824249 0.000277152 1 8.90307e-05 -0.0142656 0.000361394 -8.91309e-05 1 -0.0215974
0.999914 -0.011604 -0.00618298 -1.94941 0.0115917 0.999931 -0.00202351 -0.0144171 0.00620604 0.00195166 0.999979 0.0613348
0.999782 -0.0185886 -0.00949838 -4.96109 0.0185562 0.999822 -0.00348693 -0.0743654 0.0095615 0.00330992 0.999949 0.149487
0.999616 -0.0254907 -0.0108839 -7.99508 0.0254539 0.99967 -0.00350733 -0.151884 0.0109697 0.00322895 0.999935 0.223818
0.999458 -0.0303906 -0.0126899 -10.0619 0.0303393 0.999531 -0.00421594 -0.211081 0.0128121 0.00382865 0.999911 0.287553
0.999107 -0.0403385 -0.0125389 -12.363 0.0402683 0.999172 -0.00579832 -0.293559 0.0127624 0.00528822 0.999905 0.354233
0.99873 -0.0486799 -0.0129965 -14.3651 0.0486337 0.998809 -0.00384208 -0.392109 0.013168 0.00320513 0.999908 0.399005
0.99823 -0.0578965 -0.0135627 -16.4901 0.0578193 0.998309 -0.00601537 -0.519086 0.013888 0.00522054 0.99989 0.4781
0.997422 -0.0707352 -0.0121052 -19.3733 0.0706772 0.997486 -0.00515655 -0.714843 0.0124395 0.0042877 0.999913 0.576108
0.99668 -0.0800412 -0.0149441 -22.4554 0.0799443 0.996775 -0.00697482 -0.958421 0.0154541 0.00575697 0.999864 0.668629
0.996356 -0.083839 -0.0157043 -25.0649 0.0837064 0.996451 -0.00892159 -1.16194 0.0163966 0.00757452 0.999837 0.74464
0.995914 -0.0892276 -0.0139023 -28.5233 0.0890825 0.995966 -0.0107333 -1.46875 0.014804 0.00945096 0.999846 0.846281
0.996185 -0.085821 -0.0158416 -32.1282 0.0855974 0.996227 -0.0142895 -1.77182 0.0170082 0.012879 0.999772 0.962578
0.99697 -0.075796 -0.0174764 -35.9365 0.0755154 0.997013 -0.016196 -2.06036 0.0186518 0.0148271 0.999716 1.07498
0.998051 -0.0609487 -0.0134234 -39.9271 0.0607533 0.998047 -0.0145097 -2.29897 0.0142815 0.0136659 0.999805 1.20204
0.998708 -0.0492595 -0.0125001 -43.2334 0.0491159 0.998726 -0.0115435 -2.44767 0.0130528 0.0109147 0.999855 1.32024
0.999375 -0.0329294 -0.0128561 -47.4918 0.0328565 0.999443 -0.00584458 -2.59067 0.0130414 0.00541852 0.9999 1.4711
0.999769 -0.017191 -0.012916 -51.9483 0.0171272 0.999841 -0.00503709 -2.65947 0.0130005 0.00481471 0.999904 1.63591
0.999856 -0.00950064 -0.0140644 -55.6117 0.00949891 0.999955 -0.00018966 -2.6838 0.0140656 5.60364e-05 0.999901 1.76429
0.999843 -0.0107953 -0.0140618 -60.3416 0.0107419 0.999935 -0.00387412 -2.70766 0.0141027 0.00372247 0.999894 1.93631
0.999859 -0.0132846 -0.0102496 -65.1861 0.0131748 0.999856 -0.0107037 -2.77755 0.0103904 0.0105671 0.99989 2.11175
0.99987 -0.0119488 -0.0108582 -70.1491 0.0118466 0.999885 -0.00943327 -2.80123 0.0109697 0.0093034 0.999897 2.30938
0.999871 -0.0116771 -0.0109921 -74.2451 0.011644 0.999928 -0.00306688 -2.83904 0.0110272 0.00293849 0.999935 2.47437
0.999931 -0.0102433 -0.00569981 -79.4367 0.0102396 0.999947 -0.000675816 -2.87514 0.00570644 0.000617406 0.999984 2.70072
0.999948 -0.0095285 -0.00361912 -84.7576 0.00952633 0.999954 -0.000616989 -2.9132 0.00362483 0.00058248 0.999993 2.94951
0.999868 -0.0079891 -0.0141166 -90.1962 0.00797083 0.999967 -0.00134992 -2.95112 0.0141269 0.00123722 0.999899 3.18978
0.999942 -0.0037847 -0.0100494 -94.5581 0.00377246 0.999992 -0.00123645 -2.95537 0.010054 0.00119846 0.999949 3.37128
0.999987 0.00202187 -0.00463951 -99.9158 -0.00204042 0.99999 -0.00399794 -2.93622 0.00463138 0.00400736 0.999981 3.62416
0.999985 0.00372419 -0.00395949 -104.086 -0.00374463 0.99998 -0.0051682 -2.89755 0.00394017 0.00518295 0.999979 3.84066
0.999984 -0.000868637 -0.00552595 -110.267 0.000838691 0.999985 -0.00541921 -2.86417 0.00553058 0.00541449 0.99997 4.1388
0.999922 -0.0117675 -0.0041488 -113.316 0.0117597 0.999929 -0.00190105 -2.89454 0.00417088 0.00185212 0.99999 4.28743
0.998615 -0.0526107 0.000896316 -121.426 0.0526144 0.998603 -0.00481382 -3.15641 -0.000641805 0.00485431 0.999988 4.69077
0.996502 -0.0835564 0.00168369 -135.579 0.0835714 0.996415 -0.0131795 -4.05361 -0.000576425 0.0132741 0.999912 5.39814
0.997575 -0.0693377 0.00610562 -146.709 0.0694477 0.997382 -0.0201518 -4.95048 -0.00469236 0.020527 0.999778 5.93396
0.99938 -0.0324875 0.0135498 -160.272 0.0328028 0.99918 -0.0237364 -6.67059 -0.0127675 0.0241661 0.999626 6.58563
0.999414 -0.0137702 0.0313516 -170.192 0.0145848 0.999558 -0.0259029 -8.07669 -0.030981 0.0263449 0.999173 7.0624
0.999419 -0.00317674 0.0339323 -177.683 0.00419828 0.999539 -0.0300765 -8.13589 -0.0338211 0.0302015 0.998971 7.68274
0.999369 -0.000541364 0.0355165 -182.11 0.00168153 0.999484 -0.0320804 -8.13104 -0.0354808 0.0321199 0.998854 8.07296
0.999577 0.00128357 0.029062 -185.718 -0.000449887 0.999589 -0.0286747 -8.1066 -0.0290869 0.0286495 0.999166 8.37564
0.999285 0.0027458 0.0377051 -189.258 -0.00161667 0.99955 -0.0299443 -8.09486 -0.0377704 0.029862 0.99884 8.68047
0.999335 0.00240451 0.036373 -192.709 -0.00118123 0.999434 -0.0336159 -8.0814 -0.0364333 0.0335506 0.998773 8.99329
0.999296 0.000572333 0.0375006 -195.248 0.000744455 0.999384 -0.0350904 -8.08379 -0.0374976 0.0350936 0.99868 9.21671
0.999509 -0.0014783 0.0313023 -199.421 0.00256662 0.999393 -0.0347565 -8.0839 -0.0312319 0.0348197 0.998905 9.57111
0.999478 -0.00122529 0.0322963 -202.694 0.00221363 0.99953 -0.0305842 -8.0987 -0.0322437 0.0306397 0.99901 9.84229
0.999442 -0.00191356 0.0333331 -205.945 0.00291734 0.999543 -0.0300911 -8.11043 -0.0332603 0.0301716 0.998991 10.1137
0.999375 -0.00312522 0.0352191 -209.096 0.00416151 0.999559 -0.0293893 -8.10386 -0.0351118 0.0295175 0.998947 10.3734
0.999399 -0.00335414 0.0345136 -211.411 0.00440591 0.999527 -0.0304433 -8.10911 -0.0343952 0.030577 0.99894 10.5773
0.999323 -0.00436183 0.036543 -214.4 0.0055599 0.999448 -0.0327481 -8.13558 -0.0363799 0.0329291 0.998795 10.8394
0.999373 -0.00160538 0.0353831 -218.034 0.00288298 0.999345 -0.0360863 -8.14893 -0.035302 0.0361656 0.998722 11.1634
0.999379 0.0011121 0.0352179 -220.78 0.000188624 0.999319 -0.0369088 -8.13696 -0.035235 0.0368925 0.998698 11.4029
0.999464 0.00280684 0.0326278 -223.471 -0.00166658 0.999389 -0.0349225 -8.14243 -0.0327058 0.0348494 0.998857 11.6303
0.999452 0.00653211 0.032453 -227.204 -0.00545749 0.999437 -0.0330921 -8.10394 -0.0326509 0.0328968 0.998925 11.9457
0.999377 0.00829729 0.034309 -230.051 -0.00726978 0.999524 -0.0299656 -8.09816 -0.0345413 0.0296976 0.998962 12.1953
0.999329 0.00897103 0.0355244 -233.117 -0.00795816 0.999561 -0.0285516 -8.05734 -0.0357649 0.0282497 0.998961 12.4624
0.999326 0.00810635 0.0358122 -235.749 -0.00711161 0.999588 -0.027817 -8.02522 -0.0360229 0.0275435 0.998971 12.6962
0.999278 0.00895538 0.0369332 -238.658 -0.00796494 0.999607 -0.0268775 -8.01391 -0.0371594 0.0265639 0.998956 12.9503
0.99911 0.00941 0.0411146 -240.914 -0.00831085 0.999606 -0.0268234 -7.98401 -0.0413508 0.0264578 0.998794 13.143
0.998738 0.0133527 0.0484224 -241.488 -0.0119817 0.999522 -0.0284942 -8.00796 -0.0487797 0.027878 0.99842 13.2083
0.998787 0.0119496 0.0477652 -242.915 -0.0106746 0.999582 -0.0268582 -7.97008 -0.0480661 0.0263158 0.998497 13.3295
0.998474 0.0123972 0.0538103 -244.293 -0.0109482 0.999572 -0.0271399 -7.96388 -0.0541237 0.0265094 0.998182 13.4577
0.998432 0.0134411 0.0543458 -246.403 -0.0120403 0.999589 -0.0260224 -7.94073 -0.0546732 0.0253273 0.998183 13.6358
0.998461 0.0132482 0.0538462 -249.288 -0.0117898 0.999557 -0.0273127 -7.9156 -0.0541842 0.0266358 0.998176 13.88
0.998649 0.0106388 0.0508708 -253.948 -0.00908759 0.99949 -0.030628 -7.90273 -0.0511706 0.0301243 0.998235 14.2655
0.998645 0.00448584 0.0518517 -256.354 -0.002074 0.998917 -0.0464748 -7.86657 -0.052004 0.0463042 0.997573 14.4558
0.998637 -0.000515811 0.0521912 -259.307 0.00301029 0.998856 -0.0477277 -7.82107 -0.0521068 0.0478198 0.997496 14.6987
0.998154 -0.00457629 0.0605625 -263.75 0.00725501 0.999001 -0.0440851 -7.82548 -0.0603003 0.0444431 0.99719 15.0783
0.998144 -0.00893586 0.0602326 -265.914 0.0113188 0.999162 -0.0393384 -7.82678 -0.0598306 0.0399471 0.997409 15.274
0.998275 -0.0121241 0.0574489 -270.342 0.0146358 0.998946 -0.0435037 -7.8578 -0.0568609 0.0442695 0.9974 15.6574
0.998398 -0.0117156 0.0553503 -273.438 0.0145045 0.998631 -0.0502547 -7.87406 -0.0546858 0.0509771 0.997201 15.9438
0.998527 -0.0115182 0.0530118 -275.891 0.0143651 0.998457 -0.0536392 -7.88987 -0.0523122 0.0543218 0.997152 16.1413
0.99869 -0.0124854 0.0496215 -279.295 0.0152193 0.998365 -0.0551062 -7.90013 -0.0488523 0.0557892 0.997247 16.416
0.998846 -0.0124641 0.0463884 -281.924 0.0151332 0.998223 -0.0576387 -7.8967 -0.0455875 0.0582741 0.997259 16.6183
0.998575 -0.00839876 0.0527064 -285.511 0.0114631 0.998244 -0.0581104 -7.93912 -0.0521258 0.0586318 0.996918 16.9062
0.998505 -0.00915834 0.0538896 -288.349 0.0123179 0.998206 -0.0585931 -7.90585 -0.0532563 0.0591693 0.996826 17.159
0.99834 -0.0077074 0.0570703 -292.201 0.011146 0.998125 -0.0601803 -7.88294 -0.0564995 0.0607166 0.996555 17.488
0.998323 -0.00714609 0.0574413 -295.189 0.0103915 0.998354 -0.056401 -7.8627 -0.0569437 0.0569033 0.996754 17.7378
0.998142 -0.00713026 0.0605104 -298.225 0.0103956 0.998497 -0.0538206 -7.83756 -0.0600357 0.0543496 0.996716 17.9928
0.998314 -0.00756505 0.0575527 -301.339 0.0105884 0.99857 -0.05241 -7.83466 -0.0570739 0.052931 0.996966 18.2675
0.998122 -0.00817063 0.0607147 -305.545 0.0109818 0.998876 -0.0461135 -7.81852 -0.0602697 0.0466937 0.997089 18.6428
0.998146 -0.00989634 0.0600547 -310.991 0.0125784 0.998933 -0.0444481 -7.7828 -0.0595507 0.0451211 0.997205 19.1203
0.997939 -0.0100729 0.0633803 -314.279 0.0126469 0.999106 -0.0403421 -7.76201 -0.0629173 0.0410605 0.997174 19.4147
0.99782 -0.0108073 0.0650963 -319.895 0.0135116 0.999058 -0.0412464 -7.76284 -0.0645892 0.042036 0.997026 19.9393
0.997827 -0.0106562 0.0650138 -322.169 0.0132551 0.999125 -0.0396758 -7.75449 -0.0645341 0.0404513 0.997095 20.1485
0.998325 -0.0105964 0.0568829 -326.769 0.0127131 0.999235 -0.0369785 -7.75433 -0.0564475 0.0376397 0.997696 20.5549
0.997897 -0.0104332 0.0639774 -330.249 0.0131303 0.999036 -0.0418828 -7.75695 -0.0634788 0.0426348 0.997072 20.8846
0.997943 -0.0109156 0.0631719 -332.605 0.0136106 0.999008 -0.04239 -7.75241 -0.0626465 0.0431627 0.997102 21.0844
0.997974 -0.0108987 0.0626826 -334.983 0.0135597 0.999018 -0.0421844 -7.74827 -0.0621613 0.0429489 0.997142 21.3029
0.99791 -0.010013 0.0638431 -337.363 0.0126845 0.999055 -0.0415773 -7.75497 -0.0633665 0.0423002 0.997093 21.5276
0.99802 -0.00995765 0.0621063 -342.161 0.0124938 0.999098 -0.0405815 -7.73261 -0.0616462 0.0412771 0.997244 21.9765
0.998058 -0.0101526 0.0614659 -348.228 0.0127245 0.999053 -0.0415974 -7.70875 -0.0609854 0.0422988 0.997242 22.5211
0.998084 -0.0104232 0.060991 -351.936 0.0129647 0.999058 -0.0414231 -7.69795 -0.0605017 0.0421344 0.997278 22.8588
0.998183 -0.0103025 0.0593757 -358.165 0.0128516 0.999005 -0.0427104 -7.68903 -0.0588766 0.0433959 0.997322 23.3951
0.997906 -0.0118794 0.0635845 -364.523 0.0152994 0.998447 -0.0535744 -7.6958 -0.0628493 0.054435 0.996537 23.9874
0.997831 -0.013378 0.0644577 -369.639 0.0170322 0.998258 -0.0564794 -7.72957 -0.0635898 0.0574547 0.996321 24.4585
0.99754 -0.015623 0.0683407 -374.856 0.0192454 0.998426 -0.0526728 -7.74853 -0.0674103 0.0538585 0.996271 24.9383
0.997666 -0.0147595 0.0666674 -381.467 0.0183195 0.998421 -0.0531068 -7.75386 -0.0657783 0.0542041 0.996361 25.6002
0.997599 -0.0154724 0.067498 -386.804 0.0188041 0.998621 -0.0490065 -7.76189 -0.0666467 0.0501581 0.996515 26.0888
0.997608 -0.0154348 0.0673872 -389.472 0.0188119 0.998583 -0.0497722 -7.78792 -0.0665235 0.0509208 0.996485 26.3566
0.997797 -0.0140118 0.0648456 -394.857 0.0170844 0.998745 -0.0470733 -7.79149 -0.0641047 0.0480774 0.996784 26.8618
0.99752 -0.0141414 0.068943 -401.61 0.0174791 0.998692 -0.0480515 -7.79323 -0.0681733 0.0491374 0.996463 27.5278
0.997406 -0.015398 0.0703084 -408.415 0.0187117 0.998733 -0.0467185 -7.79847 -0.0695 0.0479129 0.996431 28.198
0.997329 -0.0181153 0.0707608 -415.265 0.0215988 0.998576 -0.0487782 -7.83306 -0.0697764 0.0501762 0.9963 28.8848
0.997173 -0.019283 0.0726238 -422.191 0.0233507 0.998181 -0.0555845 -7.91531 -0.0714199 0.0571232 0.995809 29.571
0.997485 -0.0193981 0.0681659 -429.179 0.0232906 0.998115 -0.0567801 -7.98209 -0.066936 0.0582249 0.996057 30.29
0.996923 -0.020422 0.0756782 -434.813 0.0249881 0.997892 -0.0598882 -8.06328 -0.0742957 0.061595 0.995332 30.8485
0.99714 -0.0224409 0.0721618 -441.916 0.0268889 0.997759 -0.0612699 -8.13196 -0.0706251 0.063035 0.995509 31.5868
0.996907 -0.022764 0.0752188 -447.574 0.0276434 0.997536 -0.0644787 -8.22024 -0.0735656 0.0663586 0.99508 32.1794
0.997297 -0.0202688 0.0706221 -454.715 0.024986 0.997469 -0.0665643 -8.3144 -0.0690942 0.068149 0.99528 32.9039
0.997143 -0.0156828 0.073891 -463.383 0.0200897 0.998039 -0.0592798 -8.37936 -0.0728165 0.0605949 0.995503 33.7879
0.9971 -0.0137586 0.074854 -476.445 0.0180512 0.998212 -0.0569753 -8.34441 -0.0739363 0.0581613 0.995566 35.1968
0.994614 -0.0220349 0.101276 -517.305 0.0312007 0.995468 -0.0898296 -11.9211 -0.0988374 0.0925057 0.990795 38.1746
0.993783 -0.0200222 0.109522 -539.657 0.0353386 0.989556 -0.139751 -15.1214 -0.10558 0.142753 0.984111 40.4025
0.992178 -0.0246566 0.122368 -570.126 0.040078 0.99132 -0.125211 -23.0264 -0.118219 0.129136 0.984555 43.0997
0.99284 -0.0423367 0.111693 -584.996 0.055042 0.992042 -0.11324 -27.8984 -0.10601 0.118577 0.98727 44.4265
0.991525 -0.051029 0.119476 -598.208 0.0626169 0.993474 -0.0953356 -32.5012 -0.113831 0.102009 0.988249 45.7206
0.991591 -0.0445072 0.12152 -602.561 0.0550503 0.994874 -0.0848279 -33.7952 -0.117122 0.0908043 0.988958 46.2302
0.99105 -0.0461497 0.125258 -609.802 0.055979 0.995526 -0.0761214 -35.888 -0.121184 0.082452 0.9892 47.1384
0.990255 -0.0498024 0.130053 -615.681 0.0601019 0.995256 -0.0765077 -36.183 -0.125626 0.0835786 0.988551 48.0381
0.990331 -0.0539945 0.127787 -621.45 0.0638377 0.995196 -0.0742276 -36.4533 -0.123165 0.0816675 0.98902 48.945
0.990267 -0.0522524 0.129003 -627.267 0.0622663 0.995249 -0.0748519 -36.7492 -0.124478 0.0821559 0.988815 49.8533
0.990662 -0.0491357 0.127178 -633.075 0.0583994 0.995824 -0.0701657 -37.0016 -0.123199 0.0769376 0.989395 50.7707
0.990324 -0.0452006 0.131207 -640.289 0.0543548 0.996268 -0.067046 -37.328 -0.127687 0.073529 0.989085 51.9195
0.990372 -0.0411031 0.132188 -645.996 0.0507265 0.996237 -0.0702763 -37.5424 -0.128802 0.0763051 0.98873 52.8519
0.990073 -0.0371145 0.135565 -653.108 0.0466228 0.996619 -0.0676502 -37.7988 -0.132596 0.0732991 0.988456 54.029
0.990777 -0.0289793 0.132371 -658.759 0.0384711 0.996824 -0.069721 -37.9689 -0.12993 0.0741704 0.988745 54.969
0.990798 -0.0204896 0.133788 -665.826 0.0313063 0.996363 -0.0792532 -38.127 -0.131678 0.0827123 0.987836 56.1317
0.990336 -0.00803762 0.138457 -672.916 0.0200318 0.996141 -0.0854536 -38.2226 -0.137236 0.0874013 0.986675 57.3201
0.990848 0.00534025 0.134878 -678.55 0.00659838 0.996106 -0.0879122 -38.2016 -0.134823 0.0879976 0.986955 58.2739
0.990317 0.0172836 0.137747 -684.18 -0.00535976 0.99624 -0.0864684 -38.0984 -0.138724 0.0848928 0.986686 59.2362
0.989466 0.0342212 0.140663 -691.184 -0.0221113 0.995983 -0.0867699 -37.9171 -0.143067 0.0827456 0.986248 60.4534
0.989682 0.0366231 0.138519 -698.216 -0.0259148 0.99659 -0.0783342 -37.639 -0.140916 0.0739363 0.987257 61.6849
0.989911 0.0342226 0.137494 -703.805 -0.0249918 0.997351 -0.0683105 -37.4193 -0.139468 0.0641851 0.988144 62.6612
0.98932 0.0372998 0.140907 -710.796 -0.028378 0.997494 -0.0648042 -37.1346 -0.142971 0.0601134 0.9879 63.9043
0.988476 0.045115 0.144502 -717.756 -0.035955 0.997212 -0.0653874 -36.8263 -0.147049 0.0594383 0.987342 65.1474
0.988523 0.0466781 0.143681 -723.3 -0.0375238 0.997129 -0.0657774 -36.5607 -0.146339 0.059631 0.987436 66.1502
0.988176 0.0484672 0.145463 -730.215 -0.0386453 0.996826 -0.0696051 -36.2134 -0.148375 0.0631606 0.986912 67.4286
0.987343 0.0487954 0.150907 -737.131 -0.0384686 0.996762 -0.070611 -35.8527 -0.153863 0.0639121 0.986023 68.7102
0.988154 0.0470467 0.14608 -742.619 -0.0368046 0.996722 -0.072042 -35.5856 -0.14899 0.0658121 0.986646 69.7449
0.9885 0.0443815 0.144559 -749.479 -0.0341114 0.996766 -0.0727652 -35.2438 -0.147321 0.0669973 0.986817 71.0113
0.987836 0.0440712 0.149122 -756.319 -0.0332859 0.996698 -0.0740647 -34.8938 -0.151893 0.0682001 0.986041 72.2613
0.987167 0.0459278 0.152945 -763.14 -0.0343324 0.996392 -0.0776116 -34.5677 -0.155958 0.0713647 0.985182 73.5466
0.986913 0.0436744 0.155229 -768.562 -0.0320741 0.996556 -0.0764654 -34.3118 -0.158034 0.0704859 0.984915 74.5893
0.987787 0.041979 0.150048 -775.4 -0.0307778 0.996617 -0.0762092 -33.9939 -0.152739 0.0706603 0.985737 75.888
0.987621 0.0406601 0.151501 -783.583 -0.0294727 0.99672 -0.0753717 -33.6179 -0.154068 0.0699735 0.985579 77.4303
0.987586 0.0404629 0.151776 -789.028 -0.0292188 0.99671 -0.0755966 -33.3984 -0.154335 0.0702235 0.98552 78.4649
0.987373 0.0395397 0.153397 -795.831 -0.02826 0.996781 -0.0750289 -33.123 -0.15587 0.0697465 0.985312 79.7813
0.987423 0.0389382 0.153233 -802.635 -0.0283851 0.99711 -0.0704652 -32.8245 -0.155534 0.0652294 0.985675 81.1025
0.986706 0.0388308 0.157808 -808.082 -0.0279659 0.99712 -0.0704957 -32.6139 -0.160091 0.0651453 0.98495 82.1373
0.986977 0.0390912 0.156041 -814.915 -0.0285581 0.997195 -0.0691831 -32.3187 -0.158308 0.0638258 0.985325 83.4622
0.987149 0.0406392 0.154552 -821.679 -0.0305256 0.997269 -0.0672583 -32.0171 -0.156863 0.0616762 0.985693 84.7643
0.986875 0.0410025 0.156192 -827.143 -0.0310205 0.997349 -0.0658191 -31.7674 -0.158477 0.0601101 0.985531 85.8271
0.986495 0.0425532 0.158166 -833.92 -0.032644 0.997369 -0.0647294 -31.4603 -0.160504 0.0586921 0.985289 87.1481
0.986207 0.043692 0.159648 -840.726 -0.0335971 0.997294 -0.0653945 -31.1258 -0.162073 0.0591288 0.985006 88.4917
0.987008 0.0443366 0.154435 -846.111 -0.0347728 0.997338 -0.0640887 -30.8643 -0.156866 0.0578859 0.985922 89.5548
0.9862 0.0459881 0.159042 -852.904 -0.0353594 0.996988 -0.0690265 -30.5345 -0.161738 0.0624503 0.984856 90.8787
0.987196 0.0440226 0.15332 -859.722 -0.0333047 0.996864 -0.0717867 -30.1993 -0.155999 0.0657613 0.985566 92.2088
0.986314 0.0415369 0.159558 -866.503 -0.0303779 0.99696 -0.0717512 -29.8804 -0.162053 0.0659222 0.984578 93.5352
0.986475 0.0392396 0.159147 -871.953 -0.0282462 0.997093 -0.0707605 -29.6491 -0.161461 0.0653081 0.984716 94.6124
0.986589 0.0351852 0.159389 -878.768 -0.0233601 0.996875 -0.0754659 -29.3806 -0.161546 0.0707305 0.984327 95.9518
0.986578 0.033686 0.159776 -884.209 -0.0216711 0.996845 -0.0763537 -29.1675 -0.161844 0.0718664 0.984196 97.036
0.986878 0.0315005 0.158363 -891.041 -0.0188152 0.996539 -0.0809734 -28.9328 -0.160366 0.0769313 0.984055 98.3778
0.98659 0.0332577 0.159793 -897.811 -0.0207513 0.996634 -0.0793068 -28.6797 -0.161893 0.0749274 0.98396 99.7161
0.985927 0.0287046 0.164691 -904.647 -0.0160937 0.99687 -0.0774029 -28.4142 -0.166398 0.0736632 0.983303 101.079
0.986636 0.0268519 0.160714 -911.467 -0.0147206 0.996984 -0.0762039 -28.1945 -0.162275 0.0728197 0.984055 102.437
0.985896 0.0264962 0.165246 -918.279 -0.014124 0.997038 -0.0756017 -28.0008 -0.16676 0.0722015 0.98335 103.796
0.985423 0.0286493 0.167695 -926.414 -0.0171032 0.997408 -0.0698954 -27.7157 -0.169263 0.0660083 0.983358 105.45
0.985218 0.0316804 0.16835 -931.868 -0.0207649 0.99759 -0.0662076 -27.5303 -0.170042 0.0617331 0.983501 106.566
0.974754 0.0305802 0.221176 -962.689 -0.0264806 0.999419 -0.0214776 -26.5441 -0.221704 0.0150785 0.974997 112.539
0.966771 0.0144358 0.255237 -984.053 -0.0182711 0.999753 0.0126619 -23.4633 -0.254991 -0.0169046 0.966796 115.915
0.961069 -0.005327 0.276257 -1000.65 -0.0130585 0.997821 0.06467 -19.6787 -0.275999 -0.0657599 0.958906 118.802
0.955945 -0.0250165 0.292479 -1015.27 0.00898568 0.998389 0.056026 -12.0945 -0.293409 -0.0509296 0.954629 122.836
0.942858 -0.0343097 0.331425 -1023.08 0.00609357 0.996294 0.0858027 -0.833251 -0.33314 -0.0788802 0.939572 126.158
0.929226 -0.0273914 0.368496 -1025.82 -0.00562524 0.996085 0.0882269 7.47426 -0.36947 -0.0840556 0.925433 127.877
0.92751 -0.020828 0.373219 -1026.39 -0.0149577 0.995579 0.0927319 14.0465 -0.3735 -0.0915922 0.923097 128.989
0.926821 -0.024205 0.374723 -1026.28 -0.0166814 0.994281 0.105484 18.7342 -0.375133 -0.104016 0.921117 129.511
0.928355 -0.029906 0.370489 -1025.59 -0.0108464 0.994154 0.107427 24.7931 -0.371536 -0.103749 0.922603 130.14
0.92671 -0.0244855 0.374979 -1024.52 -0.0153111 0.994586 0.102784 29.8347 -0.375465 -0.100993 0.921318 130.642
0.93034 -0.0297129 0.365491 -1023.21 -0.0106392 0.994105 0.107898 35.1074 -0.366543 -0.10427 0.92454 131.116
0.937918 -0.0234123 0.346066 -1021.87 -0.0142992 0.994261 0.106019 40.9478 -0.346562 -0.104385 0.932201 130.636
0.943907 -0.00770092 0.330121 -1020.46 -0.023224 0.995704 0.089631 45.6913 -0.329393 -0.09227 0.939673 130.02
0.944809 0.0167737 0.327192 -1018.02 -0.0436411 0.996232 0.0749469 51.8159 -0.324702 -0.0850895 0.941981 129.084
0.947917 0.0272151 0.317353 -1015.72 -0.0519146 0.996221 0.0696338 56.745 -0.314258 -0.0824824 0.945747 128.089
0.952655 0.0332119 0.302235 -1013.09 -0.0604373 0.994866 0.0811767 61.6205 -0.297988 -0.0955997 0.949771 126.99
0.95616 0.0168511 0.292358 -1009.53 -0.0519623 0.992264 0.112751 67.9073 -0.288196 -0.122999 0.949639 125.347
0.95786 0.0203624 0.286512 -1006.74 -0.0463696 0.995363 0.0842812 72.897 -0.283467 -0.0940151 0.954362 124.025
0.958536 0.0159845 0.284522 -1003.39 -0.0404103 0.99596 0.0801867 78.5799 -0.282091 -0.0883595 0.95531 122.455
0.959988 0.013795 0.279702 -1000.55 -0.0360747 0.996556 0.0746642 83.1055 -0.277709 -0.0817668 0.957179 121.233
0.963664 0.0117696 0.266856 -997.525 -0.0303008 0.997397 0.0654318 88.5773 -0.265392 -0.0711402 0.961513 119.997
0.964598 0.0138527 0.263361 -994.109 -0.0300258 0.997895 0.0574847 94.4887 -0.26201 -0.0633572 0.962983 118.665
0.965361 0.02909 0.25929 -990.615 -0.0442901 0.997613 0.0529728 99.0875 -0.257131 -0.0626218 0.964346 117.369
0.963545 0.0397789 0.264573 -986.677 -0.0575671 0.996548 0.0598207 103.491 -0.26128 -0.0728706 0.962508 115.85
0.96207 0.0512344 0.267949 -981.934 -0.0692206 0.995908 0.0581093 109.026 -0.263875 -0.0744528 0.961679 113.986
0.966636 0.061525 0.248656 -976.754 -0.0735471 0.996515 0.0393424 114.416 -0.245369 -0.0563177 0.967793 112.358
0.961588 0.0776962 0.263273 -971.537 -0.0886701 0.995608 0.0300413 120.241 -0.259783 -0.0522318 0.964254 110.673
0.963353 0.0856953 0.25418 -966.146 -0.091594 0.995731 0.0114405 126.313 -0.252115 -0.0343026 0.967089 109.05
0.965347 0.103209 0.239694 -961.555 -0.106622 0.994299 0.00128252 130.949 -0.238196 -0.0267949 0.970848 107.729
0.962721 0.117049 0.24386 -956.191 -0.118444 0.99292 -0.00899071 135.972 -0.243186 -0.0202281 0.969769 106.214
0.963376 0.128128 0.235562 -950.787 -0.127148 0.991694 -0.01941 140.844 -0.236093 -0.0112522 0.971665 104.825
0.962051 0.134846 0.237221 -945.616 -0.130087 0.990861 -0.0356767 145.498 -0.239864 0.00346348 0.9708 103.549
0.95993 0.153609 0.23439 -940.354 -0.148052 0.98812 -0.041231 149.913 -0.237939 0.00487681 0.971268 102.316
0.957576 0.171897 0.231298 -936.126 -0.164131 0.985037 -0.0525601 153.177 -0.236872 0.012367 0.971462 101.348
0.954716 0.197763 0.222277 -931.864 -0.187341 0.97999 -0.0672491 156.427 -0.231129 0.022562 0.972661 100.481
0.941807 0.25287 0.221485 -926.84 -0.24055 0.967218 -0.0813955 160.157 -0.234807 0.0233805 0.971761 99.4477
0.926208 0.308514 0.216699 -922.954 -0.295939 0.951042 -0.0891061 162.568 -0.23358 0.0184012 0.972163 98.6657
0.89658 0.387252 0.214897 -918.239 -0.377288 0.92197 -0.0873247 165.01 -0.231945 -0.00278421 0.972725 97.8012
0.861642 0.462471 0.20903 -914.378 -0.454374 0.886432 -0.0882219 166.697 -0.226091 -0.0189622 0.973922 97.1181
0.814554 0.543663 0.20232 -910.682 -0.537006 0.838608 -0.0914388 167.94 -0.219379 -0.0341652 0.975041 96.3404
0.73135 0.650491 0.20491 -907.707 -0.646158 0.75702 -0.0969522 168.929 -0.218188 -0.0614984 0.973967 95.7285
0.661161 0.72249 0.202174 -905.397 -0.721384 0.686233 -0.0932136 169.589 -0.206085 -0.0842161 0.974903 95.2222
0.574834 0.795966 0.189746 -903.232 -0.796644 0.597347 -0.0923843 170.224 -0.186879 -0.0980543 0.977477 94.9575
0.310802 0.932451 0.184221 -905.227 -0.940092 0.330148 -0.0850277 173.874 -0.140104 -0.146758 0.9792 95.9061
0.0597239 0.980105 0.189279 -905.432 -0.993679 0.0764309 -0.0822271 177.178 -0.095058 -0.183172 0.978474 96.3537
-0.159595 0.968239 0.192463 -904.893 -0.986338 -0.148337 -0.0716444 179.956 -0.0408196 -0.201268 0.978685 96.4962
-0.404336 0.891082 0.206119 -903.514 -0.914252 -0.400087 -0.0638195 183.035 0.0255974 -0.21425 0.976443 96.5144
-0.659745 0.719914 0.215548 -897.978 -0.743874 -0.666351 -0.0512719 189.426 0.10672 -0.194167 0.975146 95.9909
-0.673864 0.707019 0.214551 -889.172 -0.726825 -0.686517 -0.0205116 195.584 0.132791 -0.169763 0.976497 94.9765
-0.666868 0.713021 0.216537 -877.45 -0.731887 -0.681346 -0.0104275 201.039 0.140102 -0.165434 0.976219 92.8675
-0.681335 0.700258 0.213123 -862.834 -0.717261 -0.696795 -0.00356248 206.355 0.146009 -0.155292 0.977019 90.0586
-0.688341 0.696185 0.203746 -846.319 -0.711566 -0.702612 -0.00319811 211.644 0.140928 -0.14718 0.979019 86.8877
-0.693863 0.691238 0.201851 -829.114 -0.706883 -0.707288 -0.00780568 217.124 0.137371 -0.148101 0.979385 83.4973
-0.704716 0.681234 0.198231 -821.112 -0.696562 -0.717415 -0.0108533 219.075 0.13482 -0.145729 0.980095 81.9684
-0.707789 0.679875 0.191844 -810.786 -0.694851 -0.718985 -0.0155784 221.872 0.127342 -0.144329 0.981302 80.0725
-0.711693 0.676404 0.189663 -800.12 -0.691893 -0.721645 -0.0226282 224.867 0.121564 -0.147331 0.981588 78.1469
-0.71254 0.674542 0.19308 -788.883 -0.690203 -0.723337 -0.0200752 227.797 0.12612 -0.147569 0.980978 76.1814
-0.719087 0.668243 0.190695 -779.722 -0.68363 -0.729512 -0.0214914 230.331 0.124753 -0.145819 0.981414 74.5995
-0.720195 0.667785 0.1881 -767.759 -0.682206 -0.730963 -0.0169851 233.656 0.126152 -0.140556 0.982003 72.6347
-0.724685 0.662551 0.189363 -755.335 -0.677099 -0.735691 -0.0171658 236.931 0.127939 -0.140657 0.981757 70.5006
-0.725314 0.6618 0.189581 -742.262 -0.67709 -0.735548 -0.022768 240.346 0.124378 -0.144877 0.981601 68.2534
-0.736675 0.650443 0.185025 -728.576 -0.665155 -0.746295 -0.0247603 243.852 0.121978 -0.14131 0.982422 65.9834
-0.736065 0.651457 0.183881 -708.189 -0.666348 -0.745134 -0.0274775 248.825 0.119115 -0.142754 0.982564 62.7808
-0.72809 0.65955 0.186758 -702.282 -0.674592 -0.737788 -0.0243896 250.822 0.121702 -0.143743 0.982103 61.7296
-0.722727 0.665663 0.1859 -699.183 -0.679977 -0.732989 -0.0189 251.868 0.123681 -0.140067 0.982387 61.2567
-0.72614 0.665086 0.174302 -677.431 -0.677982 -0.734786 -0.020739 259.117 0.114281 -0.133233 0.984474 58.0255
-0.736457 0.652966 0.176823 -664.83 -0.666644 -0.744934 -0.0256646 263.304 0.114963 -0.136779 0.983908 56.0766
-0.73301 0.657168 0.175573 -661.766 -0.670794 -0.741177 -0.0263197 264.435 0.112834 -0.137066 0.984115 55.6029
-0.738421 0.6496 0.180981 -649.574 -0.664474 -0.746664 -0.0310973 269.219 0.114931 -0.14322 0.982995 53.7761
-0.731102 0.658674 0.177874 -637.196 -0.673063 -0.738978 -0.0299783 274.092 0.111699 -0.141637 0.983597 51.9646
-0.724807 0.666501 0.174446 -634.366 -0.680412 -0.73224 -0.0294002 275.426 0.108141 -0.140004 0.984228 51.5843
-0.731705 0.660646 0.167796 -622.801 -0.674134 -0.737785 -0.0348803 280.78 0.100754 -0.138639 0.985204 49.9965
-0.734313 0.657832 0.167458 -620.147 -0.670773 -0.741044 -0.0303017 282.376 0.10416 -0.134577 0.985413 49.6938
-0.730651 0.66278 0.163924 -608.979 -0.675184 -0.737065 -0.029354 288.453 0.101368 -0.132127 0.986036 48.2671
-0.730779 0.663622 0.1599 -597.478 -0.67457 -0.73793 -0.0203573 294.692 0.104485 -0.12274 0.986923 46.9315
-0.73046 0.664894 0.156025 -582.305 -0.676131 -0.736252 -0.0279238 302.313 0.0963072 -0.12589 0.987358 44.9689
-0.732703 0.663801 0.150051 -572.873 -0.674848 -0.737163 -0.0342171 306.878 0.0878984 -0.126332 0.988086 43.7371
-0.731722 0.66494 0.149793 -557.134 -0.674856 -0.737613 -0.0222907 314.948 0.0956673 -0.117399 0.988466 42.0114
-0.728005 0.669739 0.146488 -544.156 -0.679497 -0.733272 -0.0244184 321.335 0.0910615 -0.117315 0.988911 40.415
-0.719355 0.678861 0.147228 -527.671 -0.689524 -0.723515 -0.0329113 329.945 0.0841798 -0.125192 0.988555 38.4925
-0.717191 0.681367 0.146204 -513.893 -0.692166 -0.720842 -0.0359601 336.703 0.0808876 -0.126988 0.988601 36.9365
-0.697109 0.702442 0.143575 -510.395 -0.713104 -0.700065 -0.0373026 338.716 0.0743087 -0.128388 0.988936 36.5691
-0.693342 0.706328 0.142752 -496.179 -0.716772 -0.696398 -0.0356065 346.685 0.0742622 -0.127008 0.989118 35.1346
-0.696706 0.704013 0.137719 -477.739 -0.714693 -0.697737 -0.0487635 356.494 0.0617614 -0.132401 0.98927 33.1927
-0.687434 0.712704 0.139598 -463.009 -0.7235 -0.688765 -0.0463718 364.69 0.0631008 -0.132877 0.989122 31.85
-0.691471 0.70941 0.136404 -459.749 -0.719877 -0.692438 -0.0480328 366.826 0.0603761 -0.131407 0.989488 31.5777
-0.684079 0.717287 0.132421 -446.445 -0.72732 -0.684514 -0.0494705 375.263 0.0551593 -0.130154 0.989958 30.4682
-0.682225 0.719475 0.130095 -429.405 -0.728925 -0.683149 -0.0444487 386.38 0.0568945 -0.125154 0.990505 29.2217
-0.666465 0.734578 0.127357 -415.423 -0.743814 -0.666756 -0.0466553 395.525 0.0506439 -0.125824 0.990759 28.1508
-0.671841 0.730215 0.124163 -412.363 -0.739129 -0.67183 -0.0482992 398.197 0.0481476 -0.124222 0.991086 27.9775
-0.678066 0.724908 0.121385 -399.531 -0.733438 -0.678097 -0.0474678 408.541 0.0479011 -0.121215 0.99147 27.2166
-0.680604 0.723743 0.113908 -386.384 -0.731629 -0.679601 -0.0534921 419.056 0.0386978 -0.119746 0.99205 26.5843
-0.686805 0.717614 0.11545 -369.876 -0.725627 -0.686133 -0.0518418 432.237 0.0420114 -0.119378 0.99196 25.7168
-0.686569 0.718194 0.113224 -356.747 -0.725754 -0.686317 -0.047442 443.094 0.043635 -0.114745 0.992436 25.1753
-0.684647 0.720481 0.110294 -339.977 -0.72801 -0.683328 -0.0553506 456.487 0.0354881 -0.118191 0.992357 24.3697
-0.677486 0.726866 0.1126 -319.388 -0.735145 -0.674133 -0.0714599 472.498 0.0239659 -0.131191 0.991067 23.4369
-0.66726 0.736389 0.111782 -301.715 -0.744658 -0.662734 -0.0791724 485.957 0.01578 -0.136068 0.990574 22.8502
-0.66938 0.735815 0.102502 -283.479 -0.742906 -0.663795 -0.086409 499.144 0.0044591 -0.13399 0.990973 22.3978
-0.665826 0.73968 0.0977192 -256.806 -0.746107 -0.660079 -0.087293 517.416 -6.65305e-05 -0.131031 0.991378 21.9199
-0.668381 0.737846 0.0940811 -245.219 -0.743784 -0.661736 -0.0942914 525.257 -0.00731563 -0.132999 0.991089 21.7826
-0.667643 0.742076 0.0597969 -217.921 -0.743822 -0.661516 -0.0955301 543.594 -0.031334 -0.108258 0.993629 22.1033
-0.6728 0.73788 0.0536 -202.145 -0.738878 -0.66651 -0.0991183 554.017 -0.0374126 -0.106291 0.993631 22.6854
-0.66513 0.744763 0.0541275 -181.98 -0.744967 -0.656841 -0.116551 567.013 -0.0512498 -0.117845 0.991709 23.3694
-0.66129 0.748548 0.0486936 -166.067 -0.748621 -0.654453 -0.106103 577.911 -0.0475559 -0.106618 0.993162 24.3227
-0.654173 0.755035 0.0445066 -150.023 -0.754841 -0.648031 -0.101346 589.114 -0.0476782 -0.0998934 0.993855 25.2834
-0.645776 0.762037 0.0476678 -129.569 -0.76095 -0.637217 -0.122103 603.178 -0.0626722 -0.115124 0.991372 26.3893
-0.639711 0.767238 0.0459905 -125.71 -0.765774 -0.631065 -0.123884 606.148 -0.0660255 -0.114468 0.99123 26.7031
-0.654081 0.75545 0.0383863 -113.11 -0.752613 -0.644859 -0.133157 614.846 -0.0758394 -0.115985 0.990351 27.672
-0.60712 0.79461 0.00103179 -96.2164 -0.787954 -0.601865 -0.12995 626.445 -0.102638 -0.0797081 0.99152 28.883
-0.602141 0.796633 0.0529374 -75.0988 -0.78308 -0.576372 -0.233627 640.987 -0.155603 -0.18213 0.970884 30.3
-0.695821 0.716719 0.0463442 -53.9432 -0.697606 -0.659098 -0.280957 655.605 -0.170822 -0.227825 0.958601 31.7491
-0.693681 0.72006 0.0179184 -32.401 -0.699686 -0.66773 -0.254116 670.26 -0.171014 -0.188813 0.967008 33.3242
-0.692827 0.720808 0.0206481 11.5306 -0.703701 -0.669577 -0.237636 699.101 -0.157464 -0.179171 0.971135 36.6311
-0.697094 0.716797 0.0161868 64.9064 -0.704596 -0.680702 -0.20047 733.262 -0.132678 -0.151152 0.979566 40.7165
