1 -0.00027712 -0.00036142 -0.00824249 0.000277152 1 8.90308e-05 -0.0142656 0.000361395 -8.91309e-05 1 -0.0215974
0.999903 -0.0116068 -0.00770509 -1.9494 0.0115921 0.999931 -0.00195905 -0.0144169 0.0077273 0.00186954 0.999968 0.0611163
0.999748 -0.0185982 -0.0125359 -4.96121 0.0185575 0.999822 -0.00335788 -0.0743595 0.0125961 0.00312441 0.999916 0.144469
0.999556 -0.025505 -0.0154301 -7.99541 0.0254568 0.99967 -0.00331354 -0.15187 0.0155095 0.00291927 0.999875 0.209375
0.999362 -0.0304133 -0.0187402 -10.0625 0.0303443 0.999532 -0.00395728 -0.211058 0.0188517 0.0033861 0.999817 0.263504
0.998983 -0.0403775 -0.0200882 -12.364 0.0402751 0.999174 -0.00547461 -0.293522 0.0202926 0.00465999 0.999783 0.316062
0.99857 -0.0487078 -0.0220404 -14.3664 0.0486433 0.99881 -0.00345312 -0.392065 0.0221823 0.00237607 0.999751 0.345529
0.998029 -0.0579493 -0.0240963 -16.492 0.0578315 0.998311 -0.0055609 -0.51902 0.0243779 0.00415641 0.999694 0.405231
0.9972 -0.0707827 -0.0241228 -19.3761 0.070691 0.997487 -0.0046361 -0.71475 0.0243903 0.00291786 0.999698 0.472728
0.99638 -0.0801124 -0.0284376 -22.4591 0.079962 0.996777 -0.00638794 -0.958301 0.0288577 0.00409089 0.999575 0.528105
0.995998 -0.0839439 -0.0306683 -25.0694 0.0837277 0.996454 -0.00826781 -1.1618 0.0312536 0.00566694 0.999495 0.56879
0.995536 -0.0893722 -0.03033 -28.5289 0.0891062 0.995972 -0.0100119 -1.46857 0.0311026 0.00726462 0.99949 0.618637
0.995721 -0.0860393 -0.033723 -32.1351 0.0856266 0.996236 -0.0135 -1.77162 0.0347576 0.0105546 0.99934 0.675684
0.996423 -0.0760701 -0.0368033 -35.9449 0.0755495 0.997024 -0.0153377 -2.06013 0.0378606 0.0125023 0.999205 0.719951
0.997539 -0.0612202 -0.034191 -39.9372 0.0607866 0.998058 -0.0135818 -2.2987 0.0349561 0.0114701 0.999323 0.76982
0.998172 -0.0494897 -0.0347001 -43.2453 0.0491511 0.998736 -0.010546 -2.44736 0.0351781 0.00882113 0.999342 0.81922
0.998788 -0.0330471 -0.0364789 -47.5059 0.0328945 0.999447 -0.00477694 -2.59029 0.0366166 0.0035712 0.999323 0.875409
0.99913 -0.0173039 -0.037951 -51.9651 0.0171682 0.999845 -0.00389928 -2.65903 0.0380125 0.00324433 0.999272 0.934729
0.999134 -0.00949549 -0.040503 -55.6306 0.00954456 0.999954 0.00101833 -2.68331 0.0404915 -0.00140403 0.999179 0.971147
0.999063 -0.0108905 -0.0418939 -60.3633 0.0107912 0.999938 -0.00259589 -2.7071 0.0419196 0.00214137 0.999119 1.01783
0.999129 -0.0135825 -0.0394666 -65.2108 0.0132231 0.999869 -0.0093549 -2.77691 0.0395885 0.00882488 0.999177 1.0582
0.999066 -0.0122214 -0.0414477 -70.1775 0.0118991 0.999897 -0.00801406 -2.8005 0.0415413 0.00751338 0.999109 1.11052
0.999008 -0.0117575 -0.0429464 -74.2766 0.0117005 0.99993 -0.0015771 -2.83822 0.042962 0.00107304 0.999076 1.14995
0.999186 -0.0102496 -0.0390112 -79.4728 0.010292 0.999947 0.000884844 -2.87419 0.0390001 -0.00128563 0.999238 1.21009
0.999222 -0.00953351 -0.0382736 -84.799 0.00957935 0.999954 0.00101446 -2.91209 0.0382621 -0.0013803 0.999267 1.28132
0.998712 -0.00801773 -0.0500908 -90.2426 0.00804544 0.999968 0.000351604 -2.94988 0.0500863 -0.000754154 0.998745 1.33281
0.998871 -0.00381499 -0.047348 -94.6082 0.00384468 0.999992 0.000536089 -2.95405 0.0473456 -0.000717522 0.998878 1.35701
0.999062 0.00187849 -0.0432521 -99.9716 -0.00197351 0.999996 -0.00215436 -2.93473 0.0432479 0.00223769 0.999062 1.40959
0.999031 0.00352815 -0.0438726 -104.147 -0.00367442 0.999988 -0.00325397 -2.89591 0.0438605 0.00341202 0.999032 1.46461
0.998907 -0.00107595 -0.0467242 -110.335 0.000916469 0.999994 -0.00343457 -2.86234 0.0467276 0.003388 0.998902 1.5155
0.998842 -0.0118194 -0.0466292 -113.388 0.0118395 0.99993 0.000154291 -2.89262 0.0466241 -0.000706177 0.998912 1.53821
0.997688 -0.0527555 -0.0428521 -121.508 0.0526888 0.998607 -0.00268696 -3.15424 0.0429342 0.000422916 0.999078 1.59696
0.99552 -0.084051 -0.0432958 -135.678 0.0836507 0.996435 -0.0109797 -4.05101 0.0440643 0.00730877 0.999002 1.68617
0.996728 -0.0701931 -0.0400825 -146.821 0.0695229 0.99742 -0.017877 -4.9476 0.0412339 0.0150319 0.999036 1.72258
0.998864 -0.033576 -0.0338209 -160.399 0.0328644 0.999231 -0.0213827 -6.66738 0.0345128 0.0202469 0.999199 1.75076
0.99974 -0.0150109 -0.0171789 -170.33 0.0146058 0.999618 -0.023467 -8.07328 0.0175246 0.02321 0.999577 1.76019
0.999865 -0.00464859 -0.0157371 -177.843 0.00421365 0.999611 -0.0275591 -8.13168 0.0158591 0.0274891 0.999496 2.01614
0.999881 -0.00214531 -0.0152853 -182.284 0.00169395 0.999564 -0.0294813 -8.1263 0.0153418 0.0294519 0.999448 2.18573
0.999738 -0.000175868 -0.0228757 -185.903 -0.000418928 0.999662 -0.0259938 -8.10145 0.0228726 0.0259966 0.9994 2.30443
0.999881 0.00119075 -0.0153487 -189.454 -0.00160771 0.999629 -0.0271817 -8.08928 0.0153106 0.0272032 0.999513 2.42473
0.999842 0.000619814 -0.0177893 -192.917 -0.00116712 0.999526 -0.030772 -8.07535 0.0177618 0.0307878 0.999368 2.55374
0.999841 -0.00132895 -0.017767 -195.464 0.000756911 0.999482 -0.032165 -8.0774 0.0178006 0.0321464 0.999325 2.6391
0.99968 -0.00339621 -0.0250681 -199.651 0.00259942 0.999492 -0.0317495 -8.07698 0.0251632 0.0316742 0.999181 2.76202
0.999679 -0.00293792 -0.0251745 -202.933 0.00224535 0.999619 -0.0274952 -8.09139 0.0252457 0.0274298 0.999305 2.84808
0.999675 -0.00362725 -0.0252247 -206.194 0.00294782 0.999633 -0.0269203 -8.1027 0.0253131 0.0268372 0.999319 2.93206
0.99969 -0.00482671 -0.0244192 -209.356 0.00418807 0.99965 -0.0261367 -8.09574 0.0245368 0.0260264 0.99936 3.00655
0.999644 -0.00514755 -0.0261983 -211.678 0.00443697 0.999623 -0.0271091 -8.10065 0.0263279 0.0269832 0.999289 3.07186
0.999662 -0.00632748 -0.025233 -214.677 0.0055864 0.999554 -0.0293324 -8.12668 0.0254073 0.0291815 0.999251 3.15187
0.999616 -0.00381092 -0.0274477 -218.324 0.0029155 0.999465 -0.0325892 -8.13947 0.0275572 0.0324967 0.999092 3.25062
0.999588 -0.00117983 -0.0286668 -221.08 0.0002238 0.999444 -0.0333302 -8.12709 0.0286902 0.03331 0.999033 3.31679
0.999478 0.000608931 -0.032312 -223.781 -0.00161962 0.99951 -0.031262 -8.13218 0.0322772 0.031298 0.998989 3.37165
0.999428 0.00442229 -0.0335335 -227.526 -0.00540761 0.999555 -0.0293497 -8.09317 0.0333888 0.0295143 0.999007 3.44358
0.999444 0.00636736 -0.032721 -230.383 -0.0072244 0.999632 -0.0261412 -8.08695 0.0325425 0.0263631 0.999123 3.50452
0.999445 0.00711089 -0.0325394 -233.46 -0.00791485 0.999665 -0.0246454 -8.04565 0.0323532 0.0248893 0.999167 3.56531
0.999426 0.00627151 -0.0332788 -236.102 -0.00706663 0.999691 -0.0238292 -8.0131 0.0331191 0.0240507 0.999162 3.61905
0.999424 0.00716249 -0.0331796 -239.021 -0.00792174 0.999708 -0.0228081 -8.00132 0.0330066 0.0230578 0.999189 3.67143
0.999521 0.0076 -0.0300131 -241.286 -0.00828223 0.999709 -0.0226724 -7.97107 0.0298321 0.0229101 0.999292 3.70518
0.999654 0.0114067 -0.0237123 -241.862 -0.011982 0.999634 -0.0242618 -7.99487 0.0234269 0.0245375 0.999424 3.72938
0.999627 0.0100967 -0.0253854 -243.295 -0.0106699 0.999689 -0.0225442 -7.95677 0.0251499 0.0228067 0.999424 3.74699
0.999738 0.0105057 -0.020343 -244.678 -0.0109679 0.999681 -0.0227446 -7.95031 0.0200976 0.0229617 0.999534 3.77385
0.999716 0.0116124 -0.0208145 -246.795 -0.0120607 0.999695 -0.0215456 -7.92684 0.0205579 0.0217906 0.999551 3.79481
0.999687 0.0112986 -0.0223121 -249.691 -0.0118063 0.999671 -0.0227547 -7.90126 0.0220477 0.023011 0.999492 3.82113
0.999619 0.00840507 -0.0262746 -254.367 -0.0090882 0.999621 -0.0259892 -7.88771 0.0260462 0.0262181 0.999317 3.85043
0.999655 0.000981226 -0.0262331 -256.781 -0.00207651 0.999126 -0.0417574 -7.85124 0.0261692 0.0417975 0.998783 3.85422
0.99963 -0.00416556 -0.0268687 -259.743 0.00300935 0.999074 -0.0429296 -7.80532 0.0270226 0.0428329 0.998717 3.86539
0.999779 -0.00798429 -0.0194707 -264.202 0.00721618 0.999205 -0.0392053 -7.80901 0.0197683 0.0390561 0.999041 3.89221
0.999712 -0.0120031 -0.0207843 -266.375 0.011284 0.999345 -0.0343766 -7.80991 0.0211833 0.0341321 0.999193 3.9139
0.999578 -0.0155678 -0.0245182 -270.82 0.0146177 0.999153 -0.0384615 -7.84019 0.0250962 0.0380869 0.998959 3.93717
0.999496 -0.0157534 -0.0275476 -273.928 0.0144997 0.998876 -0.0451328 -7.85584 0.0282276 0.0447107 0.998601 3.96879
0.999399 -0.0158797 -0.0308229 -276.39 0.0143751 0.998723 -0.048437 -7.87131 0.0315527 0.0479648 0.998351 3.96201
0.999237 -0.0170132 -0.0351514 -279.805 0.0152503 0.998642 -0.0498232 -7.88111 0.0359513 0.0492492 0.998139 3.95004
0.999078 -0.0172513 -0.0393113 -282.442 0.0151847 0.998517 -0.0522755 -7.87737 0.0401548 0.0516303 0.997859 3.92841
0.999336 -0.0132803 -0.0339179 -286.04 0.0114823 0.998546 -0.052666 -7.91931 0.0345681 0.0522416 0.998036 3.90774
0.999334 -0.0141325 -0.0336567 -288.889 0.0123336 0.998515 -0.0530676 -7.88553 0.0343567 0.0526171 0.998024 3.91327
0.999425 -0.0128726 -0.0313832 -292.755 0.0111463 0.998448 -0.0545742 -7.86199 0.032037 0.054193 0.998016 3.90318
0.999417 -0.012022 -0.031944 -295.753 0.0103919 0.998659 -0.0507126 -7.8413 0.0325108 0.0503511 0.998202 3.88719
0.999486 -0.0118212 -0.0297913 -298.8 0.0103808 0.998791 -0.0480505 -7.8157 0.0303233 0.0477165 0.998401 3.86933
0.999359 -0.0121679 -0.0336618 -301.926 0.0105935 0.998859 -0.0465583 -7.81225 0.03419 0.0461719 0.998348 3.86145
0.999431 -0.0122375 -0.0314185 -306.148 0.0109708 0.999132 -0.0401792 -7.79534 0.031883 0.0398116 0.998698 3.85111
0.99936 -0.0138448 -0.032972 -311.615 0.0125743 0.999182 -0.0384323 -7.75868 0.0334772 0.0379931 0.998717 3.82448
0.99944 -0.0136728 -0.0305376 -314.917 0.012625 0.999334 -0.0342445 -7.73729 0.0309855 0.0338398 0.998947 3.81136
0.999454 -0.0145258 -0.0296863 -320.557 0.0134819 0.999294 -0.035068 -7.73696 0.0301747 0.0346487 0.998944 3.80617
0.999429 -0.0142544 -0.0306415 -322.841 0.0132288 0.999354 -0.0334161 -7.72822 0.0310981 0.0329917 0.998972 3.7987
0.999116 -0.013952 -0.0396509 -327.458 0.0127408 0.999449 -0.0306373 -7.72725 0.0400565 0.030105 0.998744 3.7632
0.99934 -0.0143015 -0.0333834 -330.954 0.0131161 0.999285 -0.0354618 -7.72913 0.0338667 0.0350005 0.998813 3.75551
0.999275 -0.0148627 -0.0350372 -333.318 0.0136041 0.999263 -0.0358882 -7.72418 0.0355447 0.0353856 0.998741 3.72483
0.999228 -0.0148553 -0.0363728 -335.707 0.01356 0.999274 -0.0356016 -7.71963 0.0368753 0.0350809 0.998704 3.70856
0.999253 -0.0139387 -0.0360542 -338.097 0.0126798 0.99931 -0.0349134 -7.72583 0.036516 0.0344302 0.99874 3.69638
0.999158 -0.0138088 -0.0386303 -342.915 0.0125032 0.999349 -0.0338365 -7.70243 0.0390724 0.033325 0.998681 3.66361
0.999096 -0.0141345 -0.0400904 -349.006 0.0127424 0.999314 -0.0347718 -7.67755 0.0405543 0.0342296 0.998591 3.59427
0.999039 -0.0144144 -0.0413835 -352.73 0.0129886 0.99932 -0.0345166 -7.66599 0.0418528 0.0339459 0.998547 3.55352
0.998936 -0.0144524 -0.0438016 -358.981 0.012891 0.999279 -0.0357236 -7.6562 0.0442863 0.0351209 0.998401 3.44944
0.999038 -0.0171962 -0.0403335 -365.366 0.0153143 0.9988 -0.0465101 -7.6617 0.0410849 0.0458477 0.998103 3.38273
0.999009 -0.0190385 -0.0402312 -370.503 0.0170446 0.998637 -0.0493353 -7.69443 0.0411156 0.0486007 0.997972 3.31971
0.999091 -0.0209296 -0.0371429 -375.742 0.0192335 0.998782 -0.0454465 -7.7124 0.0380488 0.0446908 0.998276 3.25063
0.999013 -0.0201423 -0.0395857 -382.386 0.0183228 0.998783 -0.0457998 -7.7161 0.04046 0.0450292 0.998166 3.21138
0.999009 -0.0204524 -0.0395358 -387.744 0.0188044 0.998957 -0.0416172 -7.72315 0.0403457 0.0408325 0.998351 3.13007
0.998973 -0.0205282 -0.0403995 -390.426 0.0188166 0.998928 -0.0423022 -7.74852 0.0412246 0.0414986 0.998288 3.11087
0.998867 -0.0188363 -0.043706 -395.834 0.0171109 0.999072 -0.0395215 -7.75103 0.0444099 0.0387289 0.998262 3.03267
0.999003 -0.0191096 -0.0403359 -402.62 0.0174782 0.99903 -0.0404191 -7.7512 0.0410692 0.0396739 0.998368 2.96188
0.999006 -0.0202529 -0.039702 -409.457 0.018704 0.999064 -0.0390047 -7.75488 0.0404548 0.0382234 0.99845 2.88455
0.998931 -0.0232316 -0.0399554 -416.341 0.0215922 0.998926 -0.0409841 -7.7878 0.0408646 0.0400776 0.998361 2.81407
0.998931 -0.0251944 -0.0387575 -423.301 0.0233346 0.998589 -0.047712 -7.86844 0.0399049 0.0467566 0.998109 2.72996
0.998711 -0.0254649 -0.0439107 -430.325 0.0233137 0.998535 -0.0488269 -7.93339 0.0450898 0.0477402 0.997842 2.66662
0.998951 -0.0268953 -0.0370521 -435.986 0.0249556 0.998343 -0.0518552 -8.01328 0.0383854 0.0508761 0.997967 2.59069
0.998725 -0.0290992 -0.0412422 -443.127 0.0268895 0.998224 -0.053156 -8.08006 0.0427158 0.0519792 0.997734 2.52373
0.998801 -0.0298343 -0.0388246 -448.816 0.0276235 0.998033 -0.0562849 -8.16678 0.0404274 0.055145 0.99766 2.4713
0.998647 -0.0275975 -0.0440709 -455.993 0.0250069 0.997986 -0.05829 -8.25919 0.0455908 0.057109 0.997326 2.37697
0.998892 -0.0222072 -0.0414902 -464.705 0.0200835 0.998501 -0.0509201 -8.32199 0.0425588 0.0500304 0.997841 2.26084
0.998951 -0.0200451 -0.0411643 -477.843 0.0180393 0.998659 -0.0485329 -8.28317 0.0420819 0.0477395 0.997973 2.15274
0.999367 -0.0322965 -0.0149426 -518.773 0.0309784 0.996206 -0.0813232 -11.8597 0.0175124 0.0808088 0.996576 0.400402
0.999322 -0.0362266 -0.00651912 -541.234 0.0350594 0.990735 -0.131204 -15.0549 0.0112118 0.130886 0.991334 0.0347047
0.999212 -0.0392908 0.00570901 -571.812 0.0396885 0.992392 -0.11655 -22.9557 -0.00108625 0.116684 0.993168 -0.7864
0.998434 -0.0556546 -0.00566874 -586.736 0.0547598 0.993021 -0.104452 -27.8256 0.0114424 0.103978 0.994514 -1.17485
0.998052 -0.062368 0.00150742 -600.011 0.0622647 0.994311 -0.0864172 -32.4255 0.00389082 0.0863427 0.996258 -1.40889
0.998504 -0.054597 0.00302046 -604.394 0.0546688 0.995625 -0.0757831 -33.7178 0.00113029 0.0758348 0.99712 -1.40719
0.998452 -0.0552628 0.0062799 -611.693 0.0555597 0.996208 -0.0669499 -35.8072 -0.00255625 0.0671952 0.997737 -1.34775
0.998198 -0.0590527 0.0107005 -617.637 0.0596406 0.995954 -0.067216 -36.0984 -0.0066879 0.067733 0.997681 -1.15352
0.997981 -0.0630122 0.00798689 -623.474 0.0633983 0.995882 -0.06481 -36.3643 -0.00387018 0.0651855 0.997866 -0.941786
0.998076 -0.0613675 0.0088178 -629.357 0.0618137 0.995949 -0.0653118 -36.6559 -0.00477406 0.0657312 0.997826 -0.736384
0.998314 -0.0576676 0.00654742 -635.234 0.0579587 0.996484 -0.0604976 -36.9039 -0.00303565 0.0607751 0.998147 -0.523713
0.998523 -0.0533707 0.0102055 -642.534 0.0538694 0.996905 -0.0572534 -37.2247 -0.00711824 0.0577186 0.998308 -0.252813
0.998707 -0.0496626 0.0108496 -648.312 0.0502291 0.996912 -0.0603614 -37.4344 -0.0078184 0.0608283 0.998118 -0.017806
0.998874 -0.0453583 0.0138764 -655.514 0.046086 0.997275 -0.0576103 -37.6847 -0.0112254 0.058185 0.998243 0.287407
0.999247 -0.037411 0.0103182 -661.238 0.0379607 0.997503 -0.0595552 -37.8499 -0.00806441 0.059902 0.998172 0.532101
0.999482 -0.0300542 0.0114919 -668.394 0.0307769 0.997144 -0.0689693 -38.0019 -0.00938621 0.0692873 0.997553 0.822443
0.999706 -0.0182966 0.0159355 -675.576 0.0194433 0.99699 -0.0750518 -38.0912 -0.0145143 0.0753396 0.997052 1.13239
0.999915 -0.00511843 0.0120282 -681.285 0.0060343 0.996983 -0.0773848 -38.0651 -0.0115958 0.0774508 0.996929 1.38509
0.999868 0.00709348 0.0145973 -686.991 -0.00596701 0.997104 -0.0758159 -37.9566 -0.0150928 0.0757188 0.997015 1.64408
0.99956 0.0241439 0.0172437 -694.091 -0.0227674 0.996848 -0.0759943 -37.7685 -0.0190241 0.0755683 0.996959 1.98338
0.999511 0.0276007 0.0147047 -701.222 -0.0265497 0.997371 -0.0674253 -37.4834 -0.016527 0.067002 0.997616 2.33015
0.999563 0.0264154 0.0132995 -706.888 -0.0256129 0.99803 -0.0572689 -37.2582 -0.014786 0.0569032 0.99827 2.60167
0.999416 0.0299617 0.0164458 -713.979 -0.0290408 0.998138 -0.0536381 -36.9662 -0.0180223 0.0531292 0.998425 2.96097
0.999089 0.0377863 0.0198209 -721.04 -0.0366666 0.997862 -0.0541005 -36.6507 -0.0218227 0.0533245 0.998339 3.3217
0.999052 0.0392997 0.0187416 -726.667 -0.0382301 0.997789 -0.0543668 -36.3791 -0.0208367 0.0535988 0.998345 3.61982
0.998968 0.0406184 0.0203309 -733.687 -0.0393782 0.997535 -0.0580758 -36.024 -0.0226398 0.0572153 0.998105 4.01724
0.998838 0.0408364 0.0256102 -740.709 -0.0392694 0.997487 -0.0589643 -35.6553 -0.0279537 0.0578901 0.997932 4.41573
0.999034 0.0388495 0.020518 -746.283 -0.037551 0.997475 -0.060271 -35.3816 -0.0228077 0.0594423 0.997971 4.74836
0.999174 0.0360435 0.0187726 -753.248 -0.0348408 0.997537 -0.0608724 -35.0319 -0.0209204 0.060168 0.997969 5.13579
0.999098 0.0355715 0.0231914 -760.191 -0.0340738 0.997491 -0.0620555 -34.6742 -0.0253406 0.0612093 0.997803 5.50774
0.998953 0.0370005 0.0268955 -767.119 -0.0351736 0.997233 -0.0654883 -34.3398 -0.0292442 0.0644737 0.997491 5.91604
0.998971 0.0348649 0.0290078 -772.63 -0.0329449 0.997392 -0.064223 -34.077 -0.0311713 0.0632013 0.997514 6.26018
0.999172 0.03315 0.0235853 -779.578 -0.0315862 0.99746 -0.0638427 -33.7505 -0.0256417 0.0630449 0.997681 6.67694
0.999181 0.0319189 0.024879 -787.89 -0.0303013 0.997561 -0.0628866 -33.3645 -0.0268256 0.0620813 0.997711 7.16244
0.999185 0.0316818 0.0249983 -793.422 -0.0300543 0.997561 -0.0629933 -33.1381 -0.0269331 0.0621907 0.997701 7.49323
0.999174 0.0308177 0.0264814 -800.337 -0.0291188 0.997632 -0.062308 -32.8537 -0.0283389 0.0614855 0.997706 7.92888
0.999184 0.0307893 0.0261312 -807.254 -0.0292431 0.99791 -0.0576222 -32.5462 -0.0278508 0.0568111 0.997996 8.36772
0.99906 0.030686 0.030625 -812.788 -0.0288873 0.997925 -0.0575391 -32.3285 -0.0323271 0.0566003 0.997873 8.69593
0.999104 0.0311061 0.0286966 -819.734 -0.0294599 0.99799 -0.0561063 -32.0242 -0.0303842 0.0552107 0.998012 9.13283
0.999092 0.0329107 0.0270527 -826.609 -0.0314123 0.998043 -0.0540617 -31.7133 -0.028779 0.0531629 0.998171 9.55498
0.999031 0.0334658 0.0285869 -832.164 -0.0319326 0.99811 -0.052506 -31.4561 -0.03029 0.0515423 0.998211 9.90591
0.998916 0.0351803 0.0304698 -839.054 -0.0335874 0.998118 -0.0513009 -31.1396 -0.0322172 0.0502219 0.998218 10.3433
0.998834 0.0362489 0.0318761 -845.976 -0.0345659 0.998056 -0.0518518 -30.7954 -0.0336937 0.0506896 0.998146 10.7984
0.998962 0.0370427 0.0264968 -851.453 -0.0356729 0.998091 -0.0504243 -30.5266 -0.0283141 0.0494268 0.998376 11.1577
0.99879 0.0380896 0.0311143 -858.36 -0.036331 0.997811 -0.0552551 -30.1874 -0.0331508 0.0540578 0.997987 11.5936
0.999043 0.0357105 0.0252672 -865.292 -0.0341995 0.997737 -0.0578975 -29.8424 -0.0272775 0.056978 0.998003 12.0314
0.998951 0.0332209 0.0315084 -872.187 -0.0313623 0.997838 -0.057753 -29.5139 -0.0333589 0.0567043 0.997834 12.4703
0.999037 0.0310182 0.0310159 -877.73 -0.0292263 0.997966 -0.0566465 -29.2746 -0.0327099 0.0556855 0.997912 12.8338
0.999166 0.0262965 0.0312427 -884.661 -0.0243462 0.997826 -0.0612425 -28.9959 -0.0327853 0.0604307 0.997634 13.2807
0.999197 0.0246602 0.0315866 -890.196 -0.0226656 0.997818 -0.0620175 -28.7745 -0.033047 0.0612518 0.997575 13.6519
0.999307 0.021837 0.0301508 -897.144 -0.0197922 0.997588 -0.0665269 -28.5298 -0.0315309 0.065884 0.997329 14.0986
0.999218 0.0238351 0.0315377 -904.03 -0.0217545 0.997665 -0.0647464 -28.2666 -0.0330072 0.0640097 0.997403 14.5492
0.999146 0.0194803 0.0364408 -910.984 -0.0171677 0.997883 -0.0627321 -27.991 -0.0375857 0.0620529 0.997365 15.0149
0.999318 0.0177507 0.0323663 -917.922 -0.0157379 0.997988 -0.0614145 -27.7604 -0.0333914 0.0608633 0.997587 15.4791
0.999165 0.0174755 0.0369227 -924.853 -0.0152126 0.99804 -0.0607033 -27.5566 -0.0379111 0.060091 0.997473 15.9444
0.999018 0.020409 0.03933 -933.133 -0.0182343 0.998326 -0.0548812 -27.2584 -0.0403842 0.0541102 0.997718 16.5305
0.998915 0.0239658 0.0399431 -938.685 -0.0219124 0.998454 -0.051078 -27.064 -0.0411055 0.0501473 0.997896 16.9297
0.995205 0.0288988 0.0934474 -970.019 -0.0284347 0.999576 -0.00629378 -26.0322 -0.0935896 0.00360645 0.995604 18.8587
0.991588 0.0170182 0.128313 -991.638 -0.0207594 0.999396 0.0278759 -22.9314 -0.127761 -0.0303051 0.991342 19.4015
0.988645 0.00372484 0.150226 -1008.47 -0.0158951 0.996677 0.079894 -19.1269 -0.149429 -0.0813746 0.985418 20.0623
0.985816 -0.0177159 0.166893 -1023.49 0.0058523 0.997437 0.0713105 -11.503 -0.167728 -0.0693223 0.983393 22.0579
0.977955 -0.0233299 0.207509 -1031.65 0.00230262 0.994884 0.101001 -0.203138 -0.208803 -0.0982969 0.973005 24.1685
0.969107 -0.015806 0.246134 -1034.58 -0.0100265 0.994595 0.103348 8.12612 -0.246438 -0.102623 0.96371 25.389
0.96791 -0.00833024 0.25116 -1035.29 -0.0194456 0.993971 0.107906 14.7142 -0.250545 -0.109327 0.961912 26.3141
0.967426 -0.0100833 0.252952 -1035.25 -0.0212172 0.992461 0.120708 19.4097 -0.252263 -0.122143 0.959919 26.7709
0.968477 -0.0157761 0.248602 -1034.64 -0.0153435 0.99232 0.122745 25.4789 -0.248629 -0.12269 0.960797 27.3863
0.96734 -0.0107604 0.253255 -1033.64 -0.0198926 0.992795 0.118164 30.5295 -0.252702 -0.119343 0.960156 27.9412
0.969784 -0.0155271 0.243472 -1032.4 -0.0150906 0.992244 0.123387 35.8112 -0.2435 -0.123333 0.962028 28.4954
0.974715 -0.0092688 0.223258 -1031.01 -0.0184317 0.992399 0.121671 41.6452 -0.222689 -0.122709 0.967136 28.0962
0.978432 0.00474918 0.206513 -1029.53 -0.0270817 0.994056 0.10545 46.3803 -0.204784 -0.108768 0.972745 27.5897
0.978705 0.028093 0.203339 -1026.99 -0.0474317 0.994733 0.0908663 52.4927 -0.199715 -0.098576 0.974883 26.8754
0.980433 0.038109 0.193129 -1024.57 -0.0555408 0.994775 0.0856639 57.4086 -0.188855 -0.0947143 0.977427 26.1035
0.983029 0.0457385 0.177659 -1021.81 -0.0637985 0.993207 0.0973095 62.2697 -0.172002 -0.106992 0.979269 25.2726
0.985245 0.0330303 0.16793 -1018.08 -0.0551676 0.990119 0.128921 68.5343 -0.162012 -0.136283 0.977333 23.9961
0.986321 0.0327851 0.161542 -1015.13 -0.0495041 0.993696 0.100583 73.506 -0.157226 -0.107205 0.981727 22.961
0.986813 0.0277138 0.159476 -1011.61 -0.0435309 0.994375 0.0965596 79.1675 -0.155903 -0.102228 0.982468 21.7395
0.987687 0.0246929 0.154483 -1008.63 -0.0391291 0.995071 0.0911176 83.6767 -0.151471 -0.0960405 0.983785 20.8174
0.98975 0.0213172 0.141212 -1005.47 -0.0331519 0.996081 0.0819933 89.1321 -0.138911 -0.0858343 0.986578 19.8886
0.990238 0.0223817 0.137582 -1001.91 -0.0328261 0.996709 0.0741208 95.0259 -0.13547 -0.0779134 0.987713 18.9068
0.990357 0.0373961 0.133396 -998.274 -0.0470121 0.996461 0.0696795 99.6081 -0.130318 -0.0752788 0.98861 17.993
0.989078 0.0493091 0.138903 -994.172 -0.0603676 0.995236 0.0765575 103.992 -0.134466 -0.0841065 0.987342 16.9172
0.987938 0.0608703 0.142383 -989.226 -0.0720731 0.994584 0.0748908 109.503 -0.137053 -0.0842494 0.986974 15.5827
0.990087 0.0687477 0.122483 -983.877 -0.0760832 0.995514 0.0562506 114.872 -0.118066 -0.0650119 0.990875 14.5413
0.986918 0.0842591 0.137456 -978.484 -0.0914651 0.9947 0.0469677 120.677 -0.13277 -0.0589256 0.989394 13.4397
0.98768 0.0898918 0.128092 -972.926 -0.0942612 0.995141 0.0284551 126.73 -0.124912 -0.0401787 0.991354 12.4176
0.987862 0.106296 0.113266 -968.201 -0.109051 0.993866 0.0183912 131.35 -0.110616 -0.0305197 0.993394 11.6165
0.985889 0.11918 0.117558 -962.685 -0.120967 0.992623 0.00816104 136.355 -0.115718 -0.0222665 0.993032 10.715
0.985622 0.129016 0.109108 -957.144 -0.129553 0.99157 -0.0021847 141.212 -0.10847 -0.0119819 0.994027 9.94595
0.984786 0.133792 0.110885 -951.85 -0.132565 0.991003 -0.0184072 145.853 -0.11235 0.00342773 0.993663 9.26217
0.982424 0.152219 0.108044 -946.471 -0.150504 0.98832 -0.0239028 150.254 -0.11042 0.00722166 0.993859 8.63662
0.979941 0.169396 0.104977 -942.153 -0.166572 0.985402 -0.0351771 153.508 -0.109403 0.0169853 0.993852 8.16052
0.976354 0.193742 0.0959 -937.813 -0.189689 0.98058 -0.0498029 156.75 -0.103687 0.0304342 0.994144 7.79024
0.963992 0.248285 0.0952547 -932.696 -0.242983 0.967923 -0.063908 160.47 -0.108067 0.0384616 0.993399 7.34269
0.948332 0.304103 0.0904848 -928.741 -0.298375 0.951762 -0.0715619 162.873 -0.107882 0.0408661 0.993323 7.02199
0.918694 0.38489 0.0886602 -923.953 -0.37974 0.922462 -0.0697165 165.308 -0.108619 0.0303803 0.993619 6.72465
0.883252 0.461544 0.0827234 -920.036 -0.456779 0.886779 -0.0705449 166.99 -0.105917 0.0245226 0.994073 6.51114
0.835647 0.54399 0.0759595 -916.27 -0.539369 0.838839 -0.0736951 168.226 -0.103807 0.0206129 0.994384 6.19036
0.752915 0.653395 0.0786996 -913.24 -0.648638 0.756969 -0.0791635 169.209 -0.111298 0.00855587 0.99375 5.94628
0.681713 0.727672 0.0759058 -910.884 -0.723768 0.685916 -0.075355 169.863 -0.106899 -0.0035677 0.994264 5.72767
0.593598 0.802269 0.0632891 -908.703 -0.798833 0.596929 -0.0744431 170.498 -0.0975024 -0.00636815 0.995215 5.73029
0.32568 0.943722 0.0576308 -910.8 -0.9419 0.329143 -0.0670065 174.161 -0.0822042 -0.0324598 0.996087 6.35034
0.0708755 0.995508 0.0627792 -911.059 -0.995126 0.0748937 -0.0641487 177.472 -0.0685623 -0.0579266 0.995964 6.70814
-0.153571 0.985934 0.0659527 -910.542 -0.987209 -0.150191 -0.0534957 180.253 -0.0428378 -0.0733245 0.996388 6.86764
-0.404751 0.910936 0.0798257 -909.175 -0.914378 -0.402283 -0.0456241 183.335 -0.00944815 -0.0914573 0.995764 7.00559
-0.668337 0.738468 0.0893898 -903.614 -0.743018 -0.668457 -0.0330188 189.725 0.0353699 -0.0884858 0.995449 7.07564
-0.685655 0.722553 0.088287 -894.748 -0.725517 -0.688201 -0.00217209 195.88 0.0591898 -0.065543 0.996093 7.07946
-0.679647 0.727954 0.0903466 -882.85 -0.730426 -0.682945 0.0079797 201.317 0.0675107 -0.0605681 0.995878 6.38187
-0.694738 0.713992 0.0869173 -867.993 -0.715716 -0.698232 0.0149251 206.607 0.0713448 -0.051839 0.996104 5.36049
-0.701033 0.708914 0.0774235 -851.206 -0.710123 -0.703909 0.0153841 211.868 0.0654051 -0.0441955 0.99688 4.22132
-0.70605 0.704119 0.0755643 -833.706 -0.705513 -0.708614 0.0108582 217.317 0.0611914 -0.0456452 0.997082 2.94738
-0.716481 0.693885 0.0719554 -825.574 -0.695258 -0.718717 0.00789599 219.254 0.0571945 -0.0443702 0.997377 2.41294
-0.718574 0.692356 0.0655418 -815.089 -0.693689 -0.720267 0.00326178 222.034 0.0494659 -0.0431218 0.997844 1.79341
-0.721706 0.689289 0.0634201 -804.263 -0.690845 -0.722994 -0.00370455 225.013 0.0432988 -0.046487 0.99798 1.18278
-0.72312 0.687467 0.0669749 -792.866 -0.689066 -0.724697 -0.00107485 227.927 0.0477976 -0.0469274 0.997754 0.605363
-0.729434 0.68099 0.0646433 -783.578 -0.682529 -0.730854 -0.002404 230.449 0.0456078 -0.0458745 0.997906 0.150999
-0.730705 0.679864 0.0620923 -771.46 -0.681077 -0.732209 0.0021922 233.758 0.0469549 -0.0406878 0.998068 -0.343714
-0.735377 0.674678 0.0634754 -758.864 -0.675942 -0.736952 0.00209501 237.017 0.0481918 -0.0413651 0.997981 -0.948482
-0.735545 0.674463 0.0638141 -745.611 -0.675998 -0.736895 -0.00342169 240.414 0.0447165 -0.045655 0.997956 -1.58751
-0.746502 0.662736 0.0592997 -731.745 -0.664131 -0.747597 -0.00531849 243.903 0.0408075 -0.043353 0.998226 -2.17487
-0.745531 0.66392 0.0582624 -711.114 -0.665375 -0.746467 -0.00794471 248.853 0.0382163 -0.0446893 0.99827 -2.87048
-0.737945 0.672072 0.0612954 -705.121 -0.673547 -0.739129 -0.00477009 250.841 0.0420994 -0.0448054 0.998108 -3.20593
-0.732872 0.677669 0.0605301 -701.987 -0.678878 -0.734251 0.000813194 251.883 0.0449954 -0.0404966 0.998166 -3.30457
-0.735067 0.676229 0.0488872 -679.997 -0.677071 -0.735917 -0.000914937 259.112 0.0353582 -0.0337726 0.998804 -3.90998
-0.745378 0.664643 0.0515859 -667.249 -0.66574 -0.746162 -0.00575154 263.285 0.0346687 -0.0386299 0.998652 -4.33903
-0.741688 0.668845 0.0504499 -664.15 -0.669921 -0.742406 -0.00631064 264.413 0.0332335 -0.038478 0.998707 -4.44592
-0.747312 0.662102 0.0560863 -651.823 -0.663568 -0.748035 -0.0110032 269.184 0.0346692 -0.0454399 0.998365 -4.82131
-0.739645 0.670903 0.0530632 -639.313 -0.672202 -0.740303 -0.0097826 274.046 0.0327197 -0.0429048 0.998543 -5.1621
-0.732952 0.678461 0.0497188 -636.457 -0.679605 -0.733521 -0.0091026 275.378 0.0302941 -0.040461 0.998722 -5.21126
-0.738864 0.672473 0.0431337 -624.782 -0.673491 -0.739054 -0.0144786 280.723 0.0221417 -0.0397478 0.998964 -5.44609
-0.741873 0.669166 0.0429113 -622.11 -0.670064 -0.742239 -0.00980015 282.318 0.0252925 -0.0360238 0.999031 -5.44682
-0.73789 0.673767 0.0394661 -610.848 -0.674521 -0.738204 -0.00874953 288.389 0.0232389 -0.0330769 0.999183 -5.59048
-0.738402 0.673426 0.0355054 -599.268 -0.673841 -0.738876 0.000353043 294.623 0.0264718 -0.0236643 0.999369 -5.60776
-0.737063 0.675078 0.0317421 -583.965 -0.675568 -0.737264 -0.00711269 302.234 0.0186007 -0.0266865 0.999471 -5.81987
-0.738238 0.674044 0.0258606 -574.452 -0.674464 -0.738188 -0.013304 306.793 0.0101225 -0.0272635 0.999577 -5.96159
-0.73823 0.674059 0.0257019 -558.617 -0.674306 -0.738451 -0.00127454 314.86 0.0181205 -0.0182718 0.999669 -5.88336
-0.733969 0.67881 0.0225046 -545.538 -0.679033 -0.734101 -0.00330161 321.241 0.0142794 -0.0177046 0.999741 -5.98781
-0.724534 0.688841 0.0234172 -528.938 -0.689182 -0.724494 -0.0117011 329.845 0.00890539 -0.0246166 0.999657 -6.02949
-0.721979 0.691548 0.022529 -515.071 -0.691888 -0.721856 -0.0146539 336.599 0.00612882 -0.0261673 0.999639 -6.00731
-0.701245 0.71264 0.0200135 -511.553 -0.712916 -0.70107 -0.0158984 338.612 0.00270103 -0.0254166 0.999673 -5.98122
-0.697502 0.716323 0.0193082 -497.266 -0.716575 -0.697367 -0.0141055 346.58 0.00336087 -0.0236744 0.999714 -5.81531
-0.699295 0.714688 0.0144194 -478.723 -0.714772 -0.698829 -0.0271741 356.387 -0.00934427 -0.0293093 0.999527 -5.67261
-0.690263 0.723372 0.01643 -463.936 -0.723529 -0.689853 -0.0246902 364.585 -0.00652589 -0.0289303 0.99956 -5.36226
-0.693933 0.719916 0.0133402 -460.667 -0.719975 -0.693503 -0.0262589 366.722 -0.00965278 -0.0278265 0.999566 -5.27651
-0.685958 0.727579 0.00945171 -447.324 -0.727513 -0.685538 -0.0276061 375.163 -0.0136061 -0.0258129 0.999574 -4.92114
-0.684334 0.729133 0.00719599 -430.256 -0.729078 -0.684061 -0.022493 386.289 -0.0114779 -0.0206391 0.999721 -4.30262
-0.667933 0.744207 0.00455975 -416.245 -0.744064 -0.667654 -0.0246166 395.441 -0.0152755 -0.019835 0.999687 -3.84569
-0.672961 0.739677 0.00146206 -413.185 -0.73945 -0.672703 -0.026178 398.116 -0.0183797 -0.0186979 0.999656 -3.70044
-0.679109 0.734037 -0.00123351 -400.354 -0.733782 -0.678915 -0.0252661 408.47 -0.0193837 -0.0162533 0.99968 -3.10843
-0.6805 0.732697 -0.00862414 -387.224 -0.732184 -0.680391 -0.0312186 419 -0.0287416 -0.0149298 0.999475 -2.35611
-0.687061 0.726566 -0.00698586 -370.729 -0.726126 -0.686928 -0.0294973 432.197 -0.0262305 -0.0151938 0.99954 -1.48687
-0.687028 0.726573 -0.00915953 -357.628 -0.726218 -0.687008 -0.0250277 443.07 -0.0244771 -0.0105429 0.999645 -0.65839
-0.684127 0.729265 -0.0119756 -340.88 -0.728653 -0.684093 -0.0328829 456.481 -0.0321728 -0.0137701 0.999387 0.29484
-0.675615 0.737193 -0.0094589 -320.326 -0.736029 -0.675177 -0.0489581 472.516 -0.042478 -0.0261148 0.998756 1.52791
-0.664472 0.747244 -0.0101448 -302.708 -0.745701 -0.663869 -0.0566339 486 -0.0490542 -0.0300666 0.998343 2.80296
-0.665196 0.746418 -0.0193455 -284.549 -0.744212 -0.664885 -0.0638395 499.217 -0.0605135 -0.0280686 0.997773 4.28444
-0.66112 0.749893 -0.0240914 -258.01 -0.747508 -0.661095 -0.0646907 517.537 -0.0644378 -0.0247598 0.997615 6.65424
-0.662773 0.748311 -0.0276235 -246.491 -0.745356 -0.662802 -0.0716708 525.4 -0.0719409 -0.0269121 0.997046 7.75471
-0.659113 0.74949 -0.0619255 -219.429 -0.745938 -0.662013 -0.0729088 543.806 -0.0956399 -0.0018626 0.995414 10.9879
-0.663491 0.745084 -0.0680468 -203.838 -0.741147 -0.666971 -0.0764896 554.276 -0.102376 -0.000317399 0.994746 13.2531
-0.654195 0.753328 -0.0672706 -183.902 -0.747531 -0.65755 -0.0939428 567.333 -0.115003 -0.01117 0.993302 16.0957
-0.650838 0.755717 -0.0728169 -168.22 -0.751093 -0.654899 -0.0834636 578.288 -0.110763 0.000371069 0.993847 18.734
-0.643763 0.761337 -0.0770389 -152.408 -0.757298 -0.648311 -0.0786904 589.549 -0.109855 0.00768346 0.993918 21.3882
-0.633605 0.770148 -0.0735943 -132.237 -0.763727 -0.637828 -0.0994819 603.683 -0.123556 -0.0068263 0.992314 24.6584
-0.62718 0.775233 -0.0752311 -128.444 -0.768612 -0.63165 -0.101262 606.669 -0.126021 -0.00568591 0.992011 25.3724
-0.640242 0.763712 -0.0826656 -116.053 -0.755712 -0.645503 -0.110564 615.417 -0.1378 -0.00831628 0.990425 27.6711
-0.590379 0.798175 -0.119876 -99.4281 -0.791539 -0.601604 -0.107416 627.081 -0.157855 0.0314699 0.986961 30.667
-0.578981 0.812675 -0.0658756 -78.6352 -0.787857 -0.578436 -0.211406 641.702 -0.209909 -0.0704995 0.975176 34.3148
-0.670076 0.738895 -0.0709369 -57.8084 -0.702977 -0.66237 -0.259016 656.4 -0.238372 -0.123693 0.963265 37.9971
-0.66793 0.737453 -0.100163 -36.6133 -0.705057 -0.670107 -0.232059 671.139 -0.238252 -0.0843783 0.967531 41.8505
-0.668736 0.737019 -0.0979497 6.59856 -0.708761 -0.671733 -0.215482 700.153 -0.22461 -0.0746776 0.971583 49.8268
-0.675993 0.729619 -0.103391 59.0915 -0.709103 -0.682229 -0.178145 734.527 -0.200515 -0.0471098 0.978557 59.6049
