1 -0.000584935 -0.000605517 0.0116837 0.000588289 0.999984 0.00555313 -0.022779 0.00060226 -0.00555348 0.999984 -0.0122925
0.996927 0.0279834 0.0731713 0.0223151 -0.02897 0.999503 0.0124576 0.0139683 -0.0727864 -0.0145391 0.997242 0.00677781
0.999554 0.0160833 0.0251515 0.0699315 -0.0163503 0.999812 0.010445 -0.0138447 -0.0249787 -0.0108516 0.999629 0.310346
0.989211 0.14625 0.00851523 0.149193 -0.146433 0.988828 0.0278508 -0.142959 -0.00434691 -0.0287973 0.999576 0.849038
0.981156 0.1451 -0.127592 0.245991 -0.137855 0.988387 0.0639374 -0.274864 0.135387 -0.0451433 0.989764 1.19556
0.960782 0.0769247 -0.266422 0.361135 -0.0579765 0.995244 0.0782823 -0.322602 0.271177 -0.059766 0.960672 1.33818
0.957531 -0.061585 -0.281676 0.443609 0.0636939 0.997968 -0.00167191 -0.362118 0.281206 -0.0163401 0.959508 1.40441
0.934051 -0.00957814 -0.357011 0.568848 0.00842976 0.999953 -0.00477258 -0.506264 0.35704 0.00144832 0.934088 1.45104
0.919153 0.107432 -0.378967 0.655492 -0.0873711 0.993728 0.0697967 -0.634488 0.384088 -0.0310431 0.922774 1.48426
0.887279 0.253194 -0.385523 0.69825 -0.212004 0.966205 0.146635 -0.701898 0.409622 -0.0483735 0.910972 1.49439
0.832447 0.411307 -0.371293 0.741688 -0.347476 0.909445 0.228407 -0.776993 0.431616 -0.0611213 0.899984 1.50447
0.763787 0.549431 -0.338754 0.789765 -0.468875 0.832961 0.293824 -0.84306 0.443605 -0.0655861 0.89382 1.50846
0.685853 0.668448 -0.287721 0.840273 -0.573946 0.739916 0.350873 -0.894693 0.447429 -0.0755109 0.891126 1.50331
0.5471 0.812153 -0.202703 0.922559 -0.714479 0.579246 0.392421 -0.989382 0.436121 -0.0698664 0.897172 1.49171
0.436462 0.893118 -0.108813 0.982696 -0.801025 0.440804 0.405032 -1.08144 0.409707 -0.0896192 0.907804 1.46233
0.363387 0.930481 -0.0464195 1.03158 -0.851296 0.351879 0.389199 -1.16745 0.378476 -0.101913 0.919983 1.45397
0.359121 0.933132 0.0172253 1.10613 -0.894148 0.338712 0.292873 -1.34307 0.267454 -0.120579 0.955996 1.3997
0.478951 0.877338 0.029749 1.23435 -0.862499 0.464001 0.201987 -1.4295 0.163407 -0.1224 0.978936 1.34027
0.604476 0.796171 0.0268568 1.382 -0.786804 0.591408 0.176567 -1.41208 0.124694 -0.127862 0.983922 1.28218
0.710393 0.702912 0.0354415 1.53758 -0.701102 0.702359 0.123078 -1.36879 0.06162 -0.112282 0.991764 1.24157
0.786071 0.606854 0.117559 1.64602 -0.614003 0.788521 0.035157 -1.35031 -0.0713629 -0.0998178 0.992443 1.17715
0.817946 0.5399 0.198674 1.74331 -0.552352 0.833565 0.0088189 -1.36181 -0.160847 -0.116951 0.980026 1.10972
0.859302 0.47228 0.196347 1.93073 -0.474099 0.87953 -0.0406957 -1.44269 -0.191913 -0.0581181 0.97969 1.0677
0.909171 0.399927 0.116046 2.17935 -0.401386 0.915836 -0.011536 -1.54336 -0.110892 -0.0360909 0.993177 1.13249
0.92488 0.379264 -0.027502 2.49262 -0.378331 0.925054 0.0337856 -1.64289 0.0382545 -0.0208427 0.999051 1.18402
0.872459 0.482983 -0.0744544 2.85999 -0.478185 0.875158 0.0737368 -1.86644 0.100773 -0.0287293 0.994495 1.23321
0.952392 0.281582 -0.116877 3.15079 -0.279295 0.959536 0.0358468 -1.98383 0.122242 -0.00149694 0.992499 1.24347
0.979603 0.135425 -0.148455 3.32389 -0.137485 0.990497 -0.00365815 -2.04436 0.146549 0.0239939 0.988912 1.26705
0.973468 -0.00105945 -0.228819 3.51345 -0.00890285 0.999057 -0.0425012 -2.10673 0.228648 0.0434108 0.972541 1.25949
0.969423 -0.134934 -0.204966 3.7988 0.12932 0.990771 -0.0406064 -2.18668 0.208553 0.0128586 0.977926 1.29234
0.951378 -0.0578966 -0.302537 4.15643 0.0673634 0.997509 0.0209416 -2.45279 0.300571 -0.0403033 0.952907 1.30473
0.934855 0.0738347 -0.347268 4.33274 -0.0426348 0.994405 0.096652 -2.60003 0.352461 -0.0755499 0.932772 1.3398
0.911906 0.227993 -0.341242 4.51574 -0.183303 0.970214 0.158382 -2.75439 0.367188 -0.0818789 0.926536 1.33166
0.881557 0.366323 -0.297766 4.69588 -0.320442 0.927526 0.192387 -2.89128 0.346662 -0.0741837 0.935052 1.32678
0.838561 0.479845 -0.258001 4.85884 -0.437949 0.875391 0.204672 -3.02642 0.324063 -0.0586386 0.944216 1.32701
0.762455 0.607115 -0.223771 5.00592 -0.565242 0.793278 0.2263 -3.18011 0.314903 -0.0460583 0.948006 1.30757
0.710658 0.688841 -0.143053 5.07304 -0.655257 0.722088 0.221873 -3.26822 0.256132 -0.0639391 0.964525 1.29269
0.602601 0.796043 -0.0564553 5.2007 -0.770777 0.598889 0.217336 -3.42629 0.206819 -0.0874524 0.974463 1.25885
0.457218 0.889277 -0.0117674 5.35086 -0.870035 0.449989 0.201366 -3.56213 0.184365 -0.0818299 0.979445 1.20663
0.339269 0.939395 0.0493302 5.51005 -0.933398 0.329659 0.141753 -3.6843 0.116899 -0.094137 0.988672 1.14999
0.375238 0.924345 0.0691558 5.75641 -0.926516 0.371802 0.0577104 -3.84037 0.0276321 -0.0857291 0.995935 1.08409
0.547064 0.827524 0.126192 5.95145 -0.833065 0.552978 -0.0147599 -3.92085 -0.0819956 -0.0970516 0.991896 1.01831
0.719032 0.669295 0.187182 6.13057 -0.675687 0.736257 -0.0370365 -3.94282 -0.162602 -0.0998461 0.981627 0.979732
0.806695 0.544704 0.229217 6.30286 -0.550069 0.833868 -0.045691 -3.93981 -0.216025 -0.0892267 0.972302 0.925604
0.852668 0.44468 0.274256 6.56737 -0.444902 0.893213 -0.0650509 -3.92719 -0.273896 -0.0665505 0.959454 0.890954
0.908648 0.305446 0.284713 6.8284 -0.303848 0.951359 -0.0509204 -3.9691 -0.286417 -0.0402407 0.95726 0.863383
0.919809 0.246639 0.305155 7.15567 -0.245476 0.968456 -0.0428234 -4.04706 -0.306091 -0.0355189 0.951339 0.862321
0.883429 0.377505 0.277566 7.342 -0.372369 0.925197 -0.0731534 -4.14479 -0.284419 -0.0387311 0.957917 0.83805
0.795884 0.544342 0.265066 7.53126 -0.532314 0.837709 -0.122005 -4.24077 -0.288461 -0.0439967 0.95648 0.839241
0.707275 0.679499 0.195046 7.67624 -0.664912 0.733119 -0.142929 -4.34896 -0.240112 -0.0285979 0.970324 0.856267
0.618809 0.776167 0.120994 7.81448 -0.76652 0.630309 -0.123114 -4.4916 -0.171821 -0.0165609 0.984989 0.859719
0.551794 0.827053 0.107269 8.0157 -0.824093 0.56047 -0.0821198 -4.64211 -0.128039 -0.0430865 0.990833 0.904055
0.483846 0.873393 0.0554749 8.20711 -0.874323 0.485176 -0.0128292 -4.79036 -0.03812 -0.0422955 0.998378 0.937992
0.578078 0.813128 0.0681854 8.37545 -0.813658 0.580717 -0.0269779 -4.83234 -0.061533 -0.0398843 0.997308 0.953621
0.718802 0.686783 0.10795 8.54143 -0.686492 0.725694 -0.0457843 -4.8598 -0.109782 -0.0411967 0.993102 0.933473
0.824826 0.552785 0.118703 8.71897 -0.548074 0.833306 -0.072222 -4.88113 -0.138839 -0.00548723 0.9903 0.893543
0.908734 0.378584 0.175719 8.85906 -0.368976 0.925474 -0.0857572 -4.9017 -0.19509 0.0130944 0.980698 0.877582
0.942786 0.261886 0.206325 8.99149 -0.255071 0.965093 -0.059453 -4.92672 -0.214693 0.00342377 0.976676 0.861275
0.965268 0.149422 0.214315 9.29783 -0.146904 0.988762 -0.0277192 -4.99593 -0.216048 -0.00472727 0.976371 0.818669
0.985389 0.0848772 0.147666 9.64466 -0.0819733 0.996304 -0.025652 -5.1234 -0.149298 0.0131725 0.988705 0.854082
0.992455 -0.0226445 0.120502 10.044 0.017292 0.998825 0.0452799 -5.24838 -0.121386 -0.0428545 0.99168 0.896567
0.978994 -0.0196417 0.202942 10.4992 0.0137851 0.999448 0.030232 -5.28525 -0.203424 -0.0267993 0.978724 0.851982
0.997439 0.0261111 0.0665861 10.9169 -0.0243932 0.999352 -0.026484 -5.39936 -0.0672344 0.0247919 0.997429 0.856016
0.988305 0.151278 -0.0191668 11.2249 -0.150879 0.988333 0.0207971 -5.48896 0.0220894 -0.017662 0.9996 0.909989
0.966037 0.234472 -0.108605 11.4375 -0.22975 0.971734 0.0543026 -5.55429 0.118268 -0.0275063 0.992601 0.909525
0.917265 0.38003 -0.119177 11.6494 -0.371376 0.924226 0.0888027 -5.58787 0.143894 -0.0371961 0.988894 0.915617
0.845104 0.515366 -0.142117 11.9285 -0.506234 0.85691 0.0971173 -5.61525 0.171833 -0.0101297 0.985074 0.927683
0.78332 0.589299 -0.197828 12.2117 -0.580539 0.807291 0.106094 -5.69994 0.222226 0.0317414 0.974478 0.923186
0.717977 0.6875 -0.108874 12.3955 -0.673895 0.725714 0.138576 -5.75437 0.174283 -0.0261251 0.984349 0.915215
0.651978 0.753572 -0.0839853 12.683 -0.738854 0.656286 0.152916 -5.81423 0.170352 -0.0376452 0.984664 0.858295
0.718225 0.692343 -0.0693892 13.0671 -0.684767 0.720998 0.106091 -5.84433 0.123481 -0.0286816 0.991932 0.832534
0.805229 0.589726 -0.0618805 13.285 -0.586296 0.807434 0.0656302 -5.85631 0.0886682 -0.0165671 0.995923 0.787033
0.871571 0.490007 -0.0160192 13.6485 -0.487479 0.86963 0.0781614 -5.90688 0.0522304 -0.0603142 0.996812 0.78358
0.897174 0.441353 -0.0169353 14.0957 -0.438999 0.895293 0.0757002 -6.07224 0.0485726 -0.0604816 0.996987 0.685105
0.94103 0.336139 -0.0383743 14.2641 -0.33643 0.941708 -0.00121824 -6.02895 0.0357279 0.0140567 0.999263 0.750741
0.978358 0.203412 0.0379355 14.422 -0.203315 0.979092 -0.00642437 -5.9712 -0.0384491 -0.00142754 0.99926 0.78091
0.976757 0.2142 0.00806752 14.5162 -0.213982 0.976591 -0.0219537 -5.89887 -0.0125811 0.0197171 0.999726 0.793089
0.955401 0.281548 -0.0891025 14.5994 -0.280901 0.959529 0.0199754 -5.90137 0.0911204 0.0059445 0.995822 0.84016
0.918868 0.357418 -0.167138 14.6348 -0.350466 0.933925 0.070417 -6.00636 0.181263 -0.00612776 0.983416 0.844409
0.868929 0.42999 -0.245093 14.6187 -0.411933 0.902812 0.12346 -6.06994 0.274359 -0.00631609 0.961607 0.854025
0.825336 0.483958 -0.29087 14.643 -0.449978 0.87493 0.178932 -6.07307 0.341086 -0.0167937 0.939882 0.837568
0.805816 0.47986 -0.34698 14.6533 -0.450108 0.877092 0.167668 -6.03522 0.384791 0.0210693 0.922763 0.854057
0.733016 0.592258 -0.334541 14.628 -0.545258 0.805649 0.231567 -6.07131 0.40667 0.0126694 0.913487 0.85926
0.670593 0.678207 -0.300566 14.602 -0.609966 0.734702 0.29691 -6.07985 0.422193 -0.0157704 0.906369 0.878243
0.595983 0.760521 -0.257707 14.5798 -0.678978 0.64862 0.34392 -6.10936 0.428712 -0.0299928 0.902943 0.882975
0.49098 0.843432 -0.218084 14.5421 -0.747849 0.536457 0.391071 -6.13676 0.446834 -0.0289138 0.894149 0.90903
0.395307 0.905623 -0.153553 14.4918 -0.813562 0.422807 0.399189 -6.1814 0.426438 -0.0328774 0.903919 0.890709
0.423355 0.899866 -0.104937 14.4749 -0.856248 0.435272 0.278168 -6.22086 0.29599 -0.0279116 0.954783 0.852131
0.483558 0.873198 -0.0608013 14.4856 -0.855422 0.486152 0.17863 -6.22425 0.185538 -0.0343673 0.982036 0.819467
0.523733 0.851872 -0.00433364 14.5042 -0.850298 0.523062 0.0583068 -6.2089 0.0519367 -0.0268523 0.998289 0.775657
0.629598 0.776649 0.020543 14.5327 -0.776914 0.62948 0.0126219 -6.17691 -0.00312859 -0.0239069 0.999709 0.76459
0.779902 0.625489 0.0227371 14.5912 -0.625766 0.779974 0.00751914 -6.07974 -0.0130312 -0.0200923 0.999713 0.745815
0.872373 0.488798 0.00645613 14.6169 -0.488803 0.872394 -0.000896708 -6.01482 -0.00607059 -0.00237351 0.999979 0.736241
0.933558 0.35826 0.0109293 14.5955 -0.357514 0.932921 -0.0429253 -6.00537 -0.0255746 0.0361658 0.999019 0.759123
0.976416 0.214416 0.0252631 14.4841 -0.213367 0.976203 -0.038753 -6.14554 -0.0329712 0.0324487 0.998929 0.740836
0.972212 0.22933 0.0470339 14.2513 -0.230447 0.972883 0.0198096 -6.35538 -0.0412156 -0.030098 0.998697 0.746948
0.949182 0.303179 0.0844712 13.986 -0.301997 0.952934 -0.0267403 -6.44849 -0.0886025 -0.000128675 0.996067 0.759254
0.976948 0.204029 0.062814 13.7342 -0.204943 0.978738 0.00839907 -6.49189 -0.0597648 -0.0210787 0.99799 0.771963
0.965127 0.245721 0.0902829 13.3786 -0.245787 0.969266 -0.0105576 -6.47028 -0.0901024 -0.0120009 0.99586 0.784661
0.919964 0.372082 0.123377 13.0974 -0.372215 0.927866 -0.0228375 -6.42392 -0.122974 -0.0249129 0.992097 0.792336
0.911261 0.395391 0.115194 12.7204 -0.40036 0.916075 0.022778 -6.44122 -0.09652 -0.0668757 0.993082 0.790723
0.876642 0.475796 0.071536 12.4649 -0.475654 0.879403 -0.0201072 -6.39344 -0.0724759 -0.0163996 0.997235 0.806755
0.90074 0.422888 0.0991578 12.2638 -0.42209 0.90606 -0.0299395 -6.30848 -0.102504 -0.0148857 0.994621 0.825581
0.934088 0.348242 0.0787843 12.1556 -0.350585 0.936363 0.0177289 -6.33212 -0.0675968 -0.0441809 0.996734 0.840458
0.956273 0.249361 0.152846 12.0234 -0.255716 0.966475 0.0231175 -6.44091 -0.141957 -0.0611919 0.98798 0.822193
0.960343 0.229051 0.15899 11.763 -0.225437 0.973409 -0.0406532 -6.68597 -0.164074 0.00319886 0.986443 0.846624
0.987267 0.142042 0.0716077 11.6629 -0.14369 0.989452 0.0183867 -6.99762 -0.0682407 -0.0284419 0.997263 0.828113
0.985749 0.101815 0.13391 11.6263 -0.117679 0.986202 0.116436 -7.17736 -0.120207 -0.130535 0.98413 0.828141
0.985032 0.161181 0.0610927 11.5161 -0.163908 0.985556 0.0425857 -7.38698 -0.0533463 -0.0519619 0.997223 0.858152
0.989923 0.141584 0.00270603 11.2513 -0.141574 0.989922 -0.00341195 -7.76165 -0.00316184 0.00299446 0.999991 0.899024
0.99559 0.0882916 0.0316912 11.1477 -0.0879714 0.996058 -0.011361 -8.05701 -0.0325693 0.00852303 0.999433 0.895627
0.976815 0.201408 0.0725707 10.9346 -0.201666 0.979447 -0.00383381 -8.37038 -0.0718513 -0.0108901 0.997356 0.903029
0.981933 0.176649 0.0678376 10.6522 -0.174782 0.984068 -0.0325849 -8.66886 -0.0725129 0.0201394 0.997164 0.975971
0.98431 0.11133 0.13689 10.5426 -0.115046 0.993168 0.0195143 -8.86786 -0.133782 -0.0349567 0.990394 0.9385
0.969649 0.154923 0.189157 10.3973 -0.154623 0.987837 -0.0164324 -9.08144 -0.189402 -0.0133144 0.981809 0.950481
0.927869 0.212974 0.306107 10.2324 -0.219642 0.975495 -0.0129232 -9.23079 -0.301358 -0.0552428 0.95191 0.927869
0.904399 0.164472 0.393715 10.1164 -0.167022 0.985554 -0.0280453 -9.55896 -0.39264 -0.040395 0.918805 0.879651
0.886634 0.229696 0.401396 10.0483 -0.252129 0.967689 0.00316758 -9.78143 -0.387699 -0.104012 0.915899 0.905936
0.870078 0.368127 0.32779 9.99889 -0.377897 0.925151 -0.0359166 -9.88898 -0.316477 -0.0926208 0.944068 0.950134
0.860491 0.452743 0.233624 9.95924 -0.46237 0.886559 -0.0150581 -9.94546 -0.213939 -0.0950634 0.97221 0.981725
0.813423 0.56303 0.146081 9.897 -0.571622 0.820233 0.0215974 -10.0223 -0.10766 -0.101071 0.989037 1.06667
0.740001 0.670584 0.0521067 9.84395 -0.672488 0.736204 0.0759142 -10.137 0.0125457 -0.0912177 0.995752 1.1473
0.676647 0.735983 -0.0218651 9.7767 -0.731838 0.67551 0.0899938 -10.378 0.081004 -0.0448923 0.995702 1.20588
0.751696 0.659482 0.00603852 9.75806 -0.658258 0.749673 0.0684565 -10.5963 0.040619 -0.0554334 0.997636 1.18742
0.826668 0.562689 -0.000940244 9.74201 -0.562487 0.826414 0.0254681 -10.6299 0.0151077 -0.0205248 0.999675 1.17276
0.928698 0.370508 -0.0156141 9.68598 -0.370762 0.928535 -0.0189448 -10.6231 0.00747906 0.0233832 0.999699 1.16003
0.984426 0.175716 -0.00532278 9.61761 -0.175651 0.981924 -0.0705144 -10.6319 -0.00716397 0.0703512 0.997497 1.1533
0.999386 -0.0342246 -0.00756466 9.55263 0.0334922 0.996084 -0.0818224 -10.6778 0.0103354 0.0815188 0.996618 1.16078
0.966753 -0.253684 -0.0321559 9.50618 0.250168 0.964326 -0.0865575 -10.7356 0.052967 0.0756353 0.995728 1.16545
0.911582 -0.409447 0.0370349 9.47766 0.41012 0.911945 -0.0125519 -10.7927 -0.0286345 0.0266308 0.999235 1.133
0.936574 -0.327237 0.125477 9.39894 0.331458 0.943369 -0.0137895 -10.9104 -0.113858 0.0545052 0.992001 1.06483
0.968922 -0.214451 0.123292 9.33798 0.218737 0.975532 -0.0221851 -11.0217 -0.115518 0.0484642 0.992122 1.06196
0.991235 -0.129914 0.0240012 9.32722 0.130569 0.991042 -0.0280794 -11.129 -0.0201383 0.0309671 0.999318 1.11843
0.995046 -0.0636547 -0.0763672 9.29949 0.0618074 0.997741 -0.0263158 -11.3309 0.0778698 0.0214654 0.996732 1.18498
0.982603 -0.0110276 -0.185392 9.29607 0.00908527 0.999895 -0.0113233 -11.4542 0.185498 0.00944193 0.982599 1.22907
0.963899 0.0803795 -0.253847 9.32441 -0.0809342 0.996685 0.00827547 -11.4796 0.25367 0.0125682 0.967209 1.25503
0.967738 0.152799 -0.200338 9.37803 -0.156652 0.987648 -0.00342696 -11.586 0.197339 0.0346997 0.979721 1.22545
0.98866 0.142532 -0.0472863 9.38354 -0.142669 0.98977 0.000477796 -11.7054 0.0468707 0.00627392 0.998881 1.1794
0.980766 0.188138 0.0519763 9.36245 -0.188327 0.982106 -0.00129313 -11.7116 -0.0512895 -0.00852026 0.998647 1.1294
0.958358 0.284829 -0.020564 9.34891 -0.284755 0.958578 0.00647978 -11.7095 0.0215579 -0.000354233 0.999768 1.16378
0.913925 0.401045 -0.0624896 9.35668 -0.400169 0.916058 0.0264985 -11.6965 0.0678712 0.000788744 0.997694 1.18186
0.875173 0.483784 0.00501892 9.35045 -0.48381 0.875134 0.00830576 -11.7299 -0.000374027 -0.00969718 0.999953 1.16478
0.890676 0.453098 0.0373825 9.35967 -0.453133 0.891407 -0.00802468 -11.7473 -0.036959 -0.00979185 0.999269 1.15603
0.888553 0.443363 -0.117911 9.34479 -0.441658 0.896216 0.0416646 -11.7469 0.124146 0.0150549 0.99215 1.2145
0.874451 0.421533 -0.240096 9.31736 -0.410499 0.906707 0.0968189 -11.7549 0.258509 0.0138957 0.965909 1.26416
0.882123 0.346241 -0.319338 9.33436 -0.330297 0.938054 0.104687 -11.7391 0.335803 0.0131298 0.941841 1.24999
0.932905 0.258368 -0.250866 9.3743 -0.246508 0.965983 0.0781706 -11.6926 0.262529 -0.0110852 0.96486 1.21713
0.96731 0.184475 -0.174012 9.51167 -0.183969 0.982745 0.0191757 -11.4921 0.174547 0.013464 0.984557 1.17018
0.9903 0.0998956 -0.0965784 9.73547 -0.101709 0.994715 -0.0140257 -11.2477 0.0946669 0.0237125 0.995227 1.11589
0.998223 0.0483393 -0.0348535 9.84564 -0.0476453 0.998654 0.0204752 -11.0934 0.0357964 -0.0187782 0.999183 1.10317
0.985674 0.163495 -0.0414376 9.89102 -0.164336 0.986245 -0.0177505 -10.9036 0.0379655 0.0243059 0.998983 1.08274
0.978378 0.206546 0.010695 9.85362 -0.205934 0.97766 -0.042094 -10.7224 -0.0191504 0.0389814 0.999056 1.0875
0.978566 0.20557 -0.0122464 9.76197 -0.205835 0.978211 -0.0271257 -10.4971 0.00640328 0.029065 0.999557 1.073
0.958256 0.266163 0.104416 9.71138 -0.265863 0.96386 -0.0170357 -10.4008 -0.105177 -0.0114358 0.994388 1.04973
0.942495 0.266884 0.201186 9.69732 -0.265863 0.96346 -0.0325952 -10.1331 -0.202533 -0.0227669 0.979011 1.00811
0.935205 0.210354 0.284855 9.63199 -0.207117 0.977423 -0.0418024 -10.0101 -0.287217 -0.0199045 0.957659 0.983158
0.969687 0.122467 0.211444 9.46228 -0.128376 0.991621 0.014396 -9.92313 -0.207909 -0.041104 0.977284 1.02306
0.990711 0.08844 0.103295 9.41004 -0.0913865 0.995523 0.0241397 -9.87675 -0.100698 -0.0333553 0.994358 1.06671
0.997454 0.071261 0.00272773 9.38569 -0.0711673 0.99713 -0.0258158 -9.79415 -0.00455956 0.025556 0.999663 1.09365
0.994556 -0.0131978 -0.103362 9.31349 0.0118339 0.999835 -0.0137979 -9.69478 0.103527 0.0124996 0.994548 1.13313
0.976878 -0.168571 -0.131502 9.23501 0.163711 0.985388 -0.0470115 -9.65622 0.137505 0.0243962 0.990201 1.13787
0.951839 -0.211813 -0.221668 9.19486 0.198393 0.976735 -0.081415 -9.49758 0.233756 0.0335165 0.971718 1.17162
0.976431 -0.141767 -0.162739 9.22017 0.131053 0.988547 -0.0748397 -9.43363 0.171485 0.0517484 0.983827 1.14188
0.989966 -0.0115945 -0.140827 9.23721 0.00939422 0.999823 -0.0162786 -9.45488 0.140991 0.0147923 0.9899 1.12391
0.978988 0.132493 -0.155007 9.25675 -0.130532 0.991182 0.022809 -9.46617 0.156662 -0.00209641 0.98765 1.13194
0.950729 0.28155 -0.129784 9.27781 -0.277385 0.959483 0.0494955 -9.44645 0.138461 -0.0110567 0.990306 1.1236
0.90603 0.413343 -0.0908693 9.28469 -0.40915 0.910384 0.0616135 -9.43852 0.108193 -0.0186445 0.993955 1.12576
0.861544 0.507674 -0.00300236 9.22275 -0.506424 0.859808 0.0653085 -9.58364 0.0357369 -0.0547457 0.997861 1.12442
0.784181 0.619903 -0.0279337 9.21831 -0.617374 0.783935 0.0655371 -9.72226 0.0625249 -0.0341474 0.997459 1.1585
0.716514 0.697571 0.00103423 9.26538 -0.695118 0.713868 0.0848729 -9.76096 0.0584666 -0.0615316 0.996391 1.14847
0.809599 0.586784 -0.0153244 9.2554 -0.585839 0.809374 0.0412998 -9.83276 0.0366372 -0.0244587 0.999029 1.1253
0.886557 0.462348 -0.0158482 9.24784 -0.461096 0.885896 0.0507824 -9.97255 0.037519 -0.0377139 0.998584 1.10305
0.94337 0.326164 0.0605833 9.21811 -0.329528 0.942381 0.0577038 -10.0673 -0.0382716 -0.0743999 0.996494 1.08228
0.971614 0.225115 0.0727291 9.13755 -0.227769 0.97324 0.0304195 -10.2017 -0.063935 -0.0461214 0.996888 1.06797
0.973064 0.172792 0.152607 9.07248 -0.172084 0.984919 -0.017941 -10.3294 -0.153405 -0.00880331 0.988124 1.04542
0.98659 0.107448 0.122866 8.97426 -0.107916 0.994156 -0.00286482 -10.6787 -0.122455 -0.0104327 0.992419 1.05659
0.991757 0.0818916 0.0985526 8.98139 -0.0815407 0.996641 -0.00758994 -11.0326 -0.0988431 -0.000508678 0.995103 1.07672
0.982067 0.135177 0.131418 9.09303 -0.137917 0.990372 0.0119288 -11.4553 -0.12854 -0.0298397 0.991255 1.05103
0.993594 0.0329914 0.108089 9.09556 -0.0388305 0.997873 0.0523696 -11.8236 -0.106131 -0.0562312 0.992761 1.05589
0.9954 0.0372407 0.0882703 8.96759 -0.0371785 0.999306 -0.00235021 -12.1344 -0.0882966 -0.000942355 0.996094 1.09128
0.999542 -0.027877 0.0117868 8.74114 0.0280801 0.999454 -0.0174279 -12.4949 -0.0112945 0.0177509 0.999779 1.13268
0.994045 -0.103246 0.0348587 8.62353 0.104022 0.994349 -0.021208 -12.7743 -0.0324721 0.0247078 0.999167 1.14069
0.991521 -0.108148 0.0720407 8.43932 0.109111 0.993984 -0.00956542 -13.107 -0.0705728 0.0173448 0.997356 1.12161
0.966622 -0.209382 0.147656 8.24835 0.207089 0.977834 0.0309051 -13.4548 -0.150854 0.000704432 0.988556 1.12279
0.937682 -0.312903 0.151141 8.15686 0.30825 0.949777 0.0539068 -13.6806 -0.160418 -0.00395809 0.987041 1.10378
0.934895 -0.331209 0.127565 7.93173 0.330885 0.943357 0.0243485 -13.975 -0.128403 0.0194459 0.991531 1.12928
0.942609 -0.290788 0.164103 7.5627 0.280474 0.956233 0.0833866 -14.3865 -0.181169 -0.0325742 0.982912 1.12268
0.966833 -0.20155 0.156884 7.39613 0.198506 0.979475 0.0349964 -14.5403 -0.160717 -0.00269328 0.986997 1.15792
0.992183 -0.0624115 0.108059 7.21585 0.0608215 0.997987 0.0179513 -14.6455 -0.108962 -0.0112387 0.993982 1.18014
0.985837 -0.083309 0.145551 6.89482 0.0858692 0.996241 -0.0113855 -14.8954 -0.144055 0.0237226 0.989285 1.21236
0.991516 -0.0430885 0.122635 6.61162 0.0438204 0.999034 -0.00327553 -15.0431 -0.122375 0.00862164 0.992446 1.24926
0.988348 -0.100945 0.113924 6.27126 0.101835 0.994799 -0.00200673 -15.0791 -0.113129 0.0135848 0.993487 1.26645
0.971338 -0.216724 0.0976341 6.02258 0.219183 0.975567 -0.0150699 -15.17 -0.0919826 0.0360377 0.995108 1.26285
0.963458 -0.240262 0.118415 5.79031 0.243785 0.969697 -0.0160107 -15.1605 -0.11098 0.0442934 0.992835 1.26417
0.958837 -0.233121 0.162129 5.50256 0.235388 0.971887 0.00535608 -15.1078 -0.158819 0.0330276 0.986755 1.28222
0.930522 -0.309814 0.195305 5.33134 0.30898 0.950405 0.0355118 -15.1585 -0.196621 0.027301 0.980099 1.25163
0.957633 -0.253959 0.135812 5.07936 0.2553 0.966831 0.00774695 -15.1107 -0.133274 0.027254 0.990704 1.27286
0.955003 -0.23439 0.181743 4.86407 0.233794 0.971965 0.0250041 -15.0651 -0.182508 0.0186114 0.983028 1.29908
0.963012 -0.200865 0.179613 4.66462 0.197179 0.979618 0.0383326 -15.1481 -0.183652 -0.00149878 0.98299 1.29342
0.970751 -0.169452 0.170082 4.48597 0.171867 0.98512 0.000533565 -15.0664 -0.167641 0.0287135 0.98543 1.3181
0.978222 -0.0321901 0.20505 4.32564 0.0406334 0.998485 -0.0370988 -14.8668 -0.203545 0.0446228 0.978048 1.31892
0.982663 0.00377565 0.185361 4.0771 0.0038515 0.999161 -0.0407701 -14.7981 -0.18536 0.0407772 0.981824 1.34692
0.959019 0.099459 0.265311 3.99486 -0.0944439 0.995028 -0.0316269 -14.6972 -0.267137 0.00527381 0.963644 1.30962
0.91862 0.209945 0.334755 3.93579 -0.200563 0.977667 -0.0627777 -14.6982 -0.340459 -0.00947078 0.940212 1.27585
0.878499 0.184389 0.440728 3.84594 -0.176871 0.982494 -0.0584947 -14.783 -0.443798 -0.0265645 0.895733 1.22335
0.900514 0.166763 0.401578 3.80185 -0.159316 0.98585 -0.0521363 -14.7753 -0.40459 -0.0170281 0.91434 1.26511
0.917544 0.0151169 0.397346 3.81116 -0.018359 0.999822 0.00435628 -14.6542 -0.39721 -0.011292 0.917658 1.25614
0.905753 -0.1563 0.393932 3.86594 0.14698 0.987668 0.0539301 -14.5263 -0.397503 0.00905295 0.917556 1.25743
0.887603 -0.292508 0.355808 3.93757 0.276993 0.956158 0.0950622 -14.4697 -0.368015 0.0141787 0.929712 1.25781
0.851518 -0.409227 0.327795 4.00917 0.390504 0.912165 0.124348 -14.4237 -0.34989 0.0221212 0.93653 1.27102
0.83095 -0.475452 0.288907 4.23013 0.45692 0.879482 0.133172 -14.3297 -0.317406 0.0213486 0.94805 1.25848
0.832134 -0.493542 0.252921 4.64343 0.468142 0.869639 0.156754 -14.3002 -0.297315 -0.0120377 0.954704 1.24818
0.774801 -0.560707 0.292047 4.86947 0.532954 0.827778 0.175339 -14.2612 -0.340064 0.0197942 0.940194 1.22643
0.691765 -0.670829 0.267301 5.08453 0.64622 0.740279 0.185439 -14.054 -0.322275 0.0444549 0.945602 1.21463
0.60653 -0.758831 0.237271 5.14495 0.73479 0.648986 0.197235 -14.0273 -0.303653 0.0547152 0.95121 1.20916
0.502124 -0.841114 0.200997 5.19113 0.807756 0.539173 0.238375 -14.0251 -0.308872 0.0426627 0.950146 1.20151
0.423463 -0.887664 0.180919 5.28536 0.841793 0.459361 0.283499 -14.0313 -0.334759 0.0322449 0.941752 1.19754
0.341225 -0.925603 0.163782 5.46983 0.890645 0.374077 0.25849 -13.9589 -0.300526 0.0576685 0.952028 1.19346
0.248341 -0.961049 0.121292 5.57928 0.931121 0.271361 0.243675 -13.9514 -0.267098 0.0524231 0.962243 1.22609
0.233874 -0.968244 0.0883541 5.69544 0.963476 0.242993 0.112554 -13.9599 -0.130449 0.0588035 0.98971 1.28331
0.212062 -0.971753 0.103566 5.67819 0.976599 0.214613 0.0140183 -13.934 -0.0358489 0.0981697 0.994524 1.31632
0.315325 -0.938763 0.138906 5.64232 0.942116 0.327249 0.0729769 -13.8654 -0.113965 0.107854 0.987613 1.27468
0.467335 -0.864686 0.184161 5.66047 0.869528 0.4872 0.0809814 -13.836 -0.159747 0.122287 0.979554 1.25766
0.609415 -0.773286 0.175051 5.72787 0.772068 0.629016 0.0908281 -13.8775 -0.180346 0.0797992 0.980361 1.24167
0.711635 -0.680891 0.173098 5.80248 0.674155 0.731161 0.104492 -13.9704 -0.197711 0.0423347 0.979346 1.23669
0.829587 -0.532298 0.168657 5.89126 0.531127 0.845451 0.0558298 -14.0792 -0.172309 0.0432624 0.984092 1.26028
0.911355 -0.361249 0.197311 5.94999 0.358094 0.932195 0.0527313 -14.1579 -0.202982 0.0225991 0.978922 1.25769
0.958471 -0.181506 0.219977 5.96865 0.183712 0.982923 0.0105661 -14.2045 -0.218138 0.0302851 0.975448 1.24871
0.979919 -0.00154286 0.199389 5.94033 0.00508799 0.999838 -0.0172688 -14.2922 -0.19933 0.0179365 0.979768 1.25184
0.974839 0.0374904 0.219733 5.79097 -0.0307806 0.998952 -0.0338819 -14.4662 -0.220773 0.0262659 0.974972 1.24941
0.957911 -0.0831106 0.274771 5.63019 0.0901361 0.995844 -0.0130185 -14.4533 -0.272547 0.0372374 0.961421 1.22706
0.922379 -0.255757 0.289492 5.51476 0.261255 0.965059 0.020191 -14.3992 -0.284541 0.0570075 0.956967 1.22459
0.839119 -0.448275 0.308105 5.39835 0.452194 0.889698 0.0629155 -14.3578 -0.302324 0.0865296 0.94927 1.22665
0.771975 -0.56029 0.300216 5.30375 0.556772 0.823884 0.105924 -14.3525 -0.306692 0.0853813 0.947972 1.21817
0.810423 -0.507707 0.292315 5.07036 0.5069 0.857844 0.0846 -14.1881 -0.293712 0.0796123 0.952573 1.19025
0.764168 -0.563723 0.313471 4.78849 0.563475 0.819946 0.100913 -13.9524 -0.313916 0.0995186 0.944221 1.22225
0.740956 -0.587612 0.325112 4.46469 0.576004 0.804986 0.142184 -13.8584 -0.345259 0.0819132 0.934926 1.23558
0.815303 -0.491093 0.306772 4.27047 0.482675 0.869061 0.108433 -13.6165 -0.319854 0.0596648 0.945586 1.2123
0.82705 -0.415478 0.378638 4.19517 0.414628 0.90571 0.0881702 -13.4838 -0.379569 0.0840726 0.921336 1.2046
0.884808 -0.317846 0.340717 4.15126 0.331147 0.943366 0.0200857 -13.3412 -0.327805 0.0950552 0.939951 1.23233
0.929783 -0.219584 0.295444 4.14773 0.241212 0.969713 -0.0383881 -13.218 -0.278067 0.106957 0.954588 1.25255
0.980636 -0.0801072 0.178704 4.05788 0.0925936 0.993731 -0.062649 -13.0078 -0.172565 0.0779827 0.981906 1.2757
0.984698 0.0172837 0.17341 3.92056 -0.00911464 0.998816 -0.0477944 -12.8337 -0.174031 0.0454825 0.983689 1.2954
0.9884 -0.010161 0.151532 3.60046 0.0164983 0.999038 -0.040623 -12.6174 -0.150974 0.0426518 0.987617 1.31157
0.967093 -0.0190504 0.253709 3.38329 0.0223862 0.999697 -0.0102675 -12.4398 -0.253436 0.0156092 0.967226 1.30176
0.962623 0.0919191 0.254769 3.20672 -0.0822471 0.995437 -0.0483835 -12.1877 -0.258054 0.0256211 0.965791 1.29792
0.99226 0.0679884 0.103912 2.96198 -0.066113 0.997583 -0.0213909 -11.9301 -0.105115 0.0143554 0.994356 1.35586
0.996864 0.0791261 -0.00109755 2.77707 -0.0791323 0.996833 -0.00790166 -11.712 0.000468843 0.00796373 0.999968 1.44024
0.985553 0.169106 0.00941634 2.8162 -0.168302 0.984062 -0.0574149 -11.4251 -0.0189755 0.0550007 0.998306 1.39728
0.98459 0.160238 0.0700522 2.7285 -0.15948 0.987066 -0.0163102 -11.0807 -0.0717596 0.00488691 0.99741 1.37024
0.975496 0.172205 0.136943 2.63602 -0.17204 0.985002 -0.01313 -10.8121 -0.13715 -0.0107514 0.990492 1.35146
0.981069 0.183318 0.0624388 2.69227 -0.180216 0.982242 -0.0521822 -10.4981 -0.070896 0.0399419 0.996684 1.36086
0.980531 0.179582 0.0794308 2.56266 -0.17571 0.982994 -0.0533768 -10.1143 -0.0876655 0.0383809 0.99541 1.35636
0.968095 0.246075 0.0473269 2.45855 -0.244078 0.968747 -0.0442237 -9.73504 -0.0567301 0.0312613 0.9979 1.37838
0.951117 0.288351 0.110594 2.45402 -0.280401 0.956369 -0.0820608 -9.49798 -0.129431 0.0470386 0.990472 1.34354
0.960484 0.207878 0.185087 2.41482 -0.202547 0.978121 -0.0474736 -9.37869 -0.190907 0.00810878 0.981575 1.2947
0.966265 0.110853 0.232474 2.37563 -0.11084 0.993751 -0.0131611 -9.25244 -0.23248 -0.0130503 0.972514 1.27052
0.961244 0.164198 0.22147 2.44717 -0.156626 0.986317 -0.0514511 -8.9472 -0.226887 0.014769 0.973809 1.26558
0.963987 0.0872695 0.251222 2.66865 -0.0736042 0.995276 -0.0633057 -8.70388 -0.25556 0.042535 0.965857 1.24939
0.955569 0.0704314 0.28623 2.80091 -0.0637405 0.997433 -0.0326383 -8.39783 -0.287794 0.0129437 0.957605 1.2218
0.963129 0.0732436 0.258878 2.80662 -0.0652643 0.997094 -0.0392959 -8.00283 -0.261004 0.0209516 0.96511 1.23819
0.973268 0.11156 0.20076 2.6806 -0.110421 0.993741 -0.0168974 -7.7614 -0.201388 -0.00572248 0.979495 1.26549
0.964209 0.200801 0.173144 2.72789 -0.189462 0.978634 -0.0798738 -7.60588 -0.185483 0.0442108 0.981652 1.26641
0.97258 0.175393 0.152728 2.70254 -0.169048 0.984145 -0.0536866 -7.35806 -0.159722 0.0263962 0.986809 1.28901
0.953841 0.251694 0.163822 2.57941 -0.248704 0.9678 -0.0388577 -7.26337 -0.168327 -0.00367908 0.985724 1.30349
0.903932 0.412908 0.111421 2.56908 -0.415292 0.909686 -0.00198599 -7.22121 -0.102178 -0.0444769 0.993771 1.32943
0.849761 0.523801 0.0594878 2.56991 -0.522877 0.851829 -0.0314111 -7.16598 -0.0671266 -0.00441289 0.997735 1.3402
0.868472 0.491434 0.0651808 2.51739 -0.488987 0.870833 -0.0504092 -6.90869 -0.0815345 0.0119064 0.996599 1.34606
0.91628 0.382055 0.120272 2.44317 -0.375587 0.923876 -0.0734034 -6.76437 -0.139161 0.0220855 0.990024 1.3186
0.939362 0.328202 0.0994109 2.44353 -0.327986 0.944492 -0.0189812 -6.49092 -0.100122 -0.0147751 0.994865 1.32292
0.942355 0.331296 0.0470073 2.48919 -0.329553 0.943239 -0.0411753 -6.20772 -0.0579803 0.0233104 0.998046 1.35219
0.967543 0.230002 0.104688 2.48723 -0.228025 0.973173 -0.03064 -6.01573 -0.108927 0.00577401 0.994033 1.31163
0.958218 0.258658 0.122123 2.52133 -0.25015 0.964832 -0.0807676 -5.69962 -0.138719 0.046844 0.989223 1.26582
0.958696 0.229587 0.167903 2.7111 -0.217108 0.972036 -0.0894968 -5.17333 -0.183755 0.0493472 0.981733 1.21485
0.975722 0.120345 0.182988 2.77751 -0.121282 0.992599 -0.00610046 -4.90148 -0.182367 -0.0162408 0.983096 1.22719
0.95326 0.185589 0.238438 2.82313 -0.173865 0.982315 -0.0694844 -4.39104 -0.247116 0.0247807 0.968669 1.17996
0.948949 0.197497 0.245947 3.04142 -0.18104 0.979526 -0.0880501 -3.96109 -0.258301 0.0390288 0.965276 1.10604
0.944602 0.230161 0.233992 3.2215 -0.214727 0.972538 -0.0897865 -3.71077 -0.248232 0.0345682 0.968084 1.1666
0.936862 0.319227 0.142773 3.37868 -0.309308 0.946921 -0.0875763 -3.44578 -0.163152 0.0378859 0.985873 1.13617
0.902637 0.412775 0.121913 3.45533 -0.397646 0.908174 -0.130761 -3.2715 -0.164693 0.0695513 0.98389 1.15597
0.909215 0.38944 0.14719 3.43883 -0.383501 0.921036 -0.0679621 -3.12416 -0.162035 0.00534462 0.986771 1.1521
0.895779 0.432047 0.104475 3.28973 -0.426619 0.901654 -0.0708304 -2.99216 -0.124803 0.0188773 0.992002 1.19944
0.87147 0.459677 0.170987 3.10318 -0.451525 0.888084 -0.0862096 -2.91693 -0.19148 -0.00207589 0.981494 1.17161
0.814577 0.566771 0.123427 2.93278 -0.557715 0.823753 -0.101904 -2.71251 -0.15943 0.0141719 0.987108 1.18767
0.73521 0.66742 0.118393 2.73872 -0.663567 0.744319 -0.0752834 -2.59973 -0.138368 -0.0232127 0.990109 1.20467
0.641318 0.758577 0.115202 2.6093 -0.753923 0.650903 -0.0890246 -2.5803 -0.142517 -0.0297603 0.989345 1.20536
0.485108 0.870005 0.0881036 2.4416 -0.869653 0.490532 -0.0555048 -2.53602 -0.0915071 -0.0496937 0.994564 1.22553
0.4847 0.873899 0.0369691 2.31725 -0.873163 0.485915 -0.0383756 -2.41166 -0.0515003 -0.0136793 0.998579 1.25579
0.597276 0.800856 0.0434801 2.24619 -0.797438 0.598776 -0.0745637 -2.28011 -0.0857496 0.00986241 0.996268 1.25095
0.718603 0.692431 0.0644148 2.19019 -0.689451 0.721482 -0.064191 -2.17156 -0.0909219 0.00171701 0.995857 1.23781
0.820057 0.564376 0.0947927 2.11378 -0.557497 0.825243 -0.0903881 -2.073 -0.12924 0.0212767 0.991385 1.23356
0.885138 0.456183 0.0917976 1.99372 -0.451849 0.889746 -0.0646857 -1.87617 -0.111185 0.0157772 0.993674 1.25918
0.917004 0.359958 0.171858 1.83266 -0.348675 0.932626 -0.092924 -1.66951 -0.193728 0.0252892 0.980729 1.21004
0.914871 0.322095 0.243447 1.64743 -0.30135 0.946035 -0.119191 -1.56248 -0.2687 0.0356813 0.962563 1.17672
0.859595 0.46658 0.208324 1.53274 -0.450815 0.884425 -0.120661 -1.51152 -0.240545 0.00980393 0.970589 1.17924
0.778004 0.585382 0.228116 1.41319 -0.57094 0.810292 -0.132115 -1.43641 -0.262178 -0.0274545 0.964629 1.16066
0.740762 0.609031 0.283466 1.16927 -0.584031 0.792373 -0.176217 -1.37242 -0.331933 -0.0350178 0.942653 1.1417
0.756859 0.587713 0.285934 0.994279 -0.576681 0.806395 -0.131021 -1.28692 -0.307578 -0.0657285 0.94925 1.13731
0.767152 0.563599 0.306325 0.936681 -0.538765 0.825296 -0.16917 -1.21593 -0.348152 -0.0352586 0.936775 1.12549
0.807229 0.53027 0.25922 0.780451 -0.489305 0.846812 -0.208542 -1.10517 -0.330094 0.0415033 0.943035 1.14344
0.788388 0.554967 0.265436 0.614884 -0.511882 0.831117 -0.217305 -1.08856 -0.341205 0.0354492 0.93932 1.17364
0.810599 0.567654 0.143871 0.503152 -0.540261 0.819706 -0.190264 -1.01833 -0.225936 0.0765004 0.971134 1.20473
0.815554 0.553269 0.169602 0.369256 -0.537581 0.832842 -0.131833 -0.888205 -0.214191 0.0163418 0.976655 1.19752
0.844426 0.508304 0.169032 0.120826 -0.500536 0.861126 -0.0890252 -0.741156 -0.190809 -0.0094311 0.981582 1.18802
0.820575 0.529883 0.214196 0.0337397 -0.531202 0.845373 -0.0562939 -0.510206 -0.210904 -0.0675878 0.975167 1.1344
0.846708 0.479747 0.230063 -0.00812712 -0.481782 0.8748 -0.0510885 -0.408308 -0.225769 -0.0675833 0.971834 1.09553
0.892334 0.381085 0.241896 -0.0562545 -0.388412 0.921298 -0.0186011 -0.301774 -0.229947 -0.077357 0.970124 1.02069
0.93415 0.31455 0.168587 -0.0486356 -0.323137 0.94601 0.0254521 -0.176377 -0.151479 -0.0782527 0.985358 0.861842
0.974216 0.166014 0.152785 -0.0360847 -0.168633 0.98567 0.00425483 -0.135165 -0.149889 -0.0299097 0.98825 0.716199
0.992947 0.027853 0.115238 -0.0161076 -0.0267952 0.999583 -0.010719 -0.0879515 -0.115489 0.00755559 0.99328 0.499588
0.996004 -0.0569093 0.0688291 -0.0115993 0.0559988 0.998317 0.0150868 -0.0273272 -0.0695718 -0.0111721 0.997514 0.199033
0.996273 -0.0834094 0.0219735 -0.0134951 0.0829197 0.996306 0.0223279 -0.0189534 -0.0237547 -0.0204226 0.999509 0.0841224
0.996923 -0.0721223 0.0306936 0.00106037 0.0723907 0.997346 -0.00772517 -0.0146892 -0.030055 0.00992333 0.999499 0.0473539
0.999815 -0.00188598 0.0191564 -0.00091237 0.00207888 0.999947 -0.0100546 -0.0130663 -0.0191365 0.0100925 0.999766 0.0505453
