1 -0.000584935 -0.000605517 0.0116837 0.000588289 0.999984 0.00555313 -0.022779 0.00060226 -0.00555348 0.999984 -0.0122925
0.996927 0.0279825 0.0731711 0.0222855 -0.0289692 0.999503 0.0124578 0.013993 -0.0727861 -0.0145392 0.997242 0.00677744
0.999554 0.0160821 0.0251512 0.0697744 -0.0163491 0.999812 0.0104456 -0.0138175 -0.0249785 -0.0108521 0.999629 0.310379
0.989212 0.146247 0.00851033 0.149151 -0.14643 0.988828 0.0278689 -0.143686 -0.00433952 -0.0288144 0.999575 0.849508
0.981156 0.145093 -0.1276 0.246027 -0.137843 0.988386 0.0639683 -0.276279 0.135399 -0.0451741 0.989761 1.19644
0.96078 0.076913 -0.266433 0.361265 -0.057951 0.995242 0.0783269 -0.324732 0.27119 -0.0598148 0.960665 1.33949
0.957526 -0.0616022 -0.281689 0.443833 0.0637297 0.997966 -0.0016118 -0.364965 0.281215 -0.0164086 0.959504 1.40614
0.934045 -0.00960152 -0.357026 0.569168 0.00848209 0.999953 -0.00470112 -0.509826 0.357054 0.00136273 0.934083 1.45321
0.919149 0.107403 -0.378986 0.655909 -0.0873043 0.993728 0.0698802 -0.638765 0.384114 -0.0311433 0.92276 1.48687
0.887279 0.25316 -0.385547 0.698763 -0.211922 0.966209 0.14673 -0.706894 0.409665 -0.0484842 0.910947 1.49743
0.832453 0.411269 -0.371323 0.742297 -0.347381 0.909455 0.228514 -0.782706 0.431682 -0.0612367 0.899945 1.50795
0.763801 0.549391 -0.338789 0.790472 -0.468768 0.832978 0.293944 -0.849491 0.443695 -0.065701 0.893766 1.51237
0.685875 0.668407 -0.287763 0.841076 -0.57383 0.739941 0.351007 -0.901843 0.447543 -0.07562 0.891059 1.50765
0.547136 0.812117 -0.202752 0.923463 -0.714362 0.579286 0.392574 -0.99725 0.436267 -0.0699531 0.897094 1.4965
0.436503 0.893091 -0.108874 0.983897 -0.800899 0.440845 0.405236 -1.09038 0.409909 -0.0896897 0.907706 1.46772
0.363448 0.930455 -0.0464764 1.03268 -0.851184 0.351934 0.389394 -1.17676 0.37867 -0.101964 0.919898 1.45964
0.359196 0.933104 0.0171727 1.10734 -0.894053 0.338769 0.293094 -1.35311 0.267669 -0.120631 0.955929 1.40583
0.479034 0.877294 0.0297027 1.23567 -0.862411 0.46406 0.202227 -1.44025 0.163629 -0.12249 0.978888 1.34685
0.604554 0.796113 0.0268009 1.38368 -0.786703 0.591455 0.176863 -1.42403 0.124951 -0.128007 0.983871 1.28941
0.710479 0.702827 0.0354031 1.53908 -0.700997 0.702416 0.123347 -1.38098 0.0618241 -0.112453 0.991732 1.24899
0.786157 0.606748 0.117534 1.64761 -0.613915 0.788576 0.0354507 -1.36323 -0.0711747 -0.100026 0.992436 1.18499
0.818031 0.539784 0.198641 1.74532 -0.552289 0.833602 0.00918154 -1.37602 -0.160632 -0.117218 0.980029 1.11826
0.859382 0.472143 0.196325 1.93287 -0.474031 0.879585 -0.0403175 -1.45764 -0.19172 -0.0584158 0.97971 1.0767
0.909244 0.399768 0.116022 2.18167 -0.401269 0.915893 -0.0111498 -1.5589 -0.110721 -0.0364182 0.993184 1.14195
0.924952 0.379086 -0.0275296 2.49525 -0.378138 0.925119 0.0341628 -1.65905 0.0384188 -0.0211889 0.999037 1.19388
0.87256 0.482796 -0.0744856 2.86296 -0.477958 0.87525 0.0741154 -1.8832 0.100976 -0.0290692 0.994464 1.24353
0.952457 0.281355 -0.116894 3.15408 -0.27902 0.959602 0.0362264 -2.00121 0.122365 -0.00188825 0.992483 1.25419
0.979638 0.135167 -0.148456 3.32749 -0.137168 0.990542 -0.00327763 -2.06238 0.146609 0.0235743 0.988914 1.27816
0.973472 -0.00134398 -0.228801 3.51736 -0.0085254 0.999075 -0.0421413 -2.12539 0.228646 0.042974 0.972561 1.27098
0.969386 -0.135242 -0.204938 3.80303 0.129716 0.990735 -0.0402298 -2.20593 0.20848 0.0124145 0.977948 1.30421
0.951363 -0.0582374 -0.302518 4.16096 0.0678225 0.997471 0.0212672 -2.47246 0.300514 -0.0407503 0.952906 1.31696
0.934884 0.0734645 -0.347268 4.33762 -0.042127 0.994397 0.0969541 -2.62032 0.352445 -0.0760115 0.932741 1.35245
0.911998 0.227602 -0.341259 4.52097 -0.182766 0.970266 0.158684 -2.7753 0.367229 -0.0823486 0.926478 1.34472
0.881716 0.365921 -0.297791 4.70145 -0.319896 0.927647 0.192711 -2.9128 0.346762 -0.0746543 0.934978 1.34026
0.838786 0.479438 -0.258025 4.86477 -0.437403 0.875583 0.205019 -3.04856 0.324216 -0.0591059 0.944135 1.3409
0.762761 0.606721 -0.2238 5.01221 -0.564709 0.793553 0.226666 -3.20287 0.31512 -0.0465099 0.947912 1.32187
0.711027 0.688456 -0.143072 5.07966 -0.654754 0.722416 0.222291 -3.29164 0.256395 -0.0643778 0.964426 1.30738
0.603054 0.7957 -0.0564644 5.2077 -0.770334 0.599286 0.21781 -3.45035 0.20715 -0.087855 0.974356 1.27396
0.457754 0.889001 -0.0117594 5.35821 -0.869669 0.45047 0.201875 -3.58682 0.184764 -0.0821822 0.979341 1.22215
0.339866 0.939176 0.049382 5.5178 -0.933123 0.330193 0.142316 -3.70964 0.117354 -0.0944479 0.988589 1.16587
0.375852 0.924086 0.0692782 5.7645 -0.926254 0.372364 0.0582924 -3.86624 0.0280705 -0.0860786 0.995893 1.10041
0.547627 0.827124 0.126376 5.95992 -0.832731 0.553497 -0.0141276 -3.94734 -0.081634 -0.0975004 0.991882 1.03496
0.719494 0.668737 0.187399 6.13941 -0.675253 0.73669 -0.0363445 -3.97007 -0.16236 -0.100392 0.981611 0.99693
0.807072 0.544044 0.229458 6.31192 -0.54957 0.834236 -0.0449722 -3.96746 -0.215889 -0.0898075 0.972279 0.942904
0.852964 0.443942 0.274532 6.57678 -0.444369 0.893535 -0.064278 -3.95551 -0.27384 -0.0671668 0.959427 0.908764
0.908834 0.304626 0.284998 6.83814 -0.303241 0.951595 -0.0501247 -3.9979 -0.286472 -0.0408681 0.957216 0.881512
0.919944 0.245763 0.305455 7.16579 -0.244831 0.968656 -0.0419966 -4.07625 -0.306202 -0.0361505 0.95128 0.880769
0.883694 0.376624 0.27792 7.3525 -0.371705 0.925529 -0.0723317 -4.17448 -0.284465 -0.0393853 0.957877 0.85686
0.796315 0.543502 0.265494 7.54217 -0.5317 0.838219 -0.121181 -4.27095 -0.288404 -0.0446649 0.956466 0.858407
0.707877 0.678733 0.195528 7.68758 -0.664325 0.733802 -0.142154 -4.37964 -0.239963 -0.0292665 0.970341 0.875806
0.619569 0.775483 0.121491 7.82626 -0.765957 0.631133 -0.122398 -4.52275 -0.171595 -0.0172228 0.985017 0.879651
0.552665 0.826409 0.107752 8.02796 -0.823552 0.561369 -0.0814084 -4.67361 -0.127765 -0.0437478 0.990839 0.924358
0.484845 0.872811 0.0559092 8.21984 -0.873783 0.486164 -0.0121667 -4.82221 -0.0378003 -0.0429536 0.998362 0.958665
0.579031 0.812409 0.068663 8.38854 -0.812998 0.581673 -0.0262959 -4.86456 -0.0613024 -0.0405967 0.997293 0.974604
0.719608 0.685855 0.108476 8.55484 -0.685659 0.726527 -0.04505 -4.89241 -0.109709 -0.0419596 0.993078 0.954755
0.825464 0.551705 0.119292 8.73269 -0.547092 0.834016 -0.0714687 -4.91406 -0.138921 -0.00626858 0.990284 0.915113
0.909122 0.377355 0.176352 8.87309 -0.367881 0.925987 -0.0849265 -4.93496 -0.195347 0.0123322 0.980657 0.899452
0.943017 0.260558 0.206951 9.00585 -0.253903 0.965454 -0.0585733 -4.96033 -0.215064 0.00269004 0.976596 0.883447
0.965349 0.148013 0.214927 9.31255 -0.145664 0.988971 -0.0268183 -5.02958 -0.216526 -0.00541803 0.976262 0.841059
0.985415 0.0834235 0.148315 9.65989 -0.0806192 0.996436 -0.0248308 -5.15696 -0.149858 0.0125116 0.988628 0.876693
0.992348 -0.0241829 0.121078 10.0597 0.0187185 0.998763 0.0460674 -5.28169 -0.122042 -0.0434485 0.991573 0.919314
0.978832 -0.0212182 0.203563 10.5153 0.0151871 0.9994 0.0311442 -5.31822 -0.204102 -0.0273934 0.978566 0.874757
0.997428 0.0245234 0.0673453 10.9334 -0.0228321 0.999407 -0.0257707 -5.43197 -0.0679374 0.0241668 0.997397 0.878888
0.98857 0.149629 -0.0184469 11.242 -0.14923 0.988571 0.0213722 -5.5213 0.021434 -0.0183751 0.999601 0.93301
0.96652 0.232795 -0.107912 11.455 -0.228033 0.972115 0.0547191 -5.58653 0.117641 -0.0282796 0.992653 0.932741
0.918033 0.378379 -0.118513 11.6673 -0.369682 0.924868 0.0891919 -5.61998 0.143357 -0.0380691 0.988939 0.939
0.846161 0.513821 -0.141419 11.9462 -0.504632 0.857826 0.0973667 -5.64611 0.171342 -0.0110235 0.98515 0.950481
0.784592 0.587842 -0.197122 12.2299 -0.578984 0.808389 0.106225 -5.73052 0.221795 0.0307867 0.974607 0.946088
0.719416 0.686103 -0.108186 12.4141 -0.672451 0.726998 0.138869 -5.78484 0.173929 -0.0271543 0.984384 0.938286
0.653587 0.752252 -0.0833126 12.7027 -0.737478 0.657733 0.153342 -5.84544 0.170149 -0.0387808 0.984655 0.882164
0.719696 0.690897 -0.0685507 13.0857 -0.683307 0.722343 0.10636 -5.87278 0.123001 -0.0297058 0.991962 0.854759
0.806527 0.588047 -0.0609485 13.3054 -0.584588 0.808634 0.0660948 -5.88686 0.0881518 -0.0176775 0.99595 0.810958
0.872655 0.488105 -0.0150723 13.6694 -0.48561 0.870624 0.0787174 -5.93693 0.0515447 -0.0613739 0.996783 0.807463
0.898176 0.439348 -0.0159416 14.1171 -0.437032 0.896208 0.0762501 -6.10164 0.0477873 -0.0615189 0.996961 0.708896
0.941815 0.33407 -0.0371659 14.286 -0.334326 0.942457 -0.00071831 -6.05818 0.0347873 0.013102 0.999309 0.774621
0.978768 0.201189 0.0392017 14.4441 -0.201119 0.97955 -0.00575638 -6.0003 -0.0395582 -0.00225007 0.999215 0.804876
0.977234 0.211957 0.00941729 14.5386 -0.211721 0.977097 -0.0213553 -5.92798 -0.013728 0.0188753 0.999728 0.817204
0.956188 0.279274 -0.0878096 14.6221 -0.278578 0.960198 0.0203384 -5.9305 0.0899946 0.00501442 0.99593 0.864478
0.919968 0.355137 -0.165939 14.6582 -0.348128 0.934787 0.0705755 -6.03565 0.180182 -0.00715917 0.983607 0.869049
0.870344 0.427735 -0.244015 14.6426 -0.409616 0.903873 0.1234 -6.09949 0.273342 -0.00744758 0.961888 0.879028
0.826982 0.481709 -0.289927 14.6673 -0.447688 0.876146 0.178726 -6.10279 0.340113 -0.0180064 0.940212 0.862842
0.807568 0.477616 -0.346 14.678 -0.4478 0.878345 0.167288 -6.06514 0.383807 0.0198422 0.9232 0.879597
0.735098 0.590142 -0.333712 14.6531 -0.543088 0.807221 0.231193 -6.10152 0.405816 0.0112855 0.913885 0.885163
0.672923 0.676193 -0.299895 14.6275 -0.607917 0.736522 0.296602 -6.11035 0.42144 -0.0172792 0.906692 0.904495
0.598566 0.75868 -0.257146 14.6059 -0.677096 0.650696 0.343709 -6.14015 0.428089 -0.0316203 0.903183 0.909584
0.493844 0.841871 -0.217648 14.5687 -0.746221 0.538807 0.390949 -6.16787 0.446399 -0.0306548 0.894309 0.936021
0.398385 0.90435 -0.153103 14.5189 -0.812194 0.425378 0.399242 -6.2129 0.426181 -0.0347029 0.903972 0.918116
0.426383 0.898541 -0.104022 14.5024 -0.85485 0.437878 0.27838 -6.25267 0.295685 -0.0297732 0.954821 0.879895
0.486438 0.871686 -0.0595116 14.5135 -0.853883 0.488723 0.178979 -6.25627 0.185098 -0.0362463 0.982051 0.847517
0.526397 0.850235 -0.00261399 14.5322 -0.848684 0.525618 0.0588284 -6.24112 0.0513919 -0.0287486 0.998265 0.80397
0.631967 0.774669 0.0224819 14.5606 -0.774984 0.631844 0.0131365 -6.20863 -0.00402859 -0.025725 0.999661 0.792833
0.781828 0.623004 0.0247048 14.6196 -0.623331 0.781916 0.00811844 -6.1122 -0.0142592 -0.0217465 0.999662 0.774501
0.873904 0.486024 0.00853126 14.6449 -0.486039 0.873937 -0.000433205 -6.04676 -0.00766634 -0.00376794 0.999964 0.764855
0.934649 0.355327 0.0131849 14.624 -0.354514 0.934086 -0.0424515 -6.03761 -0.0274 0.035003 0.999012 0.788084
0.97704 0.211271 0.0275196 14.5139 -0.21017 0.97692 -0.0381524 -6.17907 -0.034945 0.0314927 0.998893 0.770696
0.97288 0.226024 0.0491767 14.2817 -0.227229 0.973628 0.0203942 -6.38922 -0.0432703 -0.0310155 0.998582 0.777411
0.950003 0.299942 0.0867742 14.0176 -0.29882 0.953957 -0.0259468 -6.48416 -0.0905613 -0.0012803 0.99589 0.790953
0.97751 0.200609 0.0650455 13.7665 -0.201608 0.979424 0.00911817 -6.52865 -0.0618779 -0.0220268 0.997841 0.804548
0.965769 0.242305 0.0926177 13.4113 -0.24246 0.970112 -0.00974514 -6.50851 -0.0922109 -0.0130445 0.995654 0.818347
0.920985 0.368733 0.125788 13.1302 -0.369016 0.929165 -0.0219097 -6.46338 -0.124956 -0.0262391 0.991815 0.826952
0.912423 0.392026 0.117472 12.7523 -0.397202 0.917431 0.0234852 -6.47979 -0.098566 -0.0680887 0.992798 0.824758
0.878187 0.472553 0.0740324 12.4986 -0.472498 0.881119 -0.0193626 -6.43564 -0.0743811 -0.0179762 0.997068 0.843464
0.901995 0.419597 0.101704 12.2962 -0.418887 0.907566 -0.0292901 -6.34912 -0.104593 -0.016183 0.994383 0.861257
0.935197 0.344685 0.0812331 12.1889 -0.347173 0.937622 0.0183558 -6.37433 -0.0698389 -0.0453682 0.996526 0.877563
0.956867 0.245551 0.155273 12.0585 -0.25217 0.967381 0.0241619 -6.4855 -0.144276 -0.062275 0.987576 0.860925
0.960755 0.225392 0.161705 11.7986 -0.221874 0.974265 -0.0397324 -6.73012 -0.166499 0.00229508 0.986039 0.885444
0.987624 0.138199 0.0741659 11.6999 -0.139954 0.989976 0.0189772 -7.0424 -0.0707998 -0.0291222 0.997065 0.867593
0.985879 0.0976141 0.13607 11.6655 -0.113883 0.986533 0.117406 -7.22423 -0.122777 -0.131244 0.983718 0.869142
0.985523 0.157162 0.0635988 11.5566 -0.160055 0.98616 0.043263 -7.4343 -0.0559192 -0.052816 0.997037 0.899569
0.990465 0.137657 0.00543686 11.2938 -0.137643 0.990477 -0.00297098 -7.81026 -0.00579407 0.00219431 0.999981 0.941614
0.995842 0.0843078 0.0345019 11.1919 -0.0839815 0.996409 -0.0108038 -8.10654 -0.0352889 0.00786135 0.999346 0.939216
0.977419 0.197414 0.0753652 10.9804 -0.197744 0.980249 -0.00313068 -8.42077 -0.0744947 -0.011843 0.997151 0.947345
0.98243 0.172679 0.0707973 10.7 -0.170795 0.98479 -0.0318996 -8.72089 -0.0752289 0.0192472 0.996981 1.0218
0.984389 0.107149 0.139634 10.5914 -0.111054 0.993604 0.0204609 -8.92036 -0.136549 -0.0356484 0.989992 0.984715
0.969729 0.150781 0.192072 10.4476 -0.15067 0.988466 -0.0152692 -9.13507 -0.192159 -0.0141326 0.981262 0.997813
0.927891 0.208731 0.30895 10.2837 -0.215874 0.976356 -0.0112894 -9.28539 -0.304001 -0.056219 0.951011 0.976041
0.903925 0.160203 0.396554 10.1694 -0.163357 0.986223 -0.0260595 -9.61434 -0.395265 -0.0412239 0.917642 0.928586
0.886527 0.225284 0.404124 10.1027 -0.248507 0.968616 0.0051815 -9.83737 -0.390274 -0.105021 0.914689 0.955455
0.870717 0.363901 0.3308 10.0544 -0.374293 0.926679 -0.0342097 -9.9454 -0.318994 -0.0940291 0.943081 1.00014
0.861804 0.448647 0.236662 10.0155 -0.458747 0.88846 -0.0137517 -10.0023 -0.216435 -0.0967169 0.971495 1.03217
0.815542 0.559175 0.149045 9.95432 -0.568145 0.822621 0.0225228 -10.0797 -0.110013 -0.103047 0.988574 1.11763
0.742944 0.6671 0.0548871 9.90248 -0.669273 0.739076 0.0764227 -10.1948 0.0104158 -0.0935122 0.995564 1.19877
0.68008 0.732888 -0.0191171 9.83691 -0.728863 0.678697 0.0901658 -10.4365 0.0790561 -0.0473862 0.995743 1.25792
0.754695 0.656015 0.00891445 9.81962 -0.654952 0.752538 0.0687347 -10.6551 0.0383825 -0.0577123 0.997595 1.23988
0.829178 0.55898 0.00215983 9.80412 -0.558843 0.828875 0.0257003 -10.6891 0.0125757 -0.0225171 0.999667 1.22558
0.930347 0.366475 -0.0122882 9.74847 -0.366653 0.930168 -0.0187935 -10.6828 0.00454277 0.0219899 0.999748 1.21334
0.985168 0.171584 -0.00174517 9.68058 -0.17128 0.982709 -0.070334 -10.6922 -0.0103532 0.0695897 0.997522 1.20714
0.999255 -0.0383984 -0.00390866 9.61628 0.0379514 0.995937 -0.0816687 -10.7387 0.00702872 0.0814595 0.996652 1.21514
0.965793 -0.257749 -0.0284505 9.57056 0.254506 0.963192 -0.0865308 -10.7971 0.0497065 0.07633 0.995843 1.22028
0.909626 -0.413455 0.0404489 9.54265 0.414214 0.910098 -0.0122315 -10.8546 -0.0317553 0.0278806 0.999107 1.18824
0.934675 -0.331311 0.1289 9.46469 0.335672 0.941888 -0.0130873 -10.9729 -0.117073 0.0555004 0.991571 1.12066
0.967519 -0.218709 0.126783 9.40467 0.223118 0.974554 -0.0215073 -11.0848 -0.118853 0.0490961 0.991697 1.11833
0.990554 -0.134321 0.0275746 9.39506 0.135081 0.990442 -0.0278697 -11.1925 -0.0235676 0.0313312 0.999231 1.17515
0.995017 -0.0681415 -0.0727802 9.36893 0.0663631 0.997441 -0.0265832 -11.3948 0.0744054 0.0216209 0.996994 1.24213
0.983195 -0.0155829 -0.181893 9.36668 0.0136059 0.999834 -0.0121119 -11.5185 0.182052 0.00943357 0.983244 1.28654
0.965152 0.0758325 -0.250463 9.39569 -0.0764831 0.997045 0.00714927 -11.544 0.250265 0.0122561 0.9681 1.31272
0.969149 0.148356 -0.196828 9.45015 -0.152173 0.988344 -0.004328 -11.6504 0.193892 0.0341465 0.980428 1.28326
0.989473 0.137963 -0.0437008 9.45651 -0.138084 0.990421 0.000264114 -11.7702 0.0433186 0.00577303 0.999045 1.23749
0.98144 0.183535 0.0555964 9.43573 -0.183761 0.98297 -0.00106557 -11.7769 -0.0548452 -0.00917068 0.998453 1.18788
0.959749 0.280349 -0.0169461 9.42276 -0.28028 0.959897 0.00634976 -11.7751 0.0180466 -0.00134453 0.999836 1.22262
0.916032 0.396751 -0.0589437 9.431 -0.395889 0.917926 0.0261522 -11.7625 0.0644818 -0.00062109 0.997919 1.24099
0.877429 0.479629 0.00868585 9.42532 -0.479693 0.877397 0.00825588 -11.7962 -0.00366118 -0.0114105 0.999928 1.22424
0.892658 0.448853 0.041152 9.43504 -0.448927 0.893533 -0.00794157 -11.8139 -0.0403353 -0.0113851 0.999121 1.21578
0.891092 0.439175 -0.114371 9.42083 -0.437466 0.8983 0.0409947 -11.814 0.120744 0.0135035 0.992592 1.27462
0.877361 0.417278 -0.236888 9.39407 -0.406381 0.908694 0.0955512 -11.8225 0.25513 0.0124338 0.966827 1.3247
0.884973 0.341839 -0.316178 9.4105 -0.326206 0.939681 0.102903 -11.8059 0.332283 0.0120726 0.943103 1.31015
0.935075 0.25371 -0.247521 9.45144 -0.242097 0.967207 0.0768069 -11.7606 0.258891 -0.0118961 0.965833 1.27808
0.968856 0.179834 -0.170227 9.58722 -0.179405 0.98361 0.0180245 -11.5588 0.170678 0.0130764 0.98524 1.23034
0.991143 0.095221 -0.0925635 9.81008 -0.0969934 0.995175 -0.0148315 -11.3136 0.0907046 0.0236782 0.995596 1.17557
0.998575 0.0434578 -0.0309589 9.91989 -0.0428528 0.998882 0.0199438 -11.1593 0.031791 -0.0185887 0.999322 1.16277
0.986598 0.15884 -0.0373499 9.9645 -0.159601 0.987011 -0.0183387 -10.9692 0.0339518 0.024054 0.999134 1.14211
0.979278 0.20197 0.0149311 9.92669 -0.20119 0.978632 -0.0424485 -10.7886 -0.0231854 0.0385649 0.998987 1.1474
0.979579 0.200897 -0.00808438 9.83545 -0.201045 0.979197 -0.0274629 -10.5657 0.00239899 0.0285274 0.99959 1.1346
0.959103 0.261406 0.108572 9.78362 -0.261135 0.965153 -0.0169645 -10.4684 -0.109223 -0.0120812 0.993944 1.11098
0.942944 0.262041 0.205405 9.76873 -0.261127 0.964773 -0.0320454 -10.2017 -0.206567 -0.0234198 0.978152 1.07031
0.93503 0.205417 0.289004 9.70407 -0.202379 0.978461 -0.0406984 -10.0806 -0.291139 -0.0204342 0.956462 1.04641
0.969429 0.117363 0.215484 9.5336 -0.123453 0.992237 0.0149756 -9.99368 -0.212053 -0.0411199 0.976393 1.08699
0.990719 0.0833253 0.10739 9.48175 -0.0863858 0.995969 0.0241605 -9.94802 -0.104944 -0.0332132 0.993923 1.13121
0.997771 0.0663484 0.00706634 9.45847 -0.0661428 0.997467 -0.0261688 -9.86718 -0.0087847 0.0256431 0.999633 1.15898
0.99492 -0.0181842 -0.0990142 9.38546 0.0167952 0.999749 -0.0148432 -9.76743 0.0992592 0.0131048 0.994975 1.19883
0.976612 -0.17347 -0.127035 9.3082 0.16862 0.984508 -0.0480692 -9.73093 0.133405 0.0255243 0.990733 1.20461
0.951827 -0.216633 -0.217015 9.26689 0.203107 0.975625 -0.0830815 -9.57176 0.229724 0.0350019 0.972626 1.23866
0.976491 -0.146592 -0.158038 9.29219 0.135949 0.987779 -0.0762302 -9.50812 0.167282 0.052953 0.984486 1.20921
0.990518 -0.0166661 -0.13637 9.30969 0.0144012 0.999742 -0.0175781 -9.52974 0.136628 0.0154475 0.990502 1.19152
0.980336 0.127364 -0.150733 9.32976 -0.125567 0.991854 0.0214202 -9.54142 0.152233 -0.00207196 0.988342 1.19982
0.952765 0.276516 -0.125609 9.35113 -0.272531 0.960938 0.0482184 -9.52207 0.134035 -0.0117085 0.990907 1.19176
0.908628 0.408492 -0.0867786 9.35938 -0.404457 0.912542 0.0606713 -9.51583 0.103973 -0.0200294 0.994378 1.19455
0.864337 0.502912 0.00117587 9.29766 -0.501926 0.86249 0.064657 -9.66052 0.0315026 -0.0564756 0.997907 1.19347
0.7877 0.6156 -0.0237962 9.29552 -0.613258 0.787212 0.0648947 -9.80093 0.0586818 -0.0365243 0.997608 1.22817
0.720437 0.693501 0.00515647 9.3422 -0.691359 0.717586 0.0842144 -9.83862 0.0547026 -0.0642362 0.996434 1.21794
0.812856 0.582362 -0.0109316 9.33292 -0.581558 0.812495 0.0405385 -9.91096 0.0324899 -0.0265946 0.999118 1.19514
0.88917 0.457431 -0.0115463 9.32744 -0.45637 0.888375 0.0501602 -10.0526 0.0332023 -0.0393316 0.998674 1.17355
0.94493 0.320766 0.0649305 9.29752 -0.324446 0.944166 0.0573182 -10.1467 -0.0429194 -0.0752281 0.996242 1.15285
0.97252 0.219655 0.0771851 9.21907 -0.222494 0.974465 0.0302446 -10.2834 -0.0685708 -0.0465867 0.996558 1.13957
0.973254 0.167423 0.157309 9.155 -0.166729 0.985844 -0.0176928 -10.412 -0.158044 -0.00900835 0.987391 1.11761
0.986575 0.102005 0.127534 9.05915 -0.102487 0.99473 -0.0027952 -10.7623 -0.127147 -0.010313 0.99183 1.12938
0.991708 0.0764663 0.103288 9.06872 -0.0760811 0.997072 -0.0076706 -11.1167 -0.103572 -0.000251254 0.994622 1.14961
0.982184 0.12963 0.136056 9.18295 -0.132473 0.991114 0.0120111 -11.5393 -0.13329 -0.0298208 0.990628 1.12347
0.993273 0.0272658 0.112541 9.18794 -0.0333237 0.998075 0.0523031 -11.9082 -0.110898 -0.0557015 0.99227 1.12843
0.995153 0.0317597 0.0930657 9.06226 -0.03166 0.999495 -0.00254775 -12.2203 -0.0930997 -0.000411062 0.995657 1.16457
0.999308 -0.0332576 0.0166857 8.83817 0.0335583 0.999273 -0.0180768 -12.5822 -0.0160724 0.0186242 0.999697 1.20664
0.993292 -0.10857 0.039801 8.72255 0.109492 0.99375 -0.0217542 -12.8628 -0.0371903 0.0259661 0.998971 1.21537
0.99055 -0.113527 0.0769605 8.54075 0.11462 0.99336 -0.00992457 -13.1975 -0.0753227 0.018652 0.996985 1.1978
0.964716 -0.214752 0.152333 8.35213 0.212526 0.976665 0.0309417 -13.547 -0.155423 0.00252462 0.987845 1.2
0.93517 -0.318139 0.155708 8.26221 0.313538 0.948043 0.053936 -13.7739 -0.164777 -0.00161883 0.986329 1.18161
0.932413 -0.336291 0.132341 8.03926 0.336133 0.941503 0.0242159 -14.0701 -0.132743 0.0219048 0.990908 1.20832
0.940141 -0.296195 0.168534 7.67288 0.28581 0.954648 0.0834307 -14.4842 -0.185602 -0.0302681 0.982159 1.20355
0.964914 -0.20693 0.161622 7.50777 0.203956 0.978355 0.0349666 -14.6396 -0.165359 -0.000776 0.986233 1.23984
0.991276 -0.0679308 0.112948 7.32861 0.0663598 0.99764 0.0176157 -14.7464 -0.113878 -0.00996683 0.993445 1.26322
0.984615 -0.0886298 0.150595 7.00954 0.0913975 0.995748 -0.0115438 -14.9987 -0.148932 0.0251302 0.988528 1.29716
0.990631 -0.0484867 0.12767 6.72777 0.0493488 0.998775 -0.00359583 -15.1486 -0.127339 0.00986248 0.99181 1.3357
0.987193 -0.106276 0.118975 6.38813 0.107323 0.994221 -0.00240925 -15.1871 -0.118031 0.0151471 0.992894 1.35493
0.969657 -0.221815 0.10278 6.14036 0.224539 0.97434 -0.0155965 -15.28 -0.0966835 0.0382014 0.994582 1.35285
0.961551 -0.245257 0.123569 5.90848 0.249102 0.968337 -0.0164566 -15.2724 -0.115621 0.0466053 0.992199 1.35572
0.956734 -0.238164 0.16715 5.62097 0.240717 0.970582 0.00511727 -15.2219 -0.163451 0.0353399 0.985918 1.37565
0.927835 -0.314746 0.200144 5.4503 0.314183 0.948701 0.0354221 -15.2741 -0.201026 0.030016 0.979126 1.34624
0.95557 -0.258939 0.140842 5.1983 0.260538 0.965436 0.00728521 -15.2278 -0.13786 0.0297331 0.990005 1.36852
0.952797 -0.239433 0.186679 4.98365 0.239076 0.970685 0.0247667 -15.1846 -0.187136 0.0210327 0.982109 1.39691
0.961006 -0.206009 0.184465 4.78473 0.202468 0.97855 0.0380401 -15.2687 -0.188344 0.00079142 0.982103 1.39186
0.968956 -0.174459 0.175182 4.60652 0.177172 0.98418 0.000159609 -15.1892 -0.172438 0.0308826 0.984536 1.41859
0.976927 -0.0371593 0.210317 4.44559 0.0460036 0.998244 -0.0373154 -14.991 -0.208561 0.0461297 0.976921 1.42086
0.981653 -0.00118766 0.190675 4.19726 0.00919777 0.999111 -0.0411297 -14.9243 -0.190457 0.0421289 0.980791 1.4506
0.958088 0.0943599 0.270488 4.11473 -0.0891294 0.995519 -0.0315847 -14.8245 -0.272256 0.00615249 0.962205 1.41422
0.917845 0.204885 0.339975 4.05593 -0.195372 0.978743 -0.0623836 -14.8265 -0.34553 -0.00916322 0.938363 1.38111
0.877064 0.179265 0.445671 3.96635 -0.171769 0.983455 -0.0575475 -14.9117 -0.448614 -0.0260795 0.893345 1.32861
0.899177 0.161685 0.406619 3.92318 -0.15416 0.986706 -0.0514456 -14.9056 -0.409531 -0.0164254 0.912148 1.37167
0.91554 0.010052 0.402102 3.93195 -0.0131609 0.999901 0.00496964 -14.7845 -0.402013 -0.00984193 0.915581 1.36249
0.90292 -0.161164 0.398449 3.98652 0.152102 0.986862 0.0544864 -14.657 -0.401995 0.011408 0.915571 1.36404
0.884269 -0.297173 0.360219 4.0586 0.281977 0.954668 0.0953802 -14.6012 -0.372234 0.0172317 0.927979 1.36519
0.847725 -0.413601 0.33211 4.13046 0.395265 0.910094 0.124478 -14.5556 -0.353736 0.0257482 0.934991 1.37845
0.827009 -0.479644 0.293253 4.35132 0.461514 0.877098 0.133056 -14.4612 -0.321031 0.0253018 0.946731 1.36526
0.828252 -0.497841 0.257202 4.76483 0.472697 0.867232 0.156416 -14.4303 -0.300924 -0.00797372 0.953615 1.35318
0.770386 -0.564612 0.296174 4.99099 0.537291 0.825003 0.175183 -14.3908 -0.343255 0.0241736 0.938931 1.33065
0.686904 -0.674159 0.271425 5.2054 0.650117 0.736939 0.18512 -14.1832 -0.324824 0.0492981 0.944489 1.31843
0.601352 -0.761649 0.241385 5.26608 0.738237 0.645216 0.196729 -14.1568 -0.305584 0.059896 0.950279 1.31304
0.49658 -0.843454 0.204925 5.31265 0.810706 0.535043 0.237664 -14.1551 -0.310102 0.0481152 0.949485 1.30551
0.41763 -0.889666 0.184604 5.40731 0.844412 0.455042 0.282675 -14.1616 -0.335489 0.0378286 0.941284 1.30137
0.335356 -0.927052 0.167662 5.59185 0.892811 0.369546 0.257536 -14.089 -0.300708 0.0633239 0.951612 1.29679
0.242472 -0.962031 0.125316 5.70187 0.932784 0.266686 0.242471 -14.0817 -0.266684 0.0581009 0.962031 1.3292
0.228601 -0.969052 0.0931667 5.81881 0.964818 0.238285 0.111115 -14.0904 -0.129876 0.064488 0.989431 1.38613
0.207252 -0.972209 0.108886 5.80205 0.977657 0.209827 0.0126146 -14.0653 -0.0351112 0.103839 0.993974 1.41964
0.310265 -0.939692 0.143925 5.76607 0.94381 0.32261 0.0717235 -13.9974 -0.11383 0.113585 0.986986 1.37869
0.462376 -0.866282 0.189113 5.78444 0.872026 0.48289 0.079927 -13.9686 -0.16056 0.127955 0.978697 1.36198
0.604805 -0.77577 0.179978 5.85238 0.775271 0.625227 0.0896994 -14.0105 -0.182113 0.0852812 0.979572 1.34589
0.707393 -0.684048 0.177973 5.92784 0.677869 0.727886 0.103326 -14.1037 -0.200224 0.0475501 0.978596 1.34068
0.826151 -0.535973 0.173801 6.0177 0.535335 0.842873 0.0546036 -14.2128 -0.175758 0.0479306 0.983266 1.36392
0.908567 -0.365411 0.202435 6.07642 0.362731 0.930467 0.0515613 -14.2907 -0.2072 0.0265825 0.977937 1.35994
0.956392 -0.185871 0.225314 6.09649 0.188603 0.982007 0.00953441 -14.3392 -0.223032 0.0333762 0.97424 1.35238
0.978765 -0.00604314 0.204894 6.06904 0.0100323 0.99978 -0.0184361 -14.4277 -0.204738 0.0201002 0.97861 1.35584
0.973728 0.0330568 0.225302 5.92092 -0.0258234 0.999054 -0.0349778 -14.6031 -0.226245 0.0282408 0.973661 1.35422
0.955955 -0.0874472 0.280182 5.76041 0.0951167 0.99537 -0.0138663 -14.5916 -0.277672 0.0399055 0.959847 1.33314
0.919577 -0.25982 0.294741 5.64517 0.266088 0.963754 0.019386 -14.5387 -0.289095 0.0606001 0.955381 1.3318
0.835322 -0.451806 0.313223 5.52707 0.456771 0.887427 0.061919 -14.496 -0.305938 0.0913488 0.947659 1.33361
0.76776 -0.563487 0.305003 5.43416 0.560927 0.821165 0.105109 -14.4933 -0.309685 0.0903862 0.946533 1.3259
0.806475 -0.511094 0.29729 5.20097 0.511218 0.855365 0.0837148 -14.3318 -0.297078 0.084466 0.95111 1.30149
0.7599 -0.566786 0.318287 4.91805 0.567597 0.817199 0.100098 -14.0969 -0.316838 0.104594 0.942695 1.33448
0.736427 -0.590708 0.329756 4.59501 0.580113 0.802165 0.141419 -14.0063 -0.348057 0.0871508 0.933414 1.35172
0.811319 -0.494577 0.311696 4.39825 0.487117 0.866718 0.107318 -13.7636 -0.32323 0.0647633 0.944102 1.32915
0.823092 -0.418943 0.383415 4.32395 0.419156 0.903679 0.087597 -13.6331 -0.383182 0.0886105 0.919413 1.32231
0.881477 -0.321418 0.345961 4.28065 0.335821 0.941729 0.0192804 -13.4928 -0.331999 0.0991857 0.938051 1.35254
0.927153 -0.223156 0.300978 4.27653 0.245917 0.968487 -0.0394664 -13.3691 -0.282686 0.110607 0.952814 1.37188
0.979241 -0.0839263 0.184507 4.18636 0.0972413 0.99318 -0.0643273 -13.1601 -0.177849 0.0809336 0.980724 1.39641
0.983718 0.0132502 0.179228 4.04948 -0.00443003 0.998763 -0.0495233 -12.9886 -0.179662 0.047923 0.98256 1.41926
0.987441 -0.0141858 0.157348 3.72901 0.0211196 0.998874 -0.0424825 -12.7746 -0.156568 0.0452721 0.986629 1.43815
0.965523 -0.0232067 0.259282 3.51149 0.0271575 0.999563 -0.0116654 -12.5986 -0.258898 0.0183047 0.965731 1.43038
0.961468 0.0878613 0.2605 3.33428 -0.077501 0.995748 -0.0498003 -12.348 -0.263768 0.0276923 0.964188 1.42856
0.991899 0.0638645 0.109805 3.08716 -0.061607 0.997816 -0.0238335 -12.0898 -0.111087 0.0168757 0.993667 1.48853
0.997173 0.074994 0.00477834 2.90228 -0.0749389 0.997129 -0.0108254 -11.8735 -0.00557646 0.0104367 0.99993 1.57498
0.986116 0.165342 0.0153862 2.94253 -0.164152 0.984608 -0.0600134 -11.5898 -0.0250721 0.0566545 0.998079 1.53323
0.984805 0.156174 0.0759546 2.85158 -0.155172 0.987705 -0.0189684 -11.2438 -0.0779831 0.00689414 0.996931 1.50785
0.975376 0.168081 0.142794 2.75833 -0.167596 0.985734 -0.0155102 -10.9763 -0.143364 -0.00880327 0.989631 1.49077
0.981367 0.179523 0.0684918 2.81379 -0.175965 0.982864 -0.0549062 -10.6629 -0.077175 0.0418309 0.99614 1.50114
0.980714 0.175818 0.0853753 2.68522 -0.171484 0.983608 -0.0557464 -10.2831 -0.0937771 0.0400307 0.994788 1.49874
0.968727 0.242323 0.0533601 2.57798 -0.23996 0.969642 -0.0470441 -9.90246 -0.06314 0.0327686 0.997467 1.52305
0.951465 0.284759 0.116738 2.57274 -0.276148 0.957383 -0.0846154 -9.66612 -0.135857 0.0482717 0.989552 1.48931
0.960168 0.204016 0.190932 2.53546 -0.198173 0.97892 -0.0494223 -9.55037 -0.19699 0.00961615 0.980358 1.44102
0.96534 0.106829 0.238131 2.49609 -0.106346 0.994217 -0.0149111 -9.42503 -0.238347 -0.01093 0.971119 1.41777
0.96053 0.160379 0.227288 2.56685 -0.152181 0.986916 -0.0532618 -9.1203 -0.232857 0.0165705 0.97237 1.41362
0.962778 0.0835917 0.257044 2.78773 -0.0690811 0.995492 -0.0649891 -8.8769 -0.261318 0.0448132 0.964212 1.39719
0.954132 0.0665862 0.291887 2.91907 -0.0591701 0.997663 -0.0341723 -8.57108 -0.29348 0.0153339 0.955842 1.37005
0.961851 0.0694559 0.26461 2.92377 -0.0607461 0.997312 -0.0409681 -8.17694 -0.266744 0.0233312 0.963485 1.38787
0.972492 0.107607 0.20659 2.79569 -0.105954 0.994188 -0.0190837 -7.93508 -0.207442 -0.00333025 0.978242 1.41799
0.963837 0.197208 0.179239 2.84281 -0.185085 0.97928 -0.082183 -7.78021 -0.191733 0.0460365 0.980367 1.41947
0.972277 0.171681 0.158755 2.81706 -0.164723 0.984743 -0.0560989 -7.53341 -0.165964 0.0283931 0.985723 1.44334
0.953798 0.247876 0.169788 2.69408 -0.244432 0.968789 -0.0412293 -7.4401 -0.174709 -0.00217727 0.984618 1.4592
0.904929 0.409079 0.117295 2.68417 -0.411424 0.911433 -0.0045942 -7.39891 -0.108786 -0.0441004 0.993087 1.48569
0.851372 0.520469 0.0654035 2.68705 -0.519382 0.853866 -0.0339884 -7.34643 -0.0735357 -0.00503259 0.99728 1.49576
0.869864 0.488131 0.0711661 2.634 -0.485386 0.872694 -0.0529638 -7.09022 -0.0879595 0.0115283 0.996057 1.50301
0.916895 0.378615 0.126309 2.55951 -0.371645 0.925281 -0.0757285 -6.94696 -0.145543 0.022493 0.989096 1.47675
0.940018 0.324476 0.10527 2.55929 -0.324072 0.94579 -0.0214029 -6.67439 -0.106508 -0.0139959 0.994213 1.48221
0.943261 0.3278 0.0529741 2.60447 -0.32575 0.94444 -0.0438079 -6.39197 -0.0643911 0.024066 0.997635 1.51238
0.96776 0.226295 0.110593 2.60198 -0.223987 0.974032 -0.0330386 -6.20074 -0.115197 0.00720218 0.993317 1.47273
0.958346 0.255224 0.128195 2.63504 -0.246065 0.965686 -0.0830837 -5.88524 -0.145001 0.0480787 0.988263 1.42798
0.958437 0.226153 0.173937 2.82275 -0.212909 0.972768 -0.0916137 -5.35825 -0.189919 0.0507732 0.980486 1.37688
0.975099 0.116434 0.188745 2.88884 -0.117005 0.993098 -0.00815786 -5.08779 -0.188392 -0.0141293 0.981992 1.39085
0.952462 0.181949 0.244358 2.93268 -0.169487 0.982951 -0.0712798 -4.57793 -0.253161 0.0264759 0.967062 1.34517
0.948114 0.193942 0.251926 3.14933 -0.176639 0.980171 -0.0897981 -4.14781 -0.264346 0.040639 0.963571 1.27154
0.943957 0.226594 0.240002 3.32925 -0.21036 0.973325 -0.091578 -3.89784 -0.254351 0.0359591 0.966443 1.33211
0.937084 0.315761 0.148889 3.48567 -0.305195 0.94805 -0.0897615 -3.63302 -0.169498 0.0386739 0.984771 1.30187
0.9032 0.409628 0.128196 3.56221 -0.393646 0.909588 -0.13301 -3.45935 -0.17109 0.0696712 0.982789 1.32206
0.909744 0.38585 0.153252 3.54559 -0.379469 0.922544 -0.0701089 -3.31296 -0.168433 0.00562684 0.985697 1.31903
0.8967 0.42861 0.110556 3.39658 -0.422743 0.903293 -0.0731488 -3.18189 -0.131217 0.0188556 0.991174 1.36705
0.872106 0.456142 0.177104 3.21024 -0.447536 0.889904 -0.0882216 -3.10898 -0.197847 -0.00232182 0.98023 1.34173
0.815826 0.563584 0.129615 3.03949 -0.55404 0.825954 -0.104109 -2.9055 -0.165731 0.0131227 0.986084 1.35878
0.737011 0.664315 0.1245 2.84561 -0.660255 0.747031 -0.0775033 -2.79449 -0.144492 -0.0250809 0.989188 1.37756
0.643464 0.755794 0.121364 2.71664 -0.750967 0.654006 -0.0912417 -2.77651 -0.148333 -0.0324295 0.988406 1.3794
0.488027 0.867734 0.0941678 2.54941 -0.867454 0.494146 -0.0578315 -2.73391 -0.096715 -0.0534628 0.993875 1.401
0.48789 0.871844 0.0430243 2.42545 -0.87106 0.48947 -0.0409038 -2.61183 -0.0567209 -0.0175202 0.998236 1.4336
0.599955 0.798492 0.0496389 2.35418 -0.794795 0.601967 -0.0770464 -2.48075 -0.0914019 0.00677159 0.995791 1.42893
0.72083 0.68951 0.0705637 2.29836 -0.686289 0.724276 -0.0665724 -2.37409 -0.09701 -0.000439661 0.995283 1.41768
0.821523 0.56116 0.100992 2.22189 -0.55383 0.827462 -0.0926216 -2.27602 -0.135543 0.0201584 0.990566 1.41353
0.886291 0.452654 0.0979406 2.10188 -0.447946 0.891553 -0.0669197 -2.08145 -0.117611 0.0154383 0.99294 1.44167
0.917251 0.356304 0.178038 1.9402 -0.344421 0.934019 -0.0947792 -1.87631 -0.200061 0.0256163 0.979449 1.39438
0.914484 0.318442 0.249627 1.75485 -0.296907 0.947249 -0.120689 -1.77095 -0.274891 0.0362526 0.960792 1.3628
0.859989 0.463014 0.21456 1.64047 -0.446665 0.886302 -0.122309 -1.72148 -0.246796 0.00934778 0.969022 1.36652
0.778767 0.58189 0.234363 1.52097 -0.567067 0.812756 -0.133648 -1.64781 -0.268249 -0.0288189 0.962919 1.34924
0.741169 0.605563 0.289763 1.27715 -0.580133 0.794957 -0.177453 -1.58578 -0.337808 -0.0365791 0.940504 1.33233
0.757381 0.584004 0.292083 1.10219 -0.572783 0.808969 -0.132246 -1.50196 -0.313518 -0.0671399 0.947206 1.3296
0.76728 0.559991 0.312556 1.04464 -0.534726 0.827695 -0.170265 -1.43217 -0.354047 -0.036491 0.934515 1.31875
0.807262 0.527028 0.265649 0.888477 -0.48515 0.848882 -0.20983 -1.32308 -0.336091 0.0405081 0.940958 1.33833
0.78845 0.551752 0.271875 0.723384 -0.507783 0.833304 -0.218542 -1.30818 -0.347136 0.0342564 0.937189 1.36996
0.811459 0.564729 0.150387 0.61191 -0.536361 0.821844 -0.192065 -1.23946 -0.232059 0.0751911 0.969791 1.4023
0.816472 0.549936 0.175906 0.477781 -0.533695 0.835069 -0.133524 -1.11079 -0.220323 0.0151387 0.975309 1.39664
0.845329 0.504707 0.175183 0.229038 -0.496595 0.863229 -0.0907141 -0.965668 -0.197007 -0.0103119 0.980348 1.3894
0.821485 0.526011 0.220169 0.140999 -0.527317 0.847703 -0.0577641 -0.735864 -0.217022 -0.0686463 0.97375 1.3373
0.847327 0.475759 0.235989 0.0987937 -0.477763 0.876921 -0.052468 -0.634961 -0.231906 -0.0682891 0.970338 1.29935
0.892545 0.376856 0.247673 0.0500661 -0.384204 0.923033 -0.019911 -0.529331 -0.236114 -0.0773857 0.968639 1.22549
0.934555 0.310221 0.17427 0.0565132 -0.31895 0.947472 0.0238223 -0.404413 -0.157726 -0.0778468 0.98441 1.06732
0.973998 0.161814 0.158568 0.0682901 -0.164294 0.986408 0.00256989 -0.363677 -0.155997 -0.0285548 0.987345 0.92214
0.992353 0.0238225 0.121108 0.0870527 -0.0224659 0.999669 -0.0125545 -0.316745 -0.121367 0.00973765 0.99256 0.705962
0.995342 -0.0610397 0.0746166 0.0898088 0.0602294 0.998099 0.013064 -0.256302 -0.0752722 -0.00850904 0.997127 0.40602
0.995771 -0.0875824 0.0277415 0.0874637 0.0870422 0.996001 0.0201207 -0.248568 -0.0293927 -0.0176209 0.999413 0.291634
0.996427 -0.0761196 0.0365807 0.102052 0.0765276 0.997018 -0.00988486 -0.245046 -0.0357192 0.012649 0.999282 0.255313
0.999669 -0.00589259 0.025052 0.100448 0.00620098 0.999906 -0.0122504 -0.244274 -0.0249774 0.0124017 0.999611 0.25895
