1 0.000496722 -0.000173897 -0.0219503 -0.00049637 0.999998 0.00201669 -0.00256827 0.000174899 -0.00201661 0.999998 -0.00536601
1 0.0008849 0.000170444 0.00101848 -0.000884982 0.999999 0.000486058 -0.0380324 -0.000170014 -0.000486209 1 -0.00446511
0.99771 0.0661373 -0.0141939 0.0235895 -0.0661896 0.997802 -0.00324634 -0.0424447 0.013948 0.00417839 0.999894 0.0107299
0.981705 0.185096 -0.044665 0.0452718 -0.18485 0.98272 0.00962275 -0.132118 0.0456743 -0.00119039 0.998956 0.109725
0.97533 0.206959 -0.0768079 -0.0293025 -0.206538 0.978346 0.0134731 -0.200041 0.077933 0.00272302 0.996955 0.283398
0.974138 0.220656 -0.0486376 -0.104688 -0.220924 0.975291 -0.000119392 -0.232741 0.0474095 0.0108615 0.998816 0.333107
0.955642 0.290061 -0.0511258 -0.115252 -0.291688 0.956111 -0.0277461 -0.241926 0.0408339 0.0414281 0.998307 0.366287
0.93102 0.344167 -0.121452 -0.128785 -0.34438 0.938619 0.0199053 -0.259534 0.120848 0.0232933 0.992398 0.412573
0.928337 0.34335 -0.14248 -0.127428 -0.34705 0.937846 -0.00119262 -0.27761 0.133214 0.0505547 0.989797 0.461101
0.905952 0.406797 -0.117338 -0.00628982 -0.404626 0.913478 0.0428506 -0.474558 0.124617 0.00865734 0.992167 0.581703
0.860062 0.497499 -0.113086 0.00631314 -0.487829 0.866813 0.10324 -0.530169 0.149386 -0.0336261 0.988207 0.776217
0.789689 0.598809 -0.133488 0.0834067 -0.585206 0.800537 0.129131 -0.553063 0.184187 -0.0238551 0.982602 0.933917
0.780422 0.597861 -0.183042 0.238438 -0.587332 0.801373 0.113323 -0.606104 0.214436 0.0190668 0.976552 0.891311
0.808601 0.517383 -0.280141 0.265302 -0.493774 0.855656 0.155048 -0.682491 0.319924 0.012954 0.947355 0.908941
0.756223 0.544287 -0.36315 0.301409 -0.505161 0.838408 0.204656 -0.695663 0.41586 0.0286839 0.908976 0.969219
0.8132 0.455118 -0.362731 0.475628 -0.435363 0.889332 0.13981 -0.554921 0.386218 0.0442266 0.921347 0.987461
0.8731 0.355164 -0.334 0.575727 -0.348745 0.933692 0.0812122 -0.519805 0.340696 0.0455743 0.939068 0.968703
0.919262 0.24068 -0.311498 0.734347 -0.241761 0.969677 0.035762 -0.52199 0.310659 0.0424334 0.949574 0.954879
0.955028 0.163867 -0.247121 0.860749 -0.170167 0.985406 -0.00420222 -0.477866 0.242826 0.046065 0.968975 0.922898
0.984944 0.127331 -0.116924 0.965413 -0.134452 0.989384 -0.0551505 -0.387963 0.10866 0.0700409 0.991608 0.851976
0.99823 0.00931709 -0.0587386 1.01677 -0.0143193 0.99625 -0.0853231 -0.27889 0.0577234 0.0860132 0.99462 0.800794
0.98844 -0.144117 -0.0470869 1.0174 0.138957 0.985352 -0.0988592 -0.253266 0.0606444 0.0911733 0.993987 0.803013
0.946931 -0.318076 -0.0463565 0.991921 0.312561 0.944814 -0.0981466 -0.287059 0.0750164 0.0784489 0.994092 0.811234
0.889643 -0.454599 -0.0433015 0.960628 0.448389 0.887562 -0.105739 -0.344647 0.0865016 0.0746539 0.993451 0.797395
0.808479 -0.584378 -0.0697398 0.875318 0.576202 0.810096 -0.108336 -0.438893 0.119805 0.0474028 0.991665 0.782738
0.729727 -0.682743 -0.0368928 0.769366 0.676421 0.728738 -0.106749 -0.580978 0.0997674 0.0529426 0.993601 0.789475
0.643157 -0.762738 -0.0676798 0.737882 0.748691 0.644925 -0.153409 -0.715608 0.160659 0.0479947 0.985842 0.801001
0.522997 -0.851281 -0.0423537 0.754055 0.836794 0.522273 -0.164336 -0.829282 0.162016 0.0505057 0.985495 0.800108
0.463201 -0.886059 -0.0185594 0.881798 0.871827 0.459324 -0.170114 -0.732373 0.159256 0.0626163 0.98525 0.810977
0.324257 -0.94554 -0.0284912 0.950868 0.930749 0.324276 -0.168973 -0.759385 0.16901 0.0282725 0.985209 0.835026
0.318423 -0.947428 -0.0314092 1.00191 0.930131 0.318661 -0.182515 -0.832303 0.182928 0.0289022 0.982701 0.847725
0.447529 -0.892406 -0.0577063 1.04982 0.874253 0.450177 -0.18172 -0.841865 0.188146 0.0308753 0.981656 0.83081
0.588616 -0.804874 -0.0755626 1.10976 0.787258 0.591947 -0.172695 -0.854756 0.183727 0.0421639 0.982073 0.812163
0.719318 -0.690098 -0.0796566 1.16223 0.676485 0.721929 -0.145554 -0.88233 0.157953 0.0508131 0.986138 0.809697
0.820252 -0.565367 -0.086876 1.19403 0.553682 0.8229 -0.127558 -0.901216 0.143608 0.0565283 0.988019 0.808752
0.923408 -0.371734 -0.0955639 1.23762 0.361795 0.926137 -0.106647 -0.927309 0.128149 0.0639039 0.989694 0.808984
0.975791 -0.202768 -0.0819586 1.27146 0.194462 0.975888 -0.0991327 -0.954814 0.100083 0.080795 0.991693 0.789576
0.990296 -0.076935 -0.115738 1.40217 0.0687573 0.994954 -0.0730679 -1.03573 0.120775 0.064401 0.990589 0.803975
0.984125 0.0583123 -0.167622 1.56472 -0.0654139 0.997166 -0.0371577 -1.04417 0.16498 0.0475326 0.985151 0.811718
0.958474 0.171129 -0.228128 1.65843 -0.180915 0.98324 -0.0225399 -1.03218 0.220447 0.0628757 0.97337 0.816038
0.916073 0.306977 -0.258024 1.78564 -0.315452 0.948899 0.0089649 -1.01956 0.247591 0.0731816 0.966097 0.822858
0.907651 0.288835 -0.304538 2.02494 -0.293785 0.955384 0.0305184 -0.941843 0.299766 0.0617686 0.952011 0.857409
0.912552 0.341864 -0.224451 2.08405 -0.346966 0.937713 0.0175826 -0.785206 0.216481 0.0618317 0.974327 0.84906
0.937516 0.281362 -0.204693 1.98826 -0.284886 0.958478 0.0126696 -0.670511 0.199759 0.0464364 0.978744 0.849618
0.967333 0.178401 -0.180113 1.79656 -0.188536 0.981224 -0.0406713 -0.546341 0.169475 0.0733003 0.982805 0.853951
0.954217 0.270984 -0.126638 1.63999 -0.272236 0.9622 0.00764299 -0.466056 0.123922 0.0271824 0.99192 0.857729
0.959244 0.273799 -0.0698871 1.54676 -0.27964 0.955351 -0.0954244 -0.424657 0.0406396 0.111079 0.99298 0.84169
0.979366 0.200303 -0.0268609 1.41346 -0.201725 0.976944 -0.0699117 -0.424806 0.0122381 0.0738876 0.997191 0.820391
0.985796 0.167359 0.014027 1.26279 -0.164981 0.980634 -0.10554 -0.374604 -0.0314184 0.101727 0.994316 0.776982
0.981209 0.192428 -0.0141572 1.08627 -0.192902 0.976706 -0.0939879 -0.349446 -0.00425851 0.0949527 0.995473 0.738608
0.986004 0.148372 0.0760363 0.931221 -0.143796 0.987631 -0.0625112 -0.37511 -0.0843707 0.0507026 0.995144 0.582203
0.98683 0.144423 0.0728596 0.872235 -0.136779 0.985459 -0.100806 -0.406882 -0.0863588 0.0895124 0.992235 0.442573
0.975082 0.218044 0.0408854 0.860152 -0.210336 0.967251 -0.142069 -0.45557 -0.0705236 0.129929 0.989012 0.459833
0.947093 0.318471 0.0398801 0.856306 -0.296653 0.91602 -0.270007 -0.477929 -0.12252 0.243891 0.962032 0.502455
0.932299 0.353055 0.0785575 0.901861 -0.330777 0.920122 -0.20967 -0.486442 -0.146308 0.16949 0.974611 0.589171
0.917137 0.39812 0.0190048 1.03078 -0.392257 0.910032 -0.134075 -0.509651 -0.0706728 0.11551 0.990789 0.658233
0.91491 0.391194 0.0995327 1.15947 -0.381681 0.918638 -0.102091 -0.514685 -0.131372 0.0554147 0.989783 0.688323
0.948688 0.31298 0.0451038 1.26453 -0.30122 0.937866 -0.172263 -0.504913 -0.0962162 0.149838 0.984018 0.692574
0.979506 0.198024 0.0367965 1.40264 -0.190382 0.969909 -0.151763 -0.491815 -0.0657419 0.141647 0.987732 0.710711
0.993913 0.0775393 0.0782562 1.55536 -0.0700952 0.993124 -0.0937642 -0.473341 -0.0849885 0.0877081 0.992514 0.716788
0.999102 0.011281 0.0408352 1.91745 -0.0062765 0.992673 -0.120667 -0.426069 -0.0418972 0.120302 0.991853 0.740907
0.99143 -0.0789936 0.104054 2.20065 0.0919392 0.987742 -0.126146 -0.429853 -0.0928134 0.134631 0.986539 0.729015
0.984051 -0.132287 0.118927 2.47336 0.144581 0.984276 -0.101471 -0.414038 -0.103634 0.117048 0.987704 0.72391
0.994226 -0.089297 0.0594999 2.68182 0.0988664 0.977851 -0.184478 -0.343896 -0.0417088 0.189295 0.981034 0.750881
0.997687 -0.0470794 -0.0490381 2.90047 0.0390842 0.987475 -0.152858 -0.278014 0.0556203 0.150588 0.987031 0.775523
0.976681 -0.203286 -0.0690592 3.1259 0.183098 0.956641 -0.226526 -0.195874 0.112114 0.208599 0.971554 0.76844
0.946094 -0.292292 -0.139541 3.26932 0.245385 0.928043 -0.280219 -0.146983 0.211405 0.230873 0.94974 0.805158
0.96661 -0.206111 -0.152262 3.65801 0.166237 0.956554 -0.23952 -0.00782235 0.195015 0.206211 0.958878 0.815689
0.959906 -0.262618 -0.0980407 4.06342 0.2305 0.938492 -0.257104 0.0565688 0.15953 0.224197 0.961398 0.79427
0.967773 -0.241587 -0.0710654 4.53315 0.218516 0.945903 -0.239831 0.164585 0.125161 0.216573 0.96821 0.788208
0.964225 -0.26093 -0.0467529 4.91905 0.238296 0.930456 -0.278329 0.210189 0.116126 0.257231 0.959347 0.778249
0.959022 -0.280589 -0.0393265 5.34097 0.263843 0.935 -0.236986 0.297797 0.103266 0.216898 0.970717 0.794949
0.950892 -0.298194 -0.0829765 5.80356 0.282767 0.945927 -0.158949 0.417082 0.125887 0.12768 0.983794 0.807855
0.969993 -0.239736 -0.0404963 6.11884 0.230762 0.960233 -0.157169 0.4578 0.076565 0.143108 0.986741 0.794834
0.981508 -0.190696 0.0166522 6.47359 0.190969 0.969489 -0.153692 0.55287 0.0131643 0.15403 0.987978 0.77816
0.965394 -0.259723 0.0236343 6.84385 0.260183 0.952955 -0.155504 0.584044 0.0178655 0.156272 0.987552 0.790445
0.989312 -0.133731 -0.0581111 7.04457 0.12422 0.981692 -0.144394 0.592156 0.0763572 0.135632 0.987813 0.814949
0.988297 -0.00102452 -0.15254 7.19728 -0.0210529 0.989492 -0.143046 0.581884 0.151083 0.144584 0.97789 0.849443
0.960655 0.115393 -0.252639 7.32146 -0.140245 0.986664 -0.0826193 0.526798 0.239736 0.1148 0.964027 0.876995
0.932958 0.213555 -0.289801 7.36978 -0.233786 0.971597 -0.0366558 0.502381 0.273741 0.10195 0.956385 0.886824
0.88549 0.311932 -0.344394 7.40254 -0.335158 0.942124 -0.00842266 0.511665 0.321834 0.122885 0.938788 0.902374
0.815661 0.450689 -0.362733 7.41516 -0.473625 0.880259 0.0286869 0.574582 0.332228 0.148401 0.931451 0.923323
0.757613 0.51562 -0.400198 7.36553 -0.518649 0.847818 0.110488 0.689769 0.396265 0.123855 0.909744 0.942372
0.766638 0.558233 -0.317241 7.27229 -0.568266 0.819905 0.0694868 0.866801 0.298897 0.127006 0.945796 0.924558
0.79278 0.480914 -0.374461 7.26988 -0.494595 0.866624 0.065872 1.02835 0.356195 0.132984 0.9249 0.974437
0.825433 0.37944 -0.417955 7.31946 -0.420329 0.907349 -0.00638623 1.25162 0.376808 0.18095 0.908445 0.986084
0.85937 0.277954 -0.429215 7.36115 -0.341753 0.936569 -0.0777431 1.42392 0.38038 0.213495 0.89985 1.00292
0.903842 0.162515 -0.395801 7.40277 -0.234627 0.961825 -0.140866 1.52264 0.357798 0.220186 0.907468 1.01217
0.929467 0.0127 -0.368687 7.46145 -0.0897692 0.977153 -0.19265 1.58902 0.357817 0.212159 0.909371 1.01575
0.937773 -0.10031 -0.332446 7.50469 0.0265056 0.975253 -0.219499 1.61028 0.346237 0.197028 0.917224 1.00629
0.93412 -0.217963 -0.282686 7.53981 0.150937 0.958833 -0.240536 1.61545 0.323476 0.182022 0.928564 0.984561
0.926201 -0.310418 -0.21399 7.54812 0.261181 0.937582 -0.229618 1.62536 0.271911 0.156783 0.949465 0.966778
0.894082 -0.418559 -0.159451 7.59278 0.377224 0.895606 -0.235779 1.64058 0.241493 0.150657 0.958636 0.944812
0.814667 -0.568868 -0.112725 7.68134 0.53815 0.813999 -0.218631 1.6557 0.21613 0.117448 0.969275 0.919304
0.71652 -0.692298 -0.0855752 7.77605 0.6614 0.713227 -0.232071 1.6114 0.221697 0.109684 0.968927 0.924818
0.62802 -0.776552 -0.0505782 7.86176 0.753712 0.62315 -0.208811 1.51618 0.19367 0.0930159 0.976647 0.904169
0.608821 -0.79287 0.0263247 7.73405 0.784932 0.597253 -0.164835 1.29889 0.11497 0.121018 0.98597 0.839893
0.550076 -0.835085 -0.00701268 7.55336 0.822788 0.543375 -0.166626 1.03996 0.142957 0.0858868 0.985995 0.832526
0.502736 -0.864218 0.0195962 7.3685 0.859074 0.496965 -0.122551 0.823446 0.0961723 0.0784455 0.992269 0.790363
0.513474 -0.857584 0.0299163 7.05407 0.856812 0.510475 -0.0727218 0.61309 0.0470935 0.0629734 0.996903 0.766524
0.569161 -0.820302 0.0562177 6.86996 0.821803 0.565344 -0.0708868 0.377652 0.0263662 0.0865459 0.995899 0.730396
0.686964 -0.726691 0.000996478 6.87551 0.718924 0.679421 -0.146747 0.313944 0.105963 0.101527 0.989174 0.772976
0.796717 -0.603858 -0.0244425 6.90852 0.594496 0.790357 -0.14802 0.294798 0.108701 0.103399 0.988682 0.803113
0.873469 -0.48626 -0.0245612 7.00715 0.476641 0.864302 -0.160612 0.306017 0.0993274 0.128583 0.986712 0.7864
0.894795 -0.446284 -0.0131499 7.42496 0.437246 0.881872 -0.176401 0.346858 0.0903212 0.152093 0.984231 0.784123
0.936268 -0.350651 -0.0211182 7.71978 0.341636 0.922895 -0.17762 0.40931 0.0817724 0.159085 0.983873 0.795992
0.922494 -0.385428 -0.0212064 8.12989 0.376937 0.911292 -0.165729 0.434527 0.0832018 0.144891 0.985943 0.799337
0.950561 -0.309678 -0.0231094 8.51706 0.303182 0.94157 -0.146721 0.454047 0.0671952 0.13246 0.988908 0.78827
0.953738 -0.298203 -0.0381954 9.01399 0.292222 0.949375 -0.115294 0.458863 0.070643 0.098799 0.992597 0.790938
0.952584 -0.289968 -0.0922092 9.51282 0.28173 0.955004 -0.0927133 0.538968 0.114944 0.062339 0.991414 0.818755
0.924745 -0.376619 -0.0548152 9.97798 0.368354 0.921913 -0.119967 0.665867 0.0957165 0.0907472 0.991263 0.829363
0.915567 -0.382888 -0.123015 10.3415 0.369042 0.921453 -0.121372 0.814422 0.159825 0.0657266 0.984955 0.843393
0.924184 -0.356364 -0.137434 10.9252 0.341145 0.931986 -0.122567 0.994187 0.171765 0.0663898 0.982898 0.87507
0.932049 -0.356498 -0.0647527 11.52 0.346286 0.929028 -0.13036 1.28013 0.10663 0.0990786 0.98935 0.862735
0.893534 -0.441185 -0.0833826 11.7945 0.427284 0.892586 -0.143943 1.39202 0.137932 0.0929904 0.986067 0.876845
0.934358 -0.346448 -0.0833578 12.2368 0.332298 0.931615 -0.147213 1.6124 0.128659 0.10985 0.985586 0.890347
0.919176 -0.392337 -0.0344611 12.6143 0.386147 0.914966 -0.117161 1.76805 0.0774974 0.0943846 0.992515 0.875561
0.929842 -0.366753 -0.0297784 13.0675 0.360525 0.92425 -0.125631 2.02811 0.0735984 0.106081 0.99163 0.898429
0.901465 -0.428336 -0.062363 13.4575 0.417201 0.898197 -0.138511 2.20768 0.115344 0.0988452 0.988395 0.908956
0.922441 -0.366282 -0.122231 13.7743 0.343382 0.9229 -0.174198 2.3961 0.176612 0.118715 0.977095 0.927123
0.953618 -0.285421 -0.0956388 14.2317 0.269617 0.951171 -0.15027 2.62531 0.133859 0.117514 0.984008 0.942657
0.975061 -0.207246 -0.079405 14.5321 0.199851 0.975502 -0.0919537 2.78587 0.0965167 0.0737913 0.992592 0.959347
0.994572 -0.0638854 -0.0821275 14.7239 0.0584099 0.996013 -0.0674294 2.97175 0.0861078 0.0622663 0.994338 0.991349
0.982338 -0.123705 -0.140386 15.0085 0.104428 0.985016 -0.137254 3.24976 0.155262 0.12017 0.980537 1.01522
0.98641 -0.0568416 -0.154156 15.2168 0.0362409 0.990413 -0.133296 3.50866 0.160255 0.125897 0.979014 1.02944
0.98804 0.0235008 -0.152395 15.6116 -0.0411979 0.992623 -0.114031 3.83979 0.14859 0.118946 0.981719 1.0484
0.990018 0.0341102 -0.136754 16.0596 -0.0493696 0.992728 -0.109793 4.16771 0.132015 0.115448 0.984502 1.06655
0.988266 -0.0920036 -0.121925 16.5655 0.0770569 0.989522 -0.122099 4.48387 0.131881 0.111271 0.985001 1.08342
0.965098 -0.227866 -0.129088 16.8203 0.208052 0.966463 -0.150544 4.69858 0.159062 0.118432 0.980139 1.09822
0.977844 -0.178127 -0.109965 17.1449 0.16187 0.976489 -0.142367 4.87246 0.132739 0.121413 0.983687 1.11567
0.991797 -0.0783853 -0.100968 17.6238 0.0687557 0.993046 -0.0955607 4.93193 0.107756 0.0878347 0.99029 1.09537
0.998321 0.038099 -0.0436409 17.8566 -0.0418265 0.995246 -0.0879537 4.96836 0.0400825 0.0896313 0.995168 1.06734
0.990027 0.140873 0.00106178 18.1363 -0.140258 0.986355 -0.0862032 5.00201 -0.013191 0.0851946 0.996277 1.05276
0.995467 0.0804443 -0.0507291 18.6284 -0.0842642 0.993363 -0.0782956 5.06223 0.0440939 0.0822154 0.995639 1.07741
0.96838 0.21363 -0.128848 18.7287 -0.226189 0.969711 -0.0921882 5.05696 0.105251 0.118417 0.98737 1.09849
0.873672 0.472143 -0.11738 18.7943 -0.481095 0.874331 -0.0639831 5.01121 0.07242 0.112371 0.991024 1.09838
0.734133 0.669768 -0.111624 18.8222 -0.675087 0.737603 -0.0141612 5.0007 0.0728494 0.0857521 0.99365 1.10247
0.604638 0.789824 -0.102912 18.8221 -0.791593 0.610196 0.0322648 4.98768 0.0882802 0.0619561 0.994167 1.10832
0.482284 0.870815 -0.0953097 18.77 -0.866561 0.490188 0.093742 5.00048 0.128352 0.0373814 0.991024 1.12003
0.349901 0.931861 -0.0959372 18.7081 -0.916862 0.361668 0.168998 5.06558 0.19218 0.0288286 0.980936 1.09983
0.21602 0.974829 -0.05516 18.6476 -0.959805 0.22238 0.171237 5.16627 0.179193 0.0159521 0.983685 1.07878
0.0894695 0.995858 -0.0161899 18.6065 -0.978168 0.0909182 0.186874 5.24914 0.187572 -0.000883108 0.982251 1.09394
-0.0944808 0.995417 0.0148007 18.615 -0.974629 -0.0955175 0.202424 5.33506 0.20291 0.00469994 0.979186 1.12952
-0.233984 0.971616 0.0348376 18.6444 -0.958443 -0.23653 0.159498 5.45837 0.163211 0.00393018 0.986583 1.15426
-0.329638 0.94057 0.081651 18.6869 -0.920494 -0.339411 0.193624 5.5875 0.20983 -0.0113334 0.977672 1.20743
-0.420151 0.903148 0.0883007 18.7251 -0.892951 -0.428802 0.136993 5.79835 0.161589 -0.0212903 0.986629 1.20653
-0.52392 0.844508 0.110964 18.8594 -0.829093 -0.535486 0.160807 5.90619 0.195222 -0.00774943 0.980728 1.23541
-0.559509 0.826043 0.0678458 18.9888 -0.823557 -0.563302 0.0666765 5.95328 0.0932953 -0.0185687 0.995465 1.20035
-0.495939 0.867726 0.0331041 19.0161 -0.868295 -0.496001 -0.00690254 5.96679 0.0104302 -0.0321674 0.999428 1.17278
-0.390879 0.920437 -0.00304076 19.0429 -0.920434 -0.390887 -0.00288257 5.97129 -0.00384182 0.00167209 0.999991 1.16699
-0.18631 0.982416 -0.0121314 19.0663 -0.982423 -0.186428 -0.00942143 5.98967 -0.0115174 0.0101628 0.999882 1.16065
-0.00248082 0.99988 -0.0152594 19.1365 -0.999793 -0.00278814 -0.0201514 6.00887 -0.0201915 0.0152062 0.99968 1.15102
0.200563 0.979247 -0.0291652 19.212 -0.979638 0.200187 -0.0153318 6.02343 -0.00917514 0.0316463 0.999457 1.15667
0.388515 0.920154 -0.0487163 19.3421 -0.921406 0.388428 -0.0116194 6.01544 0.00823113 0.0494017 0.998745 1.16116
0.566031 0.822845 -0.0503444 19.5426 -0.824175 0.566207 -0.0120598 6.00655 0.018582 0.0483188 0.998659 1.15451
0.700316 0.711475 -0.0579734 19.6924 -0.713811 0.698613 -0.049123 6.02 0.00555119 0.0757837 0.997109 1.14828
0.835241 0.546366 -0.062101 19.8182 -0.549796 0.83178 -0.0765966 5.97962 0.0098046 0.0981195 0.995126 1.12802
0.934929 0.346178 -0.0779028 19.9893 -0.351417 0.933732 -0.0681946 5.91997 0.0491328 0.0911335 0.994626 1.12669
0.982629 0.177024 -0.0557081 20.1482 -0.181465 0.979397 -0.0886101 5.91097 0.0388742 0.0971799 0.994507 1.13557
0.995427 0.0571531 -0.0765427 20.4955 -0.0657091 0.991262 -0.11438 5.9131 0.0693366 0.118887 0.990484 1.14119
0.991039 -0.0923246 -0.0965302 20.8449 0.0806122 0.989629 -0.118898 5.88353 0.106506 0.110051 0.988203 1.13969
0.971428 -0.230512 -0.0564894 21.1207 0.223107 0.968122 -0.113858 5.89229 0.0809343 0.0980017 0.99189 1.13938
0.942741 -0.331327 -0.0382375 21.5204 0.322964 0.93549 -0.143361 5.97068 0.0832702 0.122803 0.988932 1.13695
0.895901 -0.444252 0.000716891 21.7386 0.439231 0.885531 -0.15136 6.00782 0.0666073 0.135919 0.988478 1.12977
0.8251 -0.564982 0.00248415 21.8838 0.560386 0.817812 -0.13096 6.03374 0.0719584 0.109447 0.991385 1.13212
0.717252 -0.696518 0.0203053 22.1632 0.691337 0.707666 -0.145813 6.04654 0.087192 0.118622 0.989104 1.12997
0.640625 -0.767383 0.0268758 22.3763 0.759879 0.628552 -0.165849 6.10182 0.110377 0.126669 0.985785 1.12588
0.533053 -0.843593 0.0648451 22.7457 0.840131 0.518673 -0.158616 6.06516 0.100174 0.139029 0.985209 1.12284
0.414355 -0.906306 0.0831852 23.156 0.905711 0.401642 -0.13554 6.01164 0.0894299 0.131503 0.987274 1.12035
0.314933 -0.945645 0.0810715 23.5912 0.944246 0.303533 -0.127542 5.96681 0.0960021 0.116719 0.988514 1.1154
0.215376 -0.975666 0.0410915 23.8063 0.973701 0.21136 -0.0850508 5.87295 0.0742961 0.0583287 0.995529 1.11267
0.119376 -0.989458 0.0819838 24.1197 0.989898 0.112254 -0.0866034 5.8303 0.0764875 0.0914941 0.992864 1.08745
0.0596183 -0.993251 0.0994859 24.3504 0.990971 0.046901 -0.125602 5.80405 0.120088 0.106076 0.98708 1.09272
-0.054541 -0.996635 0.0611877 24.5387 0.9925 -0.0608251 -0.106042 5.72303 0.109407 0.0549451 0.992477 1.0908
-0.141616 -0.988335 0.0560322 24.8617 0.984509 -0.146527 -0.0962853 5.71528 0.103372 0.0415287 0.993775 1.07574
-0.193469 -0.979288 0.0597134 25.1837 0.966468 -0.200703 -0.160179 5.72563 0.168846 0.0267214 0.98528 1.1013
-0.281254 -0.95666 0.07548 25.4959 0.944427 -0.289887 -0.154996 5.7312 0.170159 0.027692 0.985027 1.09
-0.303383 -0.950378 0.0688535 25.7963 0.931881 -0.311007 -0.186739 5.84709 0.198887 0.00750994 0.979994 1.12502
-0.402365 -0.914429 0.0438346 26.1339 0.902057 -0.40418 -0.15143 5.81708 0.156189 -0.0213888 0.987496 1.11038
-0.474257 -0.876829 0.0790584 26.2721 0.863542 -0.480786 -0.152118 5.64223 0.171392 -0.00387293 0.985195 1.09456
-0.556968 -0.825864 0.0879482 26.4818 0.814382 -0.563848 -0.137323 5.45305 0.162999 -0.0048609 0.986614 1.07127
-0.60306 -0.797205 0.0279785 26.6657 0.792203 -0.602648 -0.0960768 5.34937 0.093454 -0.0357754 0.994981 1.04712
-0.504894 -0.860929 0.062309 26.7795 0.854505 -0.508725 -0.104983 5.3342 0.122081 0.000238267 0.99252 1.04674
-0.373961 -0.922518 0.0954684 26.8771 0.916879 -0.38323 -0.111654 5.38785 0.139589 0.0457787 0.989151 1.05097
-0.258769 -0.964681 0.049283 27.0182 0.954819 -0.263176 -0.138057 5.5121 0.146151 0.0113316 0.989197 1.06968
-0.124357 -0.991389 0.0410254 27.0878 0.978313 -0.12941 -0.161731 5.79161 0.165647 0.0200233 0.985982 1.09031
-0.052482 -0.998234 0.0278281 27.0052 0.980749 -0.0567713 -0.186838 6.23965 0.188088 0.0174867 0.981997 1.14328
0.073871 -0.996936 0.0257178 26.8835 0.977853 0.0673451 -0.198161 6.35891 0.195821 0.0397866 0.979832 1.16712
0.182103 -0.982825 0.0298934 26.6925 0.973118 0.175778 -0.14881 6.54837 0.140999 0.0561885 0.988414 1.16582
0.278232 -0.960401 -0.0147265 26.538 0.94709 0.276866 -0.162374 6.82255 0.160022 0.0312305 0.986619 1.20919
0.413013 -0.910721 -0.00268686 26.4168 0.892612 0.405382 -0.197254 6.93209 0.180733 0.0790701 0.980349 1.22005
0.532231 -0.846362 0.0200655 26.2921 0.835155 0.521004 -0.176269 7.02194 0.138733 0.110573 0.984138 1.23475
0.625291 -0.779553 -0.0361564 26.1936 0.756574 0.616916 -0.21682 7.13016 0.191328 0.108221 0.975542 1.23663
0.717347 -0.692453 -0.076957 26.1378 0.670408 0.716102 -0.194295 7.17385 0.189649 0.0877842 0.97792 1.25798
0.827139 -0.550037 -0.115328 26.0669 0.527439 0.830607 -0.178606 7.18214 0.194032 0.0869037 0.977138 1.2616
0.898998 -0.41639 -0.135728 25.9658 0.393175 0.90386 -0.168674 7.16956 0.192914 0.0982729 0.976282 1.26585
0.922512 -0.356667 -0.147515 25.8096 0.337691 0.930933 -0.13903 7.16186 0.186914 0.0784421 0.97924 1.26363
0.940278 -0.30726 -0.146519 25.6806 0.282999 0.944793 -0.165161 7.34883 0.189178 0.113832 0.975323 1.26104
0.94818 -0.283202 -0.144051 25.6066 0.261394 0.953019 -0.153062 7.56038 0.180631 0.107476 0.977661 1.28064
0.935726 -0.299938 -0.185619 25.5938 0.277604 0.950869 -0.137057 8.03886 0.217608 0.0767189 0.973016 1.3237
0.966716 -0.207165 -0.150145 25.5338 0.187094 0.972678 -0.137453 8.31335 0.174518 0.104787 0.979062 1.35949
0.941674 -0.294208 -0.163377 25.5106 0.261056 0.944995 -0.197064 8.67542 0.212368 0.142919 0.966682 1.3826
0.906461 -0.404279 -0.122013 25.4928 0.372786 0.901811 -0.218559 8.85141 0.198392 0.15263 0.968166 1.38971
0.883462 -0.457165 -0.10245 25.4569 0.422656 0.872062 -0.246718 9.17403 0.202133 0.174665 0.963657 1.40867
0.92138 -0.365296 -0.13273 25.5087 0.334532 0.919227 -0.20763 9.57311 0.197855 0.146904 0.969161 1.43593
0.957338 -0.257493 -0.131156 25.6674 0.23814 0.960092 -0.14667 9.99173 0.163689 0.10918 0.980452 1.46227
0.979246 -0.181818 -0.0895542 25.7119 0.168 0.975337 -0.143157 10.2915 0.113374 0.125141 0.98564 1.48256
0.962584 -0.240851 -0.124186 25.8545 0.229187 0.968114 -0.101136 10.7141 0.144585 0.0688901 0.987091 1.53259
0.969444 -0.227393 -0.0920374 25.8445 0.216053 0.96914 -0.118693 11.1284 0.116187 0.0951809 0.988656 1.55132
0.953995 -0.280481 -0.105941 25.8694 0.264562 0.953752 -0.142704 11.5377 0.141067 0.108111 0.984079 1.5621
0.96677 -0.164141 -0.195995 25.8311 0.1411 0.981902 -0.126326 11.8509 0.213183 0.0944732 0.972434 1.62191
0.979902 -0.028933 -0.197372 25.7701 0.01013 0.995366 -0.0956192 11.9407 0.199224 0.091698 0.975654 1.62664
0.96327 0.067818 -0.259829 25.5185 -0.0961249 0.990551 -0.0978223 12.0768 0.25074 0.119205 0.960687 1.64589
0.952648 0.1522 -0.263243 25.3305 -0.172368 0.983487 -0.0551538 12.1589 0.250502 0.0979168 0.963152 1.65849
0.913175 0.206986 -0.351096 25.2748 -0.221616 0.975133 -0.00152313 12.2682 0.34205 0.0791994 0.936338 1.69239
0.897407 0.315374 -0.308544 25.2593 -0.340036 0.939989 -0.0282062 12.4518 0.281132 0.130228 0.950792 1.67958
0.843378 0.390754 -0.368816 25.3098 -0.413404 0.910346 0.0191564 12.5574 0.343235 0.136314 0.929305 1.69612
0.787906 0.491793 -0.370599 25.3252 -0.489486 0.865339 0.10766 12.607 0.373641 0.0965774 0.922532 1.71447
0.715627 0.613128 -0.334591 25.2941 -0.596343 0.785725 0.164352 12.7084 0.363666 0.0819164 0.927921 1.72873
0.640315 0.703712 -0.307874 25.2425 -0.670617 0.707606 0.222638 12.7729 0.374526 0.0639074 0.925011 1.73637
0.544169 0.784014 -0.298668 25.1302 -0.726291 0.618423 0.30009 12.7712 0.419978 0.0536202 0.905949 1.74237
0.438705 0.855211 -0.275957 25.017 -0.780318 0.514843 0.355022 12.764 0.445693 0.0595841 0.8932 1.71846
0.340087 0.901681 -0.267044 24.9588 -0.801974 0.426386 0.41837 12.7356 0.4911 0.0718803 0.868133 1.73008
0.364244 0.892605 -0.265672 24.9499 -0.798731 0.446109 0.403752 12.7224 0.47891 0.0651364 0.875444 1.72471
0.34781 0.909546 -0.227494 25.1218 -0.807472 0.413907 0.420321 12.8241 0.476463 0.0375034 0.878394 1.73929
0.432767 0.876479 -0.210943 25.2852 -0.815272 0.480373 0.323378 12.933 0.384766 0.0320279 0.922458 1.73193
0.544259 0.813299 -0.205735 25.4011 -0.772773 0.581483 0.25436 12.9779 0.326503 0.0205485 0.944973 1.7216
0.631199 0.748363 -0.203815 25.4901 -0.72409 0.662738 0.190978 13.0063 0.277997 0.0270352 0.960202 1.72508
0.714749 0.661961 -0.225701 25.6533 -0.641807 0.749039 0.164392 13.0471 0.27788 0.0273578 0.960226 1.73606
0.789244 0.558141 -0.256071 25.736 -0.539491 0.829408 0.145025 13.1084 0.293332 0.0236878 0.955717 1.74744
0.862891 0.4234 -0.275955 25.9005 -0.411645 0.905588 0.102269 13.2287 0.293202 0.0253484 0.955714 1.74659
0.883832 0.356334 -0.303095 26.1233 -0.367857 0.929661 0.0202761 13.3877 0.289001 0.093575 0.952745 1.75887
0.917495 0.258925 -0.301929 26.4305 -0.278512 0.960159 -0.0229343 13.5044 0.283961 0.105133 0.953055 1.7576
0.92818 0.155064 -0.338286 26.6787 -0.175417 0.98403 -0.030243 13.5964 0.328194 0.0874121 0.940557 1.77695
0.931358 0.0872309 -0.353501 27.0383 -0.121718 0.989613 -0.0764879 13.8222 0.343157 0.114265 0.932302 1.79691
0.930788 -0.0642131 -0.359876 27.1942 0.019937 0.991903 -0.125421 13.9574 0.365016 0.109566 0.924532 1.81211
0.916565 -0.205518 -0.343031 27.2679 0.162094 0.975135 -0.151118 14.0731 0.365559 0.0829058 0.927089 1.83846
0.878932 -0.349264 -0.324797 27.3343 0.301898 0.93461 -0.188049 14.194 0.369237 0.0672267 0.9269 1.85771
0.832937 -0.462521 -0.303793 27.4179 0.404045 0.883443 -0.237226 14.3775 0.378105 0.0748482 0.922732 1.86142
0.860652 -0.453953 -0.230663 27.5756 0.390076 0.878957 -0.274364 14.725 0.327291 0.146156 0.933552 1.87455
0.895791 -0.400481 -0.192807 27.7015 0.366432 0.910919 -0.189615 15.0103 0.251569 0.0992048 0.962742 1.87256
0.954846 -0.231024 -0.186806 27.7306 0.202976 0.966408 -0.157661 15.1473 0.216954 0.112625 0.969663 1.88206
0.981685 -0.0825246 -0.171712 27.7459 0.0565451 0.986909 -0.151037 15.2962 0.181928 0.138562 0.9735 1.88532
0.977462 0.053921 -0.204111 27.8284 -0.0786211 0.99026 -0.114905 15.4144 0.195927 0.128362 0.972181 1.88762
0.964976 0.137345 -0.223512 28.0235 -0.154439 0.986129 -0.0608047 15.6896 0.212061 0.0931942 0.972803 1.92051
0.937935 0.244667 -0.245798 28.1429 -0.272811 0.958097 -0.0873225 15.9605 0.214133 0.148959 0.96538 1.9625
0.923134 0.293773 -0.248036 28.4661 -0.307323 0.951456 -0.0168856 16.3234 0.231035 0.0918148 0.968604 1.98496
0.874453 0.426078 -0.231926 28.5058 -0.433319 0.900986 0.0214406 16.476 0.218097 0.0817491 0.972497 1.9962
0.823134 0.522511 -0.222335 28.571 -0.537816 0.843003 -0.00996624 16.6 0.182222 0.127779 0.974919 2.00245
0.757802 0.616771 -0.212906 28.6875 -0.622893 0.78099 0.0453821 16.6224 0.194268 0.0982269 0.976018 1.99921
0.688856 0.665998 -0.286222 28.7521 -0.654073 0.741274 0.150671 16.6581 0.312515 0.0834195 0.946243 2.02583
0.600883 0.740483 -0.30104 28.8455 -0.712892 0.666792 0.217192 16.772 0.361558 0.0841017 0.928549 2.0428
0.655767 0.687663 -0.311591 28.9256 -0.664666 0.721599 0.193686 16.8633 0.358035 0.0800906 0.930267 2.04117
0.728747 0.609547 -0.312058 29.0071 -0.595476 0.789102 0.150752 16.8932 0.338136 0.075963 0.938026 2.05162
0.695187 0.65342 -0.299596 29.2579 -0.657548 0.746446 0.102218 17.1269 0.290424 0.125938 0.948574 2.0683
0.702895 0.63139 -0.327545 29.5283 -0.642485 0.761168 0.0885201 17.4041 0.305208 0.148222 0.94068 2.08781
0.632011 0.714317 -0.300523 29.6625 -0.715827 0.686676 0.126758 17.6058 0.296907 0.13501 0.945314 2.11553
0.553758 0.778447 -0.295587 29.8167 -0.762115 0.616835 0.196711 17.6999 0.335458 0.116341 0.934844 2.10958
0.494455 0.840512 -0.221484 30.0258 -0.790509 0.540791 0.287471 17.7634 0.361399 0.0329433 0.931829 2.12088
0.40723 0.896753 -0.1732 30.189 -0.859226 0.440454 0.260251 17.8545 0.309668 0.0428357 0.94988 2.10663
0.417243 0.900899 -0.119536 30.5794 -0.84708 0.433174 0.307923 17.8395 0.329188 -0.0272216 0.943872 2.11014
0.349993 0.924343 -0.15197 30.8531 -0.886417 0.379263 0.265375 17.9534 0.302934 0.041829 0.952093 2.11472
0.462554 0.867396 -0.183487 31.2535 -0.829036 0.496514 0.257241 18.0057 0.314234 0.03313 0.948767 2.12466
0.442857 0.876353 -0.189429 31.6917 -0.838069 0.479687 0.259886 18.1401 0.318619 0.0436619 0.946877 2.13314
0.484073 0.853491 -0.192941 32.0268 -0.799636 0.521016 0.298537 18.1125 0.355324 0.00976853 0.934692 2.1494
0.451222 0.870256 -0.197619 32.3618 -0.821093 0.491599 0.290063 18.162 0.349578 0.0313811 0.936382 2.14225
0.481211 0.858686 -0.176337 32.7061 -0.806702 0.512502 0.294235 18.1622 0.343028 0.000662736 0.939325 2.13293
0.417829 0.893619 -0.163901 32.9778 -0.851719 0.448068 0.27168 18.2711 0.316218 0.0260818 0.948328 2.12144
0.426011 0.884311 -0.191072 33.3785 -0.839666 0.465098 0.280438 18.3713 0.336861 0.0409665 0.940663 2.1335
0.325371 0.932015 -0.159628 33.5396 -0.868339 0.36133 0.339747 18.451 0.374328 0.0280672 0.926872 2.1597
0.340161 0.926348 -0.161769 33.8022 -0.882136 0.373936 0.286372 18.477 0.325772 0.0452893 0.944363 2.14669
0.391438 0.91619 -0.0858597 33.8774 -0.893796 0.400738 0.201339 18.4445 0.218872 -0.00207055 0.975751 2.09798
0.340217 0.939518 -0.0394806 33.9303 -0.932931 0.342499 0.111063 18.4455 0.117868 -0.000952945 0.993029 2.07231
0.336372 0.941248 0.0300942 33.9694 -0.941697 0.335925 0.0190114 18.4247 0.00778504 -0.0347345 0.999366 2.03689
0.333781 0.942253 -0.027371 33.9901 -0.941759 0.334587 0.0337771 18.4373 0.0409845 0.0145028 0.999055 2.0403
0.284563 0.958144 -0.031366 33.9682 -0.958535 0.284897 0.0066574 18.445 0.0153148 0.0281709 0.999486 2.02687
0.280395 0.959536 -0.0258794 33.9547 -0.959812 0.27994 -0.0198786 18.4379 -0.0118295 0.0304132 0.999467 2.02037
0.27292 0.961602 -0.0289135 33.9717 -0.953478 0.27437 0.124899 18.4429 0.128036 -0.00651911 0.991748 2.04731
0.334997 0.93973 -0.0684467 34.0263 -0.924534 0.34185 0.16845 18.5129 0.181696 0.00685115 0.983331 2.05901
0.409923 0.909942 -0.0629936 33.9669 -0.903143 0.414585 0.111591 18.5126 0.127658 0.0111483 0.991756 2.06075
0.452824 0.887827 -0.0819359 34.018 -0.880211 0.459789 0.117567 18.5947 0.142052 0.0188837 0.989679 2.1132
0.436415 0.895162 -0.0907045 34.1071 -0.889738 0.444356 0.104466 18.6861 0.133819 0.035113 0.990384 2.11948
0.482333 0.875967 0.00616451 34.1929 -0.875987 0.482309 0.00495534 18.705 0.00136752 -0.00779015 0.999969 2.08641
0.533434 0.844965 -0.0384955 34.2415 -0.844417 0.534624 0.0337182 18.7286 0.0490713 0.0145198 0.99869 2.09953
0.595304 0.802846 -0.0324182 34.2289 -0.802468 0.5961 0.0266444 18.7568 0.0407158 0.0101531 0.999119 2.10526
0.711852 0.70186 0.0256751 34.2219 -0.702318 0.711574 0.0202923 18.7938 -0.00402735 -0.0324772 0.999464 2.08488
0.691112 0.721809 -0.0368306 34.2284 -0.721967 0.691836 0.0112106 18.873 0.0335727 0.0188427 0.999259 2.11495
0.592516 0.804992 -0.0302081 34.2072 -0.805535 0.59179 -0.029977 18.9245 -0.00625444 0.0420955 0.999094 2.12051
0.490401 0.869877 -0.0531157 34.1617 -0.871134 0.491044 -0.00107567 18.9614 0.0251465 0.0467984 0.998588 2.13694
0.440066 0.89782 0.0161428 34.059 -0.89754 0.439234 0.0386657 19.0211 0.0276244 -0.0315043 0.999122 2.18832
0.420241 0.906821 0.0327664 34.033 -0.907297 0.419337 0.031139 19.1616 0.0144974 -0.0428147 0.998978 2.2976
0.318205 0.947997 -0.00686345 34.0554 -0.947848 0.318 -0.0214421 19.2472 -0.0181445 0.0133285 0.999747 2.30546
0.299366 0.95409 0.00959291 34.0361 -0.954051 0.299459 -0.0105425 19.4306 -0.0129312 -0.00599606 0.999898 2.34013
0.39519 0.916766 0.0580176 34.0329 -0.917265 0.397231 -0.0288449 19.5291 -0.0494904 -0.0418184 0.997899 2.4123
0.40701 0.913358 0.0109694 34.1247 -0.91308 0.407157 -0.0225373 19.6371 -0.0250508 -0.000843032 0.999686 2.47129
0.444031 0.895827 0.0182033 34.2446 -0.893873 0.444282 -0.0600425 19.6523 -0.0618751 0.0103892 0.99803 2.42996
0.544911 0.838379 -0.0138954 34.299 -0.837754 0.543659 -0.0510178 19.5614 -0.0352178 0.0394411 0.998601 2.3826
0.590902 0.80624 0.0284854 34.3604 -0.804164 0.591467 -0.0590552 19.5186 -0.0644608 0.0119889 0.997848 2.34418
0.554252 0.831922 -0.0266689 34.4981 -0.830501 0.554871 0.0488421 19.4303 0.0554306 -0.00492227 0.99845 2.34229
0.557139 0.829564 -0.0376775 34.7104 -0.817127 0.555743 0.153143 19.3697 0.147981 -0.0545346 0.987486 2.32114
0.617498 0.777844 -0.116856 34.8239 -0.753473 0.627592 0.195975 19.3391 0.225776 -0.0329666 0.973621 2.27385
0.652147 0.748686 -0.119054 34.9295 -0.726282 0.662044 0.184962 19.3144 0.217297 -0.0341561 0.975508 2.24734
0.699691 0.714327 -0.0130026 35.0459 -0.701552 0.690392 0.176587 19.344 0.135118 -0.114434 0.984199 2.20869
0.676894 0.736045 -0.00720067 35.2802 -0.732674 0.674669 0.0894982 19.4423 0.0707328 -0.055305 0.995961 2.18756
0.661289 0.747898 0.057832 35.4873 -0.750103 0.659967 0.0422989 19.5486 -0.00653193 -0.0713517 0.99743 2.16891
0.614204 0.787444 0.0518251 35.7186 -0.789085 0.613654 0.0278139 19.6877 -0.00990079 -0.0579778 0.998269 2.17845
0.546591 0.837363 -0.00782547 35.8602 -0.836621 0.546462 0.0379996 19.8755 0.0360958 -0.0142233 0.999247 2.20527
0.52026 0.852405 0.0522983 36.0696 -0.85375 0.517622 0.0563676 20.0741 0.0209773 -0.0739754 0.997039 2.21302
0.460537 0.887325 0.0236642 36.4189 -0.885826 0.457729 0.0761337 20.2963 0.0567235 -0.0560248 0.996817 2.22196
0.457162 0.889049 0.024382 36.6689 -0.889036 0.456045 0.0404817 20.4153 0.0248709 -0.0401831 0.998883 2.23419
0.474311 0.880002 -0.0250232 36.94 -0.876743 0.474746 0.0770644 20.4295 0.0796965 -0.0146135 0.996712 2.23745
0.449808 0.893079 -0.00913135 37.1822 -0.88668 0.447764 0.115347 20.4405 0.107103 -0.0437876 0.993283 2.22933
0.42477 0.905212 0.012723 37.3957 -0.904416 0.423692 0.0501577 20.4946 0.0400127 -0.0328124 0.99866 2.23121
0.517278 0.855511 0.0229076 37.7867 -0.854892 0.515289 0.0603052 20.5584 0.0397877 -0.0507781 0.997917 2.23483
0.454874 0.889666 0.0397881 38.1957 -0.890542 0.45466 0.0147953 20.7558 -0.00492722 -0.042163 0.999099 2.25036
0.45958 0.886952 0.0458488 38.6156 -0.888136 0.458936 0.0243333 20.7769 0.00054086 -0.0519031 0.998652 2.21749
0.41153 0.911082 0.0239348 38.9108 -0.910861 0.412046 -0.0234589 20.8159 -0.0312352 -0.0121472 0.999438 2.20504
0.459847 0.884534 0.0783584 39.3581 -0.886106 0.462835 -0.0244923 20.7225 -0.0579312 -0.0581712 0.996624 2.17165
0.452346 0.890337 0.0517923 39.6876 -0.88983 0.454463 -0.0408164 20.6595 -0.059878 -0.0276232 0.997823 2.16481
0.363754 0.929789 0.0563485 40.0947 -0.929792 0.36608 -0.0383693 20.3453 -0.0563034 -0.0384354 0.997674 2.13223
0.306046 0.951113 0.0414725 40.3628 -0.952 0.306012 0.00732527 20.1271 -0.00572393 -0.0417237 0.999113 2.12165
0.280926 0.958933 0.0390948 40.7585 -0.95955 0.281428 -0.00788039 19.6983 -0.0185591 -0.0352996 0.999204 2.08951
0.313067 0.94961 0.0151941 41.06 -0.949248 0.312357 0.0369053 19.3576 0.0302996 -0.0259768 0.999203 2.06556
0.316818 0.948208 -0.0229756 41.3674 -0.941565 0.317334 0.112938 18.8589 0.11438 -0.0141479 0.993336 2.05539
0.300869 0.952509 -0.0469542 41.6132 -0.939396 0.304493 0.157538 18.5335 0.164354 -0.00328971 0.986396 2.05273
0.331998 0.939661 -0.0825529 41.8887 -0.910697 0.342104 0.23151 18.1474 0.245782 -0.00168015 0.969324 2.06291
0.349769 0.927375 -0.132806 42.0285 -0.877425 0.373959 0.300466 17.9813 0.328309 0.0114331 0.944501 2.06531
0.309485 0.935181 -0.17221 42.2233 -0.871959 0.351346 0.340945 17.8563 0.379351 0.0446425 0.924175 2.06538
0.402964 0.903337 -0.146978 42.4459 -0.855385 0.428844 0.290532 17.7619 0.325479 0.00864932 0.94551 2.021
0.493881 0.856279 -0.15122 42.6942 -0.806786 0.516125 0.287596 17.7303 0.324311 -0.0200363 0.945738 2.03814
0.422156 0.881522 -0.211431 42.9881 -0.844741 0.467164 0.261093 17.7975 0.328932 0.0683828 0.941874 2.0456
0.4663 0.859478 -0.209432 43.3793 -0.840948 0.504147 0.196578 17.8219 0.274539 0.084457 0.95786 2.004
0.503374 0.855399 -0.122093 43.6067 -0.836853 0.517812 0.177614 17.9246 0.215153 0.0127678 0.976497 2.00374
0.558818 0.825229 -0.0819722 43.8434 -0.823101 0.563985 0.0665265 18.1309 0.101131 0.0302952 0.994412 1.98608
0.583174 0.811682 -0.0328655 44.0542 -0.812077 0.583546 0.00219457 18.2066 0.0209598 0.0254095 0.999457 1.97317
0.613554 0.789424 0.0189901 44.2689 -0.788227 0.613714 -0.0453162 18.311 -0.0474282 0.0128354 0.998792 1.97037
0.560534 0.827456 0.0334448 44.4657 -0.818863 0.559833 -0.126689 18.4165 -0.123553 0.0436266 0.991379 1.95537
0.571822 0.809855 0.130978 44.7505 -0.794008 0.586496 -0.159918 18.4467 -0.206329 -0.0125528 0.978402 1.93704
0.563834 0.80184 0.197849 44.9091 -0.771786 0.596835 -0.219395 18.5307 -0.294003 -0.0289944 0.955365 1.9403
0.665982 0.723224 0.182798 44.9899 -0.697172 0.690613 -0.192365 18.5986 -0.265365 0.000670041 0.964148 1.95265
0.752444 0.62231 0.215775 45.0655 -0.592212 0.782595 -0.191914 18.6485 -0.288294 0.0166199 0.957398 1.93604
0.821405 0.523852 0.225552 45.1196 -0.505501 0.851809 -0.137446 18.6544 -0.264128 -0.0011181 0.964487 1.94062
0.885829 0.404637 0.227103 45.1622 -0.39891 0.914103 -0.0727132 18.6395 -0.237018 -0.0261821 0.971152 1.95317
0.941231 0.260951 0.214451 45.1828 -0.262172 0.964741 -0.023248 18.6075 -0.212957 -0.0343413 0.976458 1.9773
0.97204 0.117646 0.203219 45.2645 -0.116238 0.993042 -0.0188929 18.5729 -0.204028 -0.00525718 0.978951 1.94578
0.983072 0.0232419 0.181737 45.4277 -0.0186133 0.999459 -0.027133 18.4629 -0.182269 0.023291 0.982973 1.94904
0.987505 -0.0907808 0.128809 45.5354 0.0910929 0.995836 0.00347905 18.397 -0.128589 0.00829801 0.991663 1.97193
0.998767 -0.0313149 0.0385264 45.7988 0.0313634 0.999508 -0.000657344 18.4354 -0.0384868 0.00186485 0.999257 2.00223
0.996351 0.0852882 0.00335152 45.9943 -0.0852927 0.996355 0.00123695 18.4578 -0.00323381 -0.00151829 0.999994 2.00698
0.973498 0.22707 -0.0272021 46.2376 -0.226935 0.973877 0.00799364 18.5057 0.0283066 -0.00160869 0.999598 2.01084
0.935741 0.341222 -0.0892027 46.4037 -0.34045 0.939951 0.0241996 18.5719 0.0921036 0.00772453 0.995719 2.04904
0.898099 0.426801 -0.106109 46.5572 -0.430042 0.902767 -0.00866404 18.6533 0.0920939 0.0534125 0.994317 2.07016
0.866151 0.485243 -0.119675 46.8393 -0.482108 0.87433 0.0558516 18.6888 0.131737 0.00932024 0.991241 2.0762
0.809238 0.578671 -0.101362 47.2309 -0.567406 0.814582 0.120444 18.7763 0.152265 -0.0399544 0.987532 2.09677
0.764673 0.640769 -0.0684804 47.4088 -0.631139 0.766137 0.121232 18.8208 0.130147 -0.049482 0.990259 2.11477
0.719082 0.691841 -0.0654004 47.6107 -0.676002 0.718209 0.164916 18.8337 0.161067 -0.0743775 0.984137 2.0973
0.683341 0.723769 -0.0959374 47.9934 -0.704613 0.688184 0.172981 18.8833 0.191221 -0.050606 0.980242 2.11581
0.616186 0.783321 -0.0819942 48.2284 -0.771973 0.621313 0.134266 18.9599 0.156117 -0.0194354 0.987547 2.11676
0.596958 0.802125 -0.0153659 48.6452 -0.792826 0.592752 0.141676 19.0646 0.12275 -0.072392 0.989794 2.12367
0.565492 0.824753 0.000872875 48.882 -0.823905 0.564861 0.045968 19.1961 0.0374193 -0.0267137 0.998943 2.10062
0.572523 0.814133 0.0969772 49.1079 -0.818717 0.574012 0.014556 19.3132 -0.0438156 -0.0877305 0.99518 2.07319
0.592164 0.795786 0.126755 49.4857 -0.804009 0.594013 0.0268081 19.4578 -0.0539607 -0.117787 0.991572 2.08651
0.586533 0.804666 0.0921529 49.7628 -0.806438 0.590762 -0.0256506 19.6484 -0.0750806 -0.0592706 0.995414 2.10283
