1 0.000496722 -0.000173897 -0.0219503 -0.00049637 0.999998 0.00201669 -0.00256827 0.000174899 -0.00201661 0.999998 -0.00536601
1 0.0008849 0.000170444 0.00101848 -0.000884982 0.999999 0.000486058 -0.0380324 -0.000170014 -0.000486209 1 -0.00446511
0.99771 0.0661373 -0.0141941 0.0235577 -0.0661896 0.997802 -0.00324626 -0.0424247 0.0139482 0.00417832 0.999894 0.0107247
0.981705 0.185096 -0.0446654 0.0451773 -0.184849 0.98272 0.00962292 -0.132075 0.0456747 -0.0011905 0.998956 0.109708
0.97533 0.206959 -0.0768082 -0.0294943 -0.206538 0.978346 0.0134733 -0.199969 0.0779334 0.00272289 0.996955 0.283356
0.974138 0.220655 -0.0486373 -0.105074 -0.220923 0.975291 -0.000119033 -0.232604 0.0474093 0.010861 0.998816 0.332997
0.955642 0.290059 -0.0511247 -0.115831 -0.291686 0.956112 -0.0277456 -0.241725 0.0408331 0.0414272 0.998307 0.366109
0.931021 0.344165 -0.12145 -0.129558 -0.344377 0.93862 0.0199057 -0.259269 0.120846 0.0232919 0.992398 0.412328
0.928339 0.343346 -0.142477 -0.128399 -0.347046 0.937847 -0.00119229 -0.277278 0.133212 0.0505529 0.989797 0.460788
0.905954 0.406791 -0.117334 -0.00745628 -0.404621 0.91348 0.0428511 -0.474158 0.124614 0.00865477 0.992168 0.581322
0.860067 0.497492 -0.113082 0.00495045 -0.487822 0.866817 0.10324 -0.529702 0.149382 -0.0336298 0.988207 0.775768
0.789696 0.598801 -0.133483 0.0818477 -0.585198 0.800543 0.129131 -0.552528 0.184182 -0.0238602 0.982602 0.9334
0.780431 0.597851 -0.183035 0.236682 -0.587322 0.80138 0.113322 -0.605501 0.21443 0.0190607 0.976553 0.890725
0.808612 0.517371 -0.280134 0.263348 -0.493762 0.855663 0.155046 -0.681822 0.319917 0.0129477 0.947357 0.908287
0.756236 0.544274 -0.363143 0.299256 -0.505148 0.838417 0.204651 -0.694928 0.415852 0.0286765 0.90898 0.968497
0.813213 0.455102 -0.362722 0.473273 -0.435348 0.889341 0.139805 -0.554117 0.386209 0.0442194 0.921351 0.986669
0.873111 0.355146 -0.333988 0.573171 -0.348727 0.9337 0.0812071 -0.518934 0.340685 0.0455678 0.939073 0.967842
0.919272 0.240659 -0.311484 0.731592 -0.241741 0.969682 0.0357569 -0.52105 0.310646 0.0424282 0.949578 0.953949
0.955036 0.163845 -0.247106 0.857793 -0.170144 0.98541 -0.00420632 -0.476857 0.242811 0.0460608 0.968979 0.921898
0.98495 0.127309 -0.116906 0.962254 -0.134428 0.989387 -0.0551518 -0.386886 0.108644 0.0700372 0.99161 0.850906
0.998231 0.00929364 -0.0587189 1.01341 -0.0142942 0.996251 -0.0853231 -0.277746 0.0577058 0.0860115 0.994622 0.799655
0.988437 -0.14414 -0.0470661 1.01384 0.138983 0.985348 -0.098859 -0.252056 0.0606261 0.0911746 0.993988 0.801806
0.946924 -0.3181 -0.0463349 0.98816 0.312586 0.944805 -0.0981465 -0.285785 0.0749979 0.0784537 0.994093 0.809959
0.889632 -0.454622 -0.0432789 0.956669 0.448414 0.887549 -0.105739 -0.343307 0.0864834 0.0746618 0.993452 0.796054
0.808465 -0.584401 -0.0697162 0.871161 0.576226 0.810079 -0.108336 -0.43749 0.119787 0.0474137 0.991667 0.781331
0.729708 -0.682764 -0.0368682 0.765014 0.676444 0.728717 -0.106749 -0.579513 0.0997508 0.0529561 0.993602 0.788002
0.643136 -0.762758 -0.0676528 0.733336 0.748712 0.6449 -0.153409 -0.714078 0.160643 0.0480106 0.985844 0.799461
0.52297 -0.8513 -0.0423248 0.749305 0.836814 0.522241 -0.164335 -0.827678 0.162002 0.0505243 0.985496 0.798501
0.463169 -0.886076 -0.0185289 0.876836 0.871847 0.459288 -0.170112 -0.730692 0.159243 0.0626364 0.98525 0.809299
0.324219 -0.945554 -0.0284593 0.9457 0.930764 0.324233 -0.168972 -0.757629 0.168999 0.0282949 0.98521 0.833279
0.318382 -0.947443 -0.0313753 0.996533 0.930147 0.318614 -0.182513 -0.830472 0.182918 0.0289253 0.982703 0.845909
0.447487 -0.892429 -0.057671 1.04424 0.874278 0.450129 -0.18172 -0.839959 0.188132 0.0308971 0.981658 0.828925
0.588576 -0.804907 -0.0755266 1.10397 0.787293 0.5919 -0.172696 -0.852775 0.183709 0.0421833 0.982075 0.810209
0.719281 -0.690142 -0.0796208 1.15624 0.67653 0.721887 -0.145555 -0.880273 0.157931 0.0508291 0.986141 0.807673
0.820219 -0.56542 -0.0868402 1.18782 0.553738 0.822863 -0.12756 -0.89908 0.143583 0.0565405 0.988022 0.80666
0.923385 -0.371799 -0.0955285 1.23119 0.361863 0.926111 -0.106649 -0.925095 0.128122 0.0639101 0.989697 0.806824
0.975779 -0.202842 -0.0819228 1.26482 0.194538 0.975873 -0.0991343 -0.95252 0.100055 0.080796 0.991696 0.787348
0.990293 -0.0770163 -0.115704 1.39532 0.0688407 0.994948 -0.0730724 -1.03335 0.120747 0.064398 0.990592 0.801677
0.984136 0.0582249 -0.167591 1.55766 -0.0653254 0.997172 -0.037167 -1.0417 0.164953 0.0475253 0.985156 0.809348
0.958498 0.171038 -0.228098 1.65116 -0.180824 0.983257 -0.0225555 -1.02963 0.220421 0.0628649 0.973377 0.813598
0.916111 0.306884 -0.257997 1.77815 -0.315359 0.94893 0.00894547 -1.01692 0.247566 0.0731667 0.966104 0.820347
0.907691 0.288737 -0.304514 2.01723 -0.293688 0.955415 0.0304931 -0.9391 0.299742 0.0617538 0.95202 0.854824
0.912596 0.341764 -0.224425 2.07614 -0.346865 0.937751 0.017565 -0.782396 0.216458 0.0618153 0.974333 0.846412
0.937549 0.281275 -0.204664 1.98033 -0.284798 0.958504 0.0126588 -0.667668 0.199732 0.0464195 0.978751 0.846917
0.967356 0.17831 -0.180077 1.78848 -0.188442 0.981241 -0.0406801 -0.543463 0.169446 0.0732864 0.982811 0.851208
0.954248 0.27089 -0.126607 1.63177 -0.272141 0.962227 0.00763905 -0.463142 0.123894 0.0271655 0.991924 0.854944
0.959281 0.273682 -0.0698468 1.5382 -0.279519 0.955386 -0.0954259 -0.421696 0.0406144 0.111064 0.992983 0.838871
0.97937 0.200285 -0.0268433 1.40642 -0.201705 0.976948 -0.0699086 -0.422129 0.0122229 0.0738808 0.997192 0.817828
0.985799 0.167341 0.0140453 1.25568 -0.164961 0.980638 -0.105536 -0.371893 -0.0314338 0.10172 0.994316 0.774388
0.981213 0.192411 -0.0141392 1.07908 -0.192882 0.97671 -0.0939845 -0.3467 -0.00427375 0.094946 0.995473 0.735983
0.986006 0.148353 0.0760537 0.923961 -0.143777 0.987634 -0.0625061 -0.37233 -0.0843862 0.0506966 0.995143 0.579547
0.986848 0.144279 0.072903 0.863073 -0.136634 0.985481 -0.100787 -0.403762 -0.086386 0.0895004 0.992233 0.439574
0.975085 0.218027 0.040904 0.852781 -0.210317 0.967256 -0.142064 -0.452737 -0.0705384 0.129922 0.989012 0.457116
0.947097 0.318456 0.0399009 0.848897 -0.296634 0.916028 -0.270002 -0.475079 -0.122534 0.243883 0.962033 0.49971
0.932348 0.352911 0.0786191 0.892455 -0.330627 0.920181 -0.209649 -0.483223 -0.146331 0.169472 0.974611 0.586067
0.9172 0.397972 0.0190553 1.02129 -0.392105 0.910099 -0.134063 -0.50638 -0.0706955 0.115491 0.99079 0.655091
0.914972 0.391038 0.0995784 1.14993 -0.381526 0.918706 -0.102066 -0.51138 -0.131395 0.0553953 0.989781 0.685171
0.948739 0.312818 0.0451625 1.25493 -0.301053 0.937922 -0.172246 -0.501575 -0.0962407 0.14982 0.984018 0.689413
0.979539 0.197851 0.0368527 1.39298 -0.190204 0.969946 -0.151747 -0.488437 -0.0657683 0.141632 0.987732 0.707539
0.993924 0.0773544 0.0783026 1.54564 -0.0699084 0.993139 -0.0937401 -0.46992 -0.0850166 0.0876966 0.992513 0.713605
0.999102 0.0110913 0.0408874 1.90766 -0.00608252 0.992677 -0.12065 -0.422564 -0.0419262 0.120293 0.991853 0.737707
0.991409 -0.0791876 0.104108 2.19079 0.0921369 0.987728 -0.126115 -0.426278 -0.0928431 0.134624 0.986538 0.7258
0.984018 -0.132487 0.118977 2.46344 0.144783 0.98425 -0.101437 -0.410393 -0.103664 0.117042 0.987702 0.72068
0.994204 -0.0894984 0.0595676 2.67183 0.0990765 0.977834 -0.184456 -0.340193 -0.0417388 0.189288 0.981034 0.747638
0.99768 -0.0472862 -0.0489772 2.89044 0.0392981 0.987466 -0.152859 -0.274245 0.0555915 0.15058 0.987034 0.77227
0.976644 -0.20349 -0.0689819 3.1158 0.183313 0.956598 -0.226532 -0.192042 0.112085 0.208596 0.971558 0.765174
0.946045 -0.292493 -0.139451 3.25915 0.245599 0.927979 -0.280241 -0.143103 0.211376 0.230872 0.949746 0.801881
0.966577 -0.206324 -0.15218 3.64775 0.166461 0.956509 -0.239545 -0.00383925 0.194986 0.206207 0.958884 0.812393
0.959857 -0.262831 -0.0979534 4.05309 0.230726 0.938433 -0.257117 0.0606603 0.159501 0.224195 0.961403 0.790957
0.967725 -0.241806 -0.0709809 4.52274 0.218748 0.945847 -0.239838 0.168802 0.125132 0.216571 0.968214 0.784873
0.96417 -0.261149 -0.0466584 4.90857 0.238532 0.930395 -0.278331 0.214514 0.116097 0.257229 0.959351 0.774897
0.95896 -0.280815 -0.0392409 5.33041 0.264081 0.934933 -0.236986 0.30224 0.103237 0.216897 0.97072 0.791578
0.950824 -0.298428 -0.0829093 5.79292 0.283007 0.945853 -0.15896 0.421656 0.125858 0.127679 0.983798 0.804464
0.969935 -0.239984 -0.0404264 6.10806 0.231018 0.960171 -0.157169 0.462475 0.0765344 0.143104 0.986744 0.791418
0.981457 -0.190951 0.0167218 6.46272 0.191231 0.96944 -0.153677 0.557653 0.0131339 0.154025 0.98798 0.774726
0.965324 -0.259978 0.023705 6.83291 0.260446 0.952886 -0.155487 0.588941 0.0178348 0.156269 0.987554 0.786992
0.98928 -0.133999 -0.0580428 7.03357 0.124495 0.981657 -0.144399 0.597124 0.0763275 0.135625 0.987816 0.811484
0.988307 -0.00129999 -0.152471 7.18621 -0.0207718 0.989493 -0.143078 0.58691 0.151055 0.144572 0.977896 0.845965
0.960702 0.115112 -0.252588 7.31034 -0.139965 0.986698 -0.0826807 0.531874 0.23971 0.114785 0.964035 0.873505
0.933034 0.213273 -0.289762 7.3586 -0.233509 0.971661 -0.0367294 0.507487 0.273717 0.101932 0.956394 0.883326
0.885599 0.311654 -0.344364 7.39128 -0.33489 0.942219 -0.00851413 0.516796 0.321813 0.122864 0.938798 0.898866
0.815815 0.450425 -0.362715 7.40381 -0.473372 0.880398 0.0285881 0.579731 0.332211 0.148377 0.931461 0.919806
0.757785 0.515361 -0.400206 7.35409 -0.518409 0.84798 0.110375 0.694916 0.396249 0.12383 0.909754 0.93885
0.766826 0.557978 -0.317235 7.26073 -0.56802 0.820083 0.0693988 0.871926 0.298882 0.126979 0.945804 0.921032
0.79295 0.480639 -0.374455 7.2582 -0.494335 0.86678 0.0657636 1.03348 0.356179 0.132959 0.92491 0.970904
0.825581 0.379147 -0.417927 7.30766 -0.420054 0.907476 -0.00651104 1.25678 0.37679 0.180927 0.908457 0.982545
0.859495 0.277648 -0.429163 7.34922 -0.34146 0.936664 -0.0778743 1.42909 0.38036 0.213475 0.899864 0.999373
0.903929 0.162205 -0.39573 7.39087 -0.234326 0.961881 -0.140985 1.52782 0.357777 0.22017 0.90748 1.00864
0.929504 0.0124292 -0.368601 7.44984 -0.0894996 0.977159 -0.192742 1.59403 0.357787 0.212144 0.909386 1.01217
0.937773 -0.10065 -0.332342 7.49248 0.0268426 0.97522 -0.219604 1.61552 0.346209 0.197018 0.917237 1.00273
0.934087 -0.21824 -0.282584 7.52806 0.151218 0.958771 -0.240606 1.6205 0.323443 0.182015 0.928577 0.980971
0.926132 -0.310695 -0.213889 7.53631 0.261464 0.937491 -0.229668 1.63041 0.271876 0.156779 0.949476 0.963186
0.893975 -0.418829 -0.159347 7.58089 0.377502 0.89548 -0.235813 1.64564 0.241457 0.150657 0.958645 0.941217
0.814506 -0.569118 -0.112624 7.66939 0.538408 0.813824 -0.218651 1.6608 0.216094 0.117455 0.969282 0.915704
0.716317 -0.692521 -0.085469 7.76405 0.661631 0.713009 -0.232083 1.61653 0.221663 0.109696 0.968934 0.921212
0.627783 -0.77675 -0.0504781 7.84973 0.753918 0.6229 -0.208811 1.52134 0.193637 0.0930319 0.976652 0.90056
0.60851 -0.793106 0.026419 7.72145 0.785178 0.596937 -0.164809 1.30422 0.114941 0.121032 0.985972 0.836318
0.549745 -0.835304 -0.00691655 7.5408 0.823014 0.543036 -0.166613 1.04523 0.142928 0.0859021 0.985998 0.828958
0.50238 -0.864423 0.0196754 7.35594 0.859285 0.496605 -0.122527 0.828643 0.0961444 0.078462 0.99227 0.786802
0.513109 -0.8578 0.0299752 7.04153 0.857032 0.51011 -0.0726929 0.618162 0.0470653 0.0629891 0.996904 0.762973
0.568803 -0.820546 0.0562761 6.85744 0.822052 0.564988 -0.070846 0.382652 0.0263371 0.0865592 0.995899 0.726852
0.686646 -0.726991 0.00108885 6.86294 0.719233 0.679098 -0.14673 0.318954 0.105932 0.101535 0.989176 0.769431
0.796449 -0.604216 -0.0243484 6.89588 0.594861 0.790083 -0.148015 0.29983 0.10867 0.103402 0.988685 0.799566
0.873258 -0.486644 -0.024467 6.9946 0.477033 0.864086 -0.160608 0.311115 0.0993007 0.128581 0.986715 0.782868
0.894597 -0.446683 -0.0130475 7.41232 0.437656 0.881671 -0.176392 0.35215 0.0902949 0.152089 0.984234 0.78058
0.936104 -0.351094 -0.0210065 7.70685 0.342092 0.922728 -0.177613 0.414742 0.0817422 0.159078 0.983876 0.792416
0.922317 -0.385858 -0.0211064 8.11706 0.377377 0.91111 -0.165724 0.44016 0.0831763 0.144885 0.985946 0.795772
0.950415 -0.310132 -0.0230172 8.50414 0.303644 0.941422 -0.146716 0.459871 0.0671703 0.132452 0.988911 0.784694
0.953594 -0.298671 -0.0381176 9.00099 0.292695 0.949229 -0.115297 0.464936 0.0706184 0.0987902 0.992599 0.787349
0.952439 -0.290468 -0.0921357 9.4995 0.282233 0.954853 -0.0927431 0.545326 0.114915 0.0623284 0.991418 0.815119
0.924558 -0.377091 -0.0547334 9.96472 0.368831 0.921721 -0.119979 0.672437 0.0956917 0.0907397 0.991267 0.825745
0.915377 -0.383369 -0.122932 10.3281 0.369524 0.921254 -0.12142 0.821187 0.1598 0.0657189 0.984959 0.839762
0.924006 -0.356858 -0.13735 10.9116 0.34164 0.931797 -0.122624 1.00126 0.171741 0.066381 0.982903 0.871422
0.931864 -0.356999 -0.064663 11.5062 0.346792 0.928836 -0.130378 1.28754 0.106606 0.0990695 0.989354 0.859068
0.893302 -0.441673 -0.0832846 11.7806 0.427777 0.892344 -0.143972 1.39957 0.137907 0.0929832 0.986071 0.873169
0.934175 -0.346966 -0.0832571 12.2226 0.332821 0.931424 -0.147242 1.6202 0.128635 0.10984 0.98559 0.886655
0.918958 -0.392853 -0.0343764 12.6 0.386669 0.914746 -0.117163 1.77608 0.0774734 0.0943754 0.992518 0.871856
0.929636 -0.367282 -0.0296881 13.053 0.36106 0.924041 -0.12563 2.0364 0.0735748 0.106071 0.991633 0.894709
0.901224 -0.428858 -0.0622646 13.4428 0.417728 0.897949 -0.138529 2.2162 0.11532 0.0988362 0.988399 0.905223
0.922241 -0.366825 -0.122111 13.7594 0.34393 0.922686 -0.174251 2.40482 0.17659 0.118704 0.9771 0.923378
0.953459 -0.285987 -0.095532 14.2166 0.27019 0.951002 -0.150308 2.6343 0.133837 0.117501 0.984013 0.938897
0.974942 -0.207835 -0.0793325 14.5167 0.200443 0.975378 -0.0919826 2.79505 0.0964963 0.0737761 0.992595 0.955576
0.994538 -0.0644942 -0.0820696 14.7084 0.0590205 0.995975 -0.0674603 2.98106 0.08609 0.062248 0.994341 0.987569
0.982276 -0.124313 -0.140285 14.9928 0.105039 0.984941 -0.137322 3.25924 0.155244 0.120153 0.980542 1.01142
0.98639 -0.0574596 -0.154057 15.2008 0.0368616 0.99038 -0.133373 3.51828 0.160238 0.125879 0.979019 1.02564
0.988069 0.0228749 -0.152307 15.5953 -0.04057 0.99264 -0.114108 3.84966 0.148576 0.118925 0.981724 1.04458
0.990051 0.033478 -0.136669 16.0431 -0.0487347 0.992752 -0.10986 4.17787 0.132 0.115428 0.984506 1.06271
0.988217 -0.0926663 -0.121823 16.5483 0.0777241 0.989463 -0.122158 4.49455 0.131859 0.11125 0.985006 1.07948
0.964992 -0.228375 -0.128979 16.8043 0.208568 0.966345 -0.150588 4.70809 0.159029 0.118415 0.980147 1.09417
0.977761 -0.178645 -0.109861 17.1287 0.162395 0.976396 -0.142402 4.88214 0.132707 0.121394 0.983693 1.11161
0.991763 -0.0789169 -0.100888 17.6076 0.0692918 0.993006 -0.0955906 4.94187 0.107726 0.0878125 0.990295 1.09129
0.998344 0.0375625 -0.0435645 17.8402 -0.0412848 0.995269 -0.0879526 4.97843 0.0400547 0.0896055 0.995172 1.06325
0.990125 0.140184 0.00114184 18.1183 -0.139565 0.986456 -0.0861779 5.0138 -0.0132071 0.0851675 0.996279 1.04876
0.995528 0.079744 -0.0506544 18.6103 -0.0835596 0.993421 -0.0783067 5.07437 0.0440766 0.0821891 0.995642 1.0734
0.968543 0.21294 -0.128763 18.7105 -0.225496 0.969866 -0.0922551 5.06916 0.105238 0.118389 0.987375 1.09448
0.87402 0.471516 -0.117315 18.776 -0.480464 0.874673 -0.0640421 5.02346 0.0724156 0.11234 0.991028 1.09435
0.734625 0.669233 -0.111595 18.8039 -0.674551 0.738091 -0.0142164 5.01297 0.072853 0.0857201 0.993652 1.09844
0.60522 0.789377 -0.102917 18.8037 -0.791147 0.610777 0.0322157 4.99995 0.0882898 0.061925 0.994168 1.10427
0.482929 0.870452 -0.0953606 18.7514 -0.8662 0.490835 0.0936982 5.0127 0.128366 0.0373518 0.991023 1.11598
0.350591 0.931591 -0.0960455 18.6894 -0.916595 0.362366 0.168953 5.07773 0.192199 0.0288015 0.980933 1.09577
0.216748 0.974662 -0.0552712 18.6287 -0.959636 0.223116 0.171223 5.17835 0.179216 0.0159281 0.983681 1.07471
0.0902173 0.995788 -0.0163142 18.5873 -0.978094 0.0916761 0.186889 5.26116 0.187598 -0.000903828 0.982246 1.08986
-0.0937299 0.99549 0.0146633 18.5957 -0.974695 -0.0947542 0.202463 5.34705 0.202939 0.00468463 0.97918 1.12543
-0.233241 0.971798 0.0347324 18.6248 -0.958619 -0.235781 0.159554 5.47034 0.163243 0.00391944 0.986578 1.15016
-0.32892 0.940833 0.0815185 18.6672 -0.920744 -0.338681 0.193716 5.59945 0.209863 -0.0113406 0.977665 1.20331
-0.419451 0.903482 0.0882117 18.705 -0.893274 -0.428097 0.137092 5.81028 0.161623 -0.021294 0.986623 1.20239
-0.523266 0.844928 0.110856 18.8391 -0.829498 -0.534823 0.160923 5.91818 0.195257 -0.00774881 0.980722 1.23125
-0.558855 0.826488 0.0678116 18.9684 -0.823996 -0.562648 0.0667608 5.96535 0.0933311 -0.0185669 0.995462 1.19618
-0.495247 0.86812 0.0331284 18.9955 -0.868689 -0.495311 -0.00684514 5.97884 0.0104664 -0.0321683 0.999428 1.1686
-0.390141 0.92075 -0.00301969 19.0222 -0.920747 -0.39015 -0.00285365 5.98332 -0.00380563 0.00166704 0.999991 1.1628
-0.185522 0.982565 -0.0121054 19.0454 -0.982573 -0.18564 -0.00939979 6.00162 -0.0114832 0.0101506 0.999883 1.15645
-0.00167508 0.999883 -0.0152248 19.1155 -0.999795 -0.00198148 -0.0201321 6.02082 -0.0201599 0.015188 0.999681 1.14681
0.201356 0.979085 -0.0291349 19.1909 -0.979475 0.20098 -0.0153238 6.03537 -0.00914782 0.0316224 0.999458 1.15245
0.389263 0.919839 -0.0486893 19.3209 -0.92109 0.389177 -0.0116275 6.02743 0.00825333 0.0493733 0.998746 1.15692
0.566703 0.822384 -0.0503174 19.5212 -0.823712 0.56688 -0.0120695 6.01863 0.0185982 0.0482868 0.99866 1.15026
0.700901 0.710904 -0.0579165 19.6709 -0.713237 0.699198 -0.0491393 6.03212 0.00556185 0.07575 0.997111 1.14402
0.835694 0.545682 -0.0620217 19.7965 -0.549108 0.832232 -0.0766166 5.99176 0.00980822 0.0980846 0.99513 1.12376
0.935221 0.345405 -0.0778308 19.9675 -0.35064 0.934022 -0.0682283 5.93216 0.0491293 0.0910991 0.994629 1.12241
0.982781 0.176206 -0.0556195 20.1262 -0.180642 0.979548 -0.088626 5.9232 0.0388655 0.0971472 0.994511 1.13128
0.995483 0.0563185 -0.0764327 20.4733 -0.0648673 0.991313 -0.114415 5.92553 0.0693251 0.118856 0.990488 1.13688
0.990971 -0.0931656 -0.0964165 20.8226 0.081459 0.989553 -0.11895 5.89616 0.106491 0.110022 0.988208 1.13538
0.971237 -0.231343 -0.0563801 21.0982 0.223944 0.967926 -0.113877 5.90506 0.0809163 0.0979752 0.991894 1.13505
0.942461 -0.332137 -0.0381027 21.4976 0.323784 0.935206 -0.143364 5.9837 0.0832506 0.122778 0.988936 1.1326
0.895517 -0.445026 0.000858783 21.7156 0.440017 0.885146 -0.15133 6.02094 0.0665858 0.135897 0.988483 1.12541
0.824605 -0.565703 0.00260822 21.8607 0.561117 0.817316 -0.130929 6.04689 0.071935 0.109428 0.991388 1.12775
0.716635 -0.697149 0.0204426 22.1398 0.69198 0.707047 -0.145766 6.05984 0.0871667 0.118607 0.989108 1.12558
0.639941 -0.767949 0.0270313 22.3528 0.760459 0.627864 -0.165796 6.11522 0.110351 0.126656 0.98579 1.12148
0.532289 -0.844064 0.0649943 22.722 0.840618 0.517909 -0.158528 6.0788 0.100147 0.139018 0.985213 1.11843
0.413522 -0.906675 0.0833135 23.1321 0.906094 0.400812 -0.135435 6.02556 0.0894027 0.131495 0.987277 1.11594
0.314055 -0.945927 0.0811925 23.5672 0.944541 0.302656 -0.127439 5.98103 0.0959748 0.116713 0.988518 1.11097
0.21446 -0.975865 0.0411725 23.7822 0.973905 0.210444 -0.0849844 5.88728 0.0742688 0.0583239 0.995531 1.10824
0.118435 -0.989565 0.0820659 24.0955 0.990014 0.111315 -0.086498 5.84483 0.0764603 0.0914907 0.992866 1.083
0.0586644 -0.993296 0.0996051 24.326 0.991032 0.045948 -0.125479 5.81871 0.120061 0.106073 0.987083 1.08827
-0.0555078 -0.996575 0.0612879 24.5143 0.992449 -0.061794 -0.105956 5.73777 0.10938 0.0549437 0.99248 1.08634
-0.142587 -0.98819 0.0561226 24.8371 0.984372 -0.1475 -0.0962035 5.73025 0.103345 0.0415281 0.993778 1.07128
-0.194433 -0.979087 0.0598672 25.1588 0.966279 -0.201679 -0.160094 5.74082 0.16882 0.0267209 0.985285 1.09683
-0.282209 -0.956367 0.0756291 25.4709 0.944147 -0.290852 -0.154894 5.7466 0.170133 0.0276924 0.985032 1.08552
-0.304337 -0.95006 0.0690356 25.771 0.931576 -0.311978 -0.186643 5.86271 0.19886 0.00750947 0.979999 1.12052
-0.4033 -0.91401 0.0439809 26.1085 0.901644 -0.405127 -0.151359 5.83294 0.156162 -0.021388 0.9875 1.10588
-0.475164 -0.876325 0.0792058 26.2466 0.863049 -0.481705 -0.15201 5.65814 0.171364 -0.00387129 0.9852 1.09006
-0.557834 -0.825265 0.0880804 26.4563 0.813794 -0.564724 -0.137204 5.46909 0.162971 -0.00485803 0.986619 1.06677
-0.603913 -0.796556 0.0280665 26.6402 0.791556 -0.603506 -0.0960218 5.36551 0.093425 -0.0357727 0.994983 1.04261
-0.505828 -0.860374 0.0624064 26.7538 0.853957 -0.509663 -0.10489 5.35037 0.122051 0.000236065 0.992524 1.04222
-0.374976 -0.922095 0.095573 26.8512 0.916469 -0.384248 -0.111525 5.40404 0.13956 0.0457707 0.989155 1.04644
-0.259868 -0.964379 0.0494203 26.9922 0.954525 -0.264283 -0.137975 5.52875 0.146122 0.0113174 0.989202 1.06517
-0.125498 -0.991238 0.0411906 27.0614 0.978172 -0.130562 -0.161659 5.80827 0.16562 0.0200036 0.985987 1.08578
-0.0536398 -0.998167 0.0280236 26.9781 0.980691 -0.0579445 -0.186781 6.25612 0.188063 0.0174636 0.982002 1.13873
0.0727034 -0.997017 0.0259278 26.8561 0.977945 0.0661609 -0.198106 6.37515 0.1958 0.039759 0.979838 1.16256
0.18093 -0.983037 0.0300448 26.6647 0.973339 0.174599 -0.14875 6.5643 0.140981 0.0561572 0.988418 1.16123
0.277078 -0.960737 -0.0145581 26.5097 0.947431 0.275701 -0.162369 6.8382 0.160008 0.0311962 0.986623 1.20458
0.411914 -0.911219 -0.00247504 26.3882 0.893121 0.404268 -0.197234 6.94751 0.180724 0.0790331 0.980353 1.21543
0.531193 -0.847008 0.0202522 26.2632 0.835815 0.51996 -0.176221 7.03713 0.138731 0.110535 0.984142 1.23011
0.624341 -0.780326 -0.0359182 26.1644 0.757358 0.615945 -0.216843 7.14514 0.191331 0.108181 0.975546 1.23198
0.716496 -0.693357 -0.076746 26.1084 0.671314 0.715232 -0.19437 7.18867 0.189659 0.0877443 0.977922 1.25332
0.826482 -0.551063 -0.115142 26.0369 0.528463 0.82993 -0.178727 7.19634 0.19405 0.0868668 0.977138 1.25691
0.898486 -0.417551 -0.135548 25.9361 0.394331 0.903327 -0.168827 7.18398 0.192938 0.0982375 0.976281 1.26116
0.92208 -0.357839 -0.147376 25.7793 0.338853 0.930486 -0.139194 7.17555 0.186941 0.0784091 0.979237 1.2589
0.939908 -0.308474 -0.146346 25.6507 0.284206 0.944401 -0.165328 7.36255 0.189209 0.1138 0.97532 1.25636
0.947835 -0.284437 -0.143893 25.5763 0.262622 0.952655 -0.153227 7.57391 0.180664 0.107445 0.977659 1.27595
0.935355 -0.301179 -0.185481 25.5627 0.278826 0.950479 -0.137278 8.05229 0.217641 0.0766865 0.973012 1.31899
0.966462 -0.208445 -0.150006 25.5021 0.188366 0.972408 -0.137629 8.32661 0.174555 0.104758 0.979059 1.35476
0.941319 -0.295463 -0.163159 25.4783 0.262304 0.944608 -0.197259 8.68857 0.212404 0.142887 0.966679 1.37785
0.905955 -0.405486 -0.121766 25.4601 0.373996 0.901275 -0.218701 8.86445 0.198425 0.152594 0.968165 1.38495
0.882886 -0.45834 -0.102163 25.4236 0.423842 0.871453 -0.246836 9.18694 0.202165 0.174627 0.963657 1.40389
0.92092 -0.36654 -0.132495 25.4746 0.335776 0.918737 -0.207789 9.586 0.197892 0.146868 0.969159 1.43113
0.957011 -0.25878 -0.131006 25.6317 0.239421 0.95975 -0.146826 10.0044 0.163729 0.109149 0.980449 1.45739
0.979014 -0.183131 -0.089409 25.6755 0.169315 0.975095 -0.143258 10.3042 0.113417 0.125114 0.985638 1.47767
0.962267 -0.24216 -0.124097 25.8173 0.230487 0.96779 -0.101285 10.7268 0.144627 0.0688602 0.987087 1.52768
0.969145 -0.22871 -0.0919255 25.8065 0.217369 0.968833 -0.118799 11.141 0.116231 0.0951517 0.988654 1.5464
0.953621 -0.281804 -0.105801 25.8307 0.265882 0.953365 -0.142835 11.5504 0.141118 0.10808 0.984075 1.55722
0.96656 -0.165509 -0.195876 25.7916 0.142445 0.981675 -0.126583 11.8635 0.213238 0.094449 0.972424 1.61701
0.979875 -0.0303266 -0.197297 25.7303 0.0114994 0.995326 -0.0958804 11.9531 0.199282 0.0916819 0.975644 1.62173
0.963389 0.0664235 -0.25975 25.4782 -0.0947723 0.990646 -0.0981728 12.0887 0.250799 0.119196 0.960673 1.64096
0.952874 0.150811 -0.263225 25.2899 -0.171025 0.983702 -0.0555109 12.1705 0.250563 0.0979129 0.963136 1.65353
0.913465 0.205605 -0.351152 25.2337 -0.220322 0.975425 -0.00200636 12.2796 0.34211 0.0791995 0.936316 1.68742
0.897865 0.314055 -0.308557 25.2178 -0.338779 0.94043 -0.0286219 12.4629 0.281188 0.130231 0.950775 1.67453
0.843959 0.389419 -0.368898 25.2681 -0.41217 0.910917 0.0186341 12.5691 0.343292 0.136322 0.929283 1.69109
0.78857 0.490573 -0.370803 25.2829 -0.488375 0.86603 0.107153 12.618 0.373693 0.0965929 0.922509 1.70941
0.716444 0.612017 -0.334876 25.2514 -0.59533 0.786588 0.163894 12.7193 0.363716 0.0819408 0.927899 1.72366
0.641238 0.702709 -0.308243 25.1996 -0.669707 0.708599 0.222216 12.7836 0.374574 0.0639389 0.92499 1.73129
0.54517 0.783135 -0.299146 25.087 -0.725515 0.619532 0.29968 12.7817 0.420021 0.0536585 0.905927 1.73728
0.439783 0.854477 -0.276514 24.9735 -0.779689 0.516056 0.354643 12.7742 0.44573 0.0596288 0.893179 1.71336
0.341196 0.90107 -0.267691 24.9151 -0.801483 0.427667 0.418001 12.7456 0.491131 0.0719299 0.868111 1.72497
0.365382 0.891946 -0.266325 24.9061 -0.798191 0.447418 0.403371 12.7327 0.478944 0.0651933 0.875421 1.71965
0.348933 0.908952 -0.228149 25.0776 -0.806969 0.415205 0.420007 12.8341 0.476495 0.0375551 0.878375 1.73418
0.433968 0.875754 -0.211484 25.2411 -0.814615 0.48169 0.323075 12.944 0.384804 0.0320742 0.922441 1.72682
0.545403 0.81242 -0.206176 25.3567 -0.771947 0.582708 0.254064 12.9889 0.326547 0.0205903 0.944957 1.71649
0.632221 0.747408 -0.204151 25.4449 -0.723178 0.663813 0.190695 13.0166 0.278045 0.0270761 0.960186 1.71998
0.715704 0.660823 -0.226011 25.6084 -0.640719 0.750042 0.164062 13.0584 0.277934 0.0273893 0.96021 1.73096
0.790045 0.556878 -0.256352 25.6908 -0.538286 0.830256 0.144648 13.1197 0.293389 0.0237123 0.955699 1.74234
0.863499 0.422017 -0.276172 25.8549 -0.410324 0.906233 0.10186 13.2402 0.293263 0.0253639 0.955695 1.7415
0.884346 0.354979 -0.303188 26.0767 -0.366572 0.930178 0.0198455 13.3985 0.289064 0.09359 0.952724 1.75381
0.917903 0.257444 -0.301956 26.384 -0.277101 0.960556 -0.0233858 13.5165 0.284025 0.105138 0.953035 1.75255
0.928427 0.153544 -0.338302 26.6319 -0.173985 0.984268 -0.0307522 13.6088 0.328258 0.0874106 0.940535 1.77191
0.931522 0.0856967 -0.353445 26.9909 -0.120278 0.989748 -0.0770223 13.8351 0.343221 0.114259 0.932279 1.79189
0.930731 -0.0657544 -0.359744 27.1465 0.0213805 0.991804 -0.125967 13.9704 0.365079 0.10955 0.924509 1.8071
0.916288 -0.207035 -0.342859 27.2198 0.163519 0.974816 -0.151639 14.0862 0.365619 0.082881 0.927067 1.83346
0.878437 -0.35072 -0.324568 27.2857 0.303267 0.934067 -0.188544 14.2071 0.369294 0.0671927 0.92688 1.85271
0.832281 -0.463901 -0.303487 27.3689 0.405345 0.882723 -0.237689 14.3906 0.378159 0.074807 0.922713 1.85642
0.860019 -0.455334 -0.230299 27.5258 0.391422 0.878249 -0.274714 14.7383 0.327347 0.146115 0.933539 1.86955
0.895199 -0.40191 -0.192578 27.6511 0.367833 0.910293 -0.189907 15.0238 0.251628 0.0991677 0.96273 1.86757
0.954513 -0.232543 -0.186627 27.6797 0.204471 0.966046 -0.157943 15.1607 0.217019 0.112599 0.969652 1.87707
0.981582 -0.0840794 -0.171544 27.6945 0.0580837 0.98678 -0.151297 15.3096 0.181997 0.138546 0.97349 1.88033
0.97757 0.05236 -0.204 27.7767 -0.0770875 0.990345 -0.115215 15.4278 0.195997 0.128357 0.972167 1.88264
0.965202 0.135792 -0.223486 27.9711 -0.152924 0.986344 -0.0611465 15.7032 0.212131 0.0931951 0.972787 1.91554
0.938346 0.243154 -0.24573 28.0899 -0.271337 0.95848 -0.0876996 15.9743 0.214203 0.148968 0.965363 1.95753
0.923567 0.292368 -0.248082 28.4119 -0.305965 0.951886 -0.0172446 16.3364 0.231104 0.0918311 0.968585 1.98003
0.875072 0.424749 -0.232028 28.4511 -0.432035 0.90161 0.0211055 16.4889 0.218164 0.0817755 0.97248 1.99128
0.823907 0.521266 -0.222392 28.5159 -0.536608 0.843769 -0.0102872 16.613 0.182285 0.127813 0.974903 1.99753
0.758699 0.61562 -0.213044 28.6321 -0.621782 0.781892 0.0450749 16.6354 0.194327 0.098269 0.976002 1.99431
0.689789 0.664907 -0.286513 28.6965 -0.653063 0.742248 0.150256 16.6711 0.31257 0.0834659 0.946221 2.02093
0.601973 0.73943 -0.301448 28.79 -0.711946 0.667953 0.216727 16.7864 0.361608 0.0841513 0.928525 2.03789
0.656747 0.686558 -0.311964 28.8691 -0.663667 0.722644 0.193213 16.877 0.358091 0.0801484 0.93024 2.0364
0.729654 0.608304 -0.312364 28.951 -0.594331 0.790057 0.150269 16.9076 0.338195 0.076003 0.938002 2.04672
0.696121 0.652323 -0.299817 29.2007 -0.656535 0.747397 0.101786 17.1403 0.290479 0.125985 0.948551 2.06345
0.703877 0.630186 -0.327754 29.4709 -0.641382 0.762157 0.088013 17.4192 0.305264 0.148265 0.940655 2.08295
0.633108 0.713231 -0.300792 29.6046 -0.714836 0.687794 0.126293 17.6211 0.296959 0.13506 0.94529 2.11069
0.554923 0.777473 -0.295965 29.7585 -0.761247 0.618051 0.196255 17.7154 0.335504 0.116396 0.93482 2.10476
0.495661 0.839664 -0.222003 29.9673 -0.789734 0.542103 0.287131 17.7791 0.361442 0.0330038 0.93181 2.11607
0.408444 0.896114 -0.173648 30.1296 -0.858638 0.441745 0.260004 17.8689 0.309701 0.0429035 0.949866 2.10187
0.418435 0.900278 -0.120052 30.5198 -0.846478 0.434468 0.307753 17.8543 0.329222 -0.0271533 0.943862 2.10541
0.351242 0.923795 -0.152424 30.7932 -0.885913 0.380589 0.265159 17.9686 0.302963 0.0418995 0.952081 2.11002
0.463717 0.866682 -0.183929 31.1933 -0.828372 0.497756 0.256979 18.0214 0.314271 0.0331959 0.948753 2.11999
0.44403 0.875663 -0.189873 31.6311 -0.837434 0.480939 0.259617 18.1564 0.318655 0.0437287 0.946862 2.12851
0.485241 0.852711 -0.193457 31.969 -0.798911 0.522291 0.298252 18.1303 0.355363 0.00983051 0.934677 2.1449
0.452419 0.869517 -0.198136 32.3007 -0.820417 0.492901 0.289765 18.18 0.349617 0.0314587 0.936364 2.13783
0.482389 0.857919 -0.176847 32.6479 -0.805981 0.513784 0.293974 18.1809 0.343067 0.000725413 0.939311 2.12849
0.419077 0.892947 -0.164378 32.9192 -0.851093 0.449402 0.271438 18.2902 0.316252 0.0261474 0.948315 2.11702
0.427177 0.883647 -0.191542 33.3165 -0.83906 0.466353 0.280168 18.3897 0.336896 0.0410344 0.940647 2.12901
0.326573 0.9315 -0.160181 33.4774 -0.867876 0.362652 0.339521 18.4695 0.374354 0.0281388 0.926859 2.15523
0.341477 0.925774 -0.162281 33.7411 -0.881616 0.375345 0.286127 18.4974 0.3258 0.0453643 0.94435 2.14235
0.392684 0.915623 -0.0862198 33.8148 -0.893242 0.402033 0.201218 18.4634 0.218903 -0.00200005 0.975745 2.09354
0.341525 0.939033 -0.0397144 33.8675 -0.932449 0.343825 0.111008 18.4645 0.117895 -0.000880427 0.993026 2.06787
0.3377 0.940776 0.0299898 33.9064 -0.941221 0.337252 0.0190544 18.4437 0.00781177 -0.0346617 0.999369 2.03246
0.335104 0.94178 -0.0274963 33.927 -0.941288 0.335914 0.0337388 18.4562 0.041011 0.0145759 0.999052 2.03587
0.28591 0.95774 -0.0314533 33.9049 -0.958134 0.286245 0.00661345 18.4638 0.0153373 0.0282456 0.999483 2.02244
0.281745 0.959139 -0.0259296 33.8913 -0.959417 0.281288 -0.0199149 18.4567 -0.0118075 0.0304882 0.999465 2.01594
0.274248 0.961217 -0.0291665 33.9081 -0.953094 0.27572 0.124858 18.4617 0.128058 -0.00644374 0.991746 2.04288
0.336279 0.939249 -0.06876 33.9624 -0.924064 0.343167 0.168353 18.5316 0.181722 0.00692499 0.983326 2.05459
0.411177 0.90936 -0.0632277 33.9029 -0.902568 0.415858 0.111503 18.5312 0.12769 0.01122 0.991751 2.05632
0.454042 0.887182 -0.082178 33.9536 -0.879577 0.46103 0.117452 18.6133 0.142088 0.0189538 0.989673 2.10878
0.437646 0.894538 -0.0909283 34.0425 -0.889128 0.445605 0.104338 18.7048 0.133853 0.0351837 0.990376 2.11507
0.483553 0.875294 0.00607872 34.1281 -0.875314 0.483529 0.00496308 18.7238 0.00140492 -0.0077207 0.999969 2.08201
0.534604 0.84422 -0.0386212 34.1766 -0.843674 0.535799 0.0336637 18.7474 0.0491127 0.014587 0.998687 2.09513
0.596449 0.801991 -0.0325487 34.1636 -0.801615 0.597249 0.0265927 18.7761 0.0407668 0.0102303 0.999116 2.10106
0.712856 0.700845 0.0255534 34.1565 -0.701299 0.712577 0.0203237 18.8131 -0.00396503 -0.0324085 0.999467 2.08068
0.692108 0.720849 -0.0369254 34.1628 -0.72101 0.692834 0.0111583 18.8916 0.0336266 0.0189008 0.999256 2.11056
0.593664 0.804144 -0.0302583 34.1413 -0.804689 0.592937 -0.0300257 18.9436 -0.00620373 0.0421736 0.999091 2.11633
0.491638 0.869173 -0.0532071 34.0956 -0.870435 0.492282 -0.00115693 18.9804 0.0251873 0.0468821 0.998583 2.13276
0.441299 0.897217 0.0160102 33.9928 -0.896934 0.440469 0.0386863 19.0394 0.027658 -0.0314323 0.999123 2.18392
0.421615 0.906188 0.0326336 33.9667 -0.906659 0.420711 0.0311874 19.1817 0.0145324 -0.0427366 0.998981 2.29329
0.319505 0.94756 -0.0069132 33.9886 -0.947411 0.319298 -0.0214531 19.2654 -0.0181208 0.013404 0.999746 2.30108
0.300809 0.953637 0.00952343 33.9691 -0.953597 0.300901 -0.0105293 19.4506 -0.0129067 -0.00591422 0.999899 2.33582
0.396443 0.916227 0.0579784 33.9654 -0.916726 0.39848 -0.0287674 19.5472 -0.0494607 -0.0417457 0.997903 2.40792
0.408253 0.912804 0.0109218 34.057 -0.912526 0.408398 -0.0225239 19.6552 -0.0250203 -0.000770961 0.999687 2.46692
0.445289 0.895202 0.0181955 34.1766 -0.893249 0.445538 -0.0600226 19.6712 -0.0618391 0.0104742 0.998031 2.42582
0.546085 0.837614 -0.0139159 34.231 -0.836991 0.544831 -0.0510428 19.5803 -0.0351724 0.0395212 0.9986 2.37847
0.591991 0.805441 0.0284877 34.2925 -0.803366 0.592553 -0.0590182 19.5369 -0.0644161 0.0120521 0.99785 2.33985
0.555403 0.831148 -0.0268284 34.4301 -0.829729 0.556029 0.0487993 19.4493 0.0554768 -0.00484299 0.998448 2.33818
0.558224 0.828821 -0.037959 34.6425 -0.816379 0.556856 0.153091 19.3884 0.148023 -0.05447 0.987483 2.31684
0.618522 0.776976 -0.117216 34.7558 -0.752617 0.628671 0.195807 19.3586 0.225828 -0.0328922 0.973612 2.26977
0.653132 0.747772 -0.119398 34.8614 -0.72538 0.663081 0.184792 19.3339 0.217353 -0.0340844 0.975498 2.24327
0.700616 0.713415 -0.0133127 34.9777 -0.700619 0.691344 0.176568 19.3631 0.13517 -0.114379 0.984198 2.20441
0.677897 0.735119 -0.00741417 35.2116 -0.731741 0.675684 0.0894823 19.4623 0.0707898 -0.0552346 0.995961 2.18353
0.662321 0.746996 0.0576837 35.4185 -0.749192 0.660996 0.0423726 19.5689 -0.00647656 -0.0712804 0.997435 2.1649
0.615288 0.786605 0.051697 35.6495 -0.788241 0.614735 0.0278791 19.7083 -0.00985007 -0.0579034 0.998274 2.17446
0.547734 0.836615 -0.00796726 35.7907 -0.835872 0.547609 0.0379829 19.8962 0.03614 -0.0141449 0.999247 2.2013
0.521382 0.851728 0.0521497 35.9999 -0.853064 0.518745 0.0564347 20.0943 0.0210147 -0.0739111 0.997043 2.20883
0.461696 0.886727 0.0234903 36.3488 -0.88522 0.458894 0.076163 20.317 0.0567562 -0.0559582 0.996819 2.21779
0.458325 0.888454 0.0242552 36.5986 -0.888436 0.457209 0.0405118 20.4362 0.0249032 -0.0401168 0.998885 2.23005
0.47545 0.879382 -0.0251971 36.8695 -0.876122 0.475895 0.0770299 20.4507 0.0797299 -0.0145481 0.99671 2.23333
0.450955 0.892498 -0.00935431 37.1116 -0.886093 0.448928 0.115334 20.4621 0.107134 -0.0437215 0.993283 2.22523
0.425943 0.904663 0.0125851 37.325 -0.903864 0.424869 0.0501725 20.5164 0.0400421 -0.0327458 0.998661 2.22712
0.518526 0.85476 0.0227391 37.716 -0.854134 0.516541 0.0603369 20.5834 0.0398279 -0.0507085 0.997919 2.23088
0.456026 0.889081 0.039697 38.1245 -0.889953 0.455811 0.0148449 20.7786 -0.00489599 -0.0420981 0.999101 2.24634
0.460725 0.886363 0.0457458 38.5442 -0.887543 0.46008 0.0243906 20.8002 0.00057226 -0.0518387 0.998655 2.21349
0.412704 0.910552 0.0238937 38.8392 -0.910331 0.413218 -0.0234299 20.8395 -0.0312075 -0.0120815 0.99944 2.20107
0.460989 0.883943 0.078319 39.2866 -0.885515 0.46397 -0.0243935 20.7467 -0.0579001 -0.0581075 0.99663 2.1677
0.45349 0.889756 0.0517739 39.6161 -0.88925 0.455603 -0.0407519 20.6841 -0.0598476 -0.0275593 0.997827 2.16088
0.364946 0.929323 0.0563272 40.0236 -0.929326 0.367269 -0.0382992 20.3704 -0.0562795 -0.0383692 0.997678 2.12833
0.307261 0.950725 0.0413929 40.2919 -0.951608 0.307226 0.00737621 20.1525 -0.00570423 -0.0416563 0.999116 2.11776
0.28215 0.958576 0.0390348 40.6881 -0.959191 0.28265 -0.00783257 19.7242 -0.0185413 -0.0352318 0.999207 2.08565
0.314273 0.949213 0.0150772 40.9899 -0.948848 0.313566 0.0369225 19.3838 0.0303197 -0.0259098 0.999204 2.06171
0.318007 0.947805 -0.0231884 41.2979 -0.941161 0.31854 0.112907 18.8855 0.1144 -0.0140811 0.993335 2.05157
0.302051 0.952121 -0.047223 41.5441 -0.939014 0.305703 0.157476 18.5604 0.164373 -0.00322283 0.986393 2.04891
0.333137 0.939226 -0.0829142 41.8201 -0.910275 0.343297 0.231403 18.1746 0.245804 -0.00161423 0.969318 2.05911
0.35086 0.926899 -0.133252 41.96 -0.876981 0.375136 0.300296 18.0087 0.328331 0.0114981 0.944493 2.06152
0.310565 0.934731 -0.172706 42.1549 -0.871566 0.352532 0.340725 17.8839 0.37937 0.0447078 0.924164 2.06159
0.404026 0.902792 -0.147412 42.3775 -0.854874 0.42999 0.290343 17.7898 0.325505 0.0087125 0.9455 2.01723
0.494882 0.855625 -0.151649 42.6258 -0.80616 0.51721 0.287402 17.7585 0.324343 -0.0199763 0.945729 2.03438
0.423204 0.880924 -0.211827 42.9196 -0.844206 0.468281 0.260823 17.826 0.32896 0.0684444 0.94186 2.04185
0.467388 0.858804 -0.209773 43.3107 -0.840332 0.505283 0.196295 17.852 0.274573 0.0845333 0.957843 2.00064
0.50442 0.854741 -0.122385 43.538 -0.836215 0.518896 0.177458 17.9538 0.215186 0.0128275 0.976489 2.00004
0.559897 0.82448 -0.0821445 43.7744 -0.822362 0.565076 0.0664117 18.1616 0.101173 0.0303688 0.994405 1.98276
0.5842 0.810941 -0.0329368 43.985 -0.811338 0.584574 0.00215109 18.2364 0.0209984 0.0254662 0.999455 1.96949
0.614555 0.788645 0.0189791 44.1995 -0.787449 0.614713 -0.0452939 18.341 -0.0473875 0.0128905 0.998793 1.96671
0.561578 0.826744 0.0335373 44.3962 -0.818152 0.56088 -0.126648 18.4468 -0.123516 0.0436842 0.991381 1.95173
0.572841 0.809112 0.131114 44.681 -0.793283 0.587521 -0.159754 18.4774 -0.206291 -0.0124964 0.978411 1.93341
0.564831 0.801086 0.198061 44.8393 -0.771071 0.59785 -0.219146 18.5615 -0.293966 -0.0289385 0.955378 1.93668
0.666882 0.72235 0.182975 44.92 -0.696329 0.691527 -0.192135 18.6295 -0.265321 0.000720656 0.96416 1.94904
0.753212 0.621318 0.215952 44.9956 -0.591259 0.783381 -0.191642 18.6795 -0.288244 0.0166638 0.957412 1.93242
0.822061 0.522774 0.22566 45.0497 -0.504461 0.85247 -0.137162 18.6855 -0.264073 -0.00108086 0.964502 1.93701
0.886349 0.403483 0.227128 45.0922 -0.397789 0.914613 -0.0724278 18.6706 -0.236958 -0.0261529 0.971168 1.94956
0.941576 0.259733 0.214414 45.1129 -0.260982 0.96507 -0.0229787 18.6386 -0.212893 -0.0343219 0.976473 1.97369
0.9722 0.116391 0.203176 45.1946 -0.115009 0.99319 -0.0186379 18.6041 -0.203962 -0.00524745 0.978965 1.94218
0.983108 0.0219775 0.181704 45.358 -0.0173709 0.999487 -0.0269051 18.4943 -0.182202 0.0232943 0.982985 1.94545
0.987398 -0.0920392 0.128737 45.4656 0.0923404 0.995721 0.00363997 18.4286 -0.128521 0.00829355 0.991672 1.96834
0.998729 -0.0325773 0.0384592 45.729 0.0326249 0.999467 -0.000610482 18.4672 -0.0384188 0.00186443 0.99926 1.99866
0.996458 0.08403 0.00328198 45.9244 -0.0840344 0.996462 0.00123939 18.4899 -0.00316622 -0.0015108 0.999994 2.00341
0.973782 0.225841 -0.0272801 46.1677 -0.225706 0.974163 0.00795751 18.5381 0.0283723 -0.00159161 0.999596 2.0073
0.936163 0.340034 -0.0893008 46.3337 -0.339269 0.940381 0.0240852 18.6045 0.0921666 0.00774928 0.995713 2.0455
0.898635 0.425657 -0.106165 46.487 -0.428909 0.903305 -0.00879972 18.6861 0.0921541 0.053443 0.99431 2.06663
0.86675 0.484138 -0.119812 46.7691 -0.481014 0.874942 0.0556988 18.7219 0.131795 0.00935461 0.991233 2.07269
0.809943 0.577645 -0.101581 47.1605 -0.566384 0.815312 0.120314 18.8099 0.152319 -0.0399138 0.987525 2.09328
0.76546 0.639805 -0.0687004 47.3384 -0.630174 0.766945 0.121144 18.8547 0.130198 -0.0494374 0.990255 2.1113
0.719924 0.690939 -0.065675 47.5403 -0.675094 0.719082 0.164832 18.8678 0.161114 -0.0743295 0.984133 2.09384
0.684216 0.722904 -0.0962219 47.9228 -0.703751 0.689097 0.172858 18.9179 0.191266 -0.0505559 0.980235 2.11237
0.617148 0.782538 -0.0822303 48.1577 -0.771196 0.622301 0.134161 18.9948 0.156158 -0.0193814 0.987542 2.11334
0.59795 0.801382 -0.0156115 48.5744 -0.792073 0.593763 0.141654 19.0999 0.122789 -0.0723368 0.989793 2.12027
0.566528 0.824042 0.000747311 48.811 -0.823191 0.565901 0.0459674 19.2318 0.0374562 -0.026657 0.998943 2.09724
0.573558 0.813415 0.0968914 49.0368 -0.817994 0.575039 0.0146767 19.3491 -0.0437781 -0.0876746 0.995187 2.06982
0.593181 0.795044 0.126654 49.4143 -0.803261 0.595016 0.0269663 19.4941 -0.0539219 -0.117732 0.99158 2.08317
0.587555 0.803924 0.0921178 49.6912 -0.805697 0.591777 -0.025536 19.6851 -0.0750422 -0.0592153 0.995421 2.0995
