1 -0.000149642 2.51979e-05 -0.00111413 0.000149634 1 0.000326084 -0.000317571 -2.52467e-05 -0.00032608 1 -0.000338417
0.999944 -0.00749053 -0.00751312 -2.01137 0.00746779 0.999967 -0.00305014 -0.0324674 0.00753572 0.00299386 0.999967 0.0660283
0.999786 -0.012974 -0.0161047 -4.06115 0.0128979 0.999905 -0.00482078 -0.0387096 0.0161658 0.00461203 0.999859 0.12778
0.999634 -0.0142365 -0.0230241 -6.13492 0.0141304 0.999889 -0.00476517 -0.0736911 0.0230894 0.00443808 0.999724 0.193439
0.999465 -0.0177111 -0.027514 -8.18768 0.0176087 0.999837 -0.00395947 -0.100991 0.0275796 0.00347286 0.999614 0.258001
0.999492 -0.019922 -0.0248687 -10.5179 0.0198179 0.999794 -0.00442448 -0.140401 0.0249518 0.00392939 0.999681 0.323658
0.99934 -0.0212375 -0.0294846 -12.5647 0.0210378 0.999754 -0.00706663 -0.186897 0.0296274 0.00644167 0.99954 0.388843
0.999342 -0.022978 -0.0280561 -15.3373 0.0227911 0.999716 -0.00696282 -0.24067 0.0282081 0.00631881 0.999582 0.473577
0.999262 -0.0227008 -0.03097 -17.7084 0.0224735 0.999718 -0.00766782 -0.280392 0.0311353 0.00696616 0.999491 0.555362
0.999409 -0.0188065 -0.0287817 -20.2137 0.0186191 0.999804 -0.00676757 -0.32445 0.0289034 0.00622768 0.999563 0.626956
0.999509 -0.0143967 -0.0278219 -22.8345 0.0142214 0.999878 -0.00648991 -0.359871 0.0279119 0.00609106 0.999592 0.716732
0.999432 -0.0121129 -0.0314548 -24.8759 0.0119706 0.999917 -0.00471015 -0.369604 0.0315092 0.00433094 0.999494 0.774555
0.999483 -0.00822787 -0.0310737 -26.9961 0.00815052 0.999963 -0.0026153 -0.374954 0.0310941 0.00236068 0.999514 0.842601
0.999585 -0.00554209 -0.0282557 -29.177 0.00545758 0.99998 -0.00306705 -0.378592 0.0282721 0.00291157 0.999596 0.921842
0.999444 -0.000689979 -0.0333366 -32.137 0.000493148 0.999982 -0.0059122 -0.379498 0.0333401 0.00589247 0.999427 1.02281
0.999607 0.00261142 -0.0279245 -34.4256 -0.00279628 0.999974 -0.0065831 -0.379658 0.0279066 0.00665859 0.999588 1.08529
0.999431 0.00545915 -0.0332879 -36.7619 -0.00555559 0.999981 -0.00280531 -0.342889 0.0332719 0.00298864 0.999442 1.16112
0.999379 0.0038009 -0.035028 -39.156 -0.00386678 0.999991 -0.00181329 -0.326723 0.0350208 0.00194761 0.999385 1.24196
0.999521 0.0026388 -0.0308213 -41.568 -0.00267964 0.999996 -0.00128359 -0.316184 0.0308178 0.00136557 0.999524 1.31292
0.999407 0.00124489 -0.0344116 -44.8143 -0.00125881 0.999999 -0.000382901 -0.296302 0.034411 0.000425992 0.999408 1.42241
0.999274 5.1605e-06 -0.0380988 -47.2647 -1.31067e-05 1 -0.000208318 -0.29678 0.0380988 0.000208667 0.999274 1.49935
0.999673 -5.30292e-06 -0.0255731 -49.7176 -4.29956e-05 0.999998 -0.0018881 -0.290113 0.0255731 0.00188858 0.999671 1.58061
0.999448 -0.000794449 -0.033211 -52.1246 0.000781019 1 -0.000417374 -0.298619 0.0332114 0.000391206 0.999448 1.6655
0.999548 -0.0010353 -0.0300417 -54.4844 0.00105163 0.999999 0.00052774 -0.296951 0.0300411 -0.000559094 0.999549 1.73902
0.999737 -0.000571789 -0.0229081 -56.8037 0.000550209 0.999999 -0.000948291 -0.298999 0.0229086 0.000935438 0.999737 1.82407
0.9996 -0.000436563 -0.0282703 -59.1333 0.000431441 1 -0.000187275 -0.299198 0.0282704 0.000175003 0.9996 1.90343
0.999662 -0.000546263 -0.0260029 -61.4112 0.000554984 1 0.000328141 -0.301346 0.0260027 -0.000342461 0.999662 1.98623
0.999868 0.00158977 -0.0161647 -63.6124 -0.00165185 0.999991 -0.00382762 -0.301488 0.0161584 0.00385382 0.999862 2.07131
0.999793 0.00434921 -0.0198783 -65.8076 -0.00444272 0.999979 -0.00466228 -0.302149 0.0198576 0.00474962 0.999792 2.15334
0.999831 0.00735394 -0.0168615 -67.9764 -0.00742431 0.999964 -0.00411465 -0.281248 0.0168306 0.00423914 0.999849 2.23689
0.999755 0.00982143 -0.0198322 -70.1623 -0.00997683 0.99992 -0.00775211 -0.262942 0.0197545 0.00794807 0.999773 2.31346
0.999755 0.011634 -0.0188441 -72.325 -0.0117862 0.999899 -0.00798359 -0.250976 0.0187493 0.00820374 0.999791 2.39652
0.999723 0.0132627 -0.0194552 -74.4906 -0.0134603 0.999859 -0.0100603 -0.235438 0.019319 0.0103194 0.99976 2.45786
0.999445 0.01451 -0.029973 -76.6698 -0.0146853 0.999876 -0.00563568 -0.196536 0.0298875 0.00607272 0.999535 2.51789
0.999735 0.016234 -0.0163473 -78.8478 -0.0163445 0.999844 -0.00664956 -0.164531 0.0162368 0.00691499 0.999844 2.59915
0.999811 0.0171641 -0.00911007 -81.0115 -0.0172437 0.999813 -0.00873017 -0.132535 0.00895852 0.00888561 0.99992 2.69006
0.999751 0.0184025 -0.0126563 -83.22 -0.0185595 0.999751 -0.0124018 -0.0973434 0.0124249 0.0126336 0.999843 2.76775
0.999637 0.0192403 0.0188613 -85.3777 -0.0193175 0.999806 0.00392198 -0.0398418 -0.0187822 -0.00428491 0.999814 2.89623
0.999766 0.0215256 0.00234399 -87.6205 -0.0215321 0.999764 0.00279307 0.0490627 -0.00228332 -0.00284289 0.999993 3.00433
0.999421 0.0227036 -0.0253432 -89.8499 -0.0228011 0.999734 -0.0035681 0.0551508 0.0252555 0.00414389 0.999672 3.03378
0.999505 0.0277758 -0.0147902 -92.0021 -0.0278511 0.9996 -0.004905 0.129934 0.014648 0.0053145 0.999879 3.10795
0.999237 0.0322566 -0.0220023 -94.2938 -0.032278 0.999479 -0.000617167 0.22838 0.0219709 0.00132688 0.999758 3.19073
0.999052 0.0374345 -0.0222111 -96.5818 -0.0373319 0.99929 0.00501796 0.335067 0.0223832 -0.00418402 0.999741 3.27646
0.998835 0.0420398 -0.0236915 -98.9106 -0.0420173 0.999116 0.0014488 0.447657 0.0237314 -0.000451662 0.999718 3.37392
0.998632 0.0478634 -0.0210596 -101.279 -0.0477605 0.998844 0.00536254 0.583821 0.0212919 -0.00434938 0.999764 3.47107
0.998464 0.0531132 -0.0157792 -103.672 -0.0531144 0.998588 0.00034502 0.703428 0.0157752 0.000493611 0.999875 3.57757
0.997948 0.0590137 -0.0248576 -106.113 -0.0590244 0.998256 0.000304226 0.856858 0.0248323 0.00116361 0.999691 3.66994
0.997613 0.065368 -0.0222727 -108.592 -0.0654392 0.997853 -0.00248229 1.0239 0.0220626 0.00393387 0.999749 3.76592
0.997265 0.0729248 -0.0119956 -111.067 -0.072978 0.997325 -0.00405412 1.21881 0.0116679 0.00491845 0.99992 3.88219
0.996478 0.0800112 -0.0250906 -113.591 -0.080059 0.99679 -0.000906824 1.41998 0.0249375 0.00291236 0.999685 3.97885
0.99602 0.0875869 -0.0164877 -116.135 -0.0876353 0.99615 -0.0022355 1.67506 0.0162284 0.00367151 0.999862 4.09897
0.995717 0.0919471 -0.00961991 -118.683 -0.0919415 0.995764 0.00101992 1.91986 0.00967293 -0.000131082 0.999953 4.21752
0.995281 0.096463 -0.0105136 -121.276 -0.0964788 0.995335 -0.00100211 2.16428 0.0103679 0.00201172 0.999944 4.36754
0.994756 0.100376 -0.0196341 -123.849 -0.100344 0.994949 0.00259118 2.43691 0.019795 -0.000607432 0.999804 4.48737
0.994177 0.10512 -0.0236998 -126.457 -0.105052 0.994458 0.00407747 2.70813 0.0239971 -0.001564 0.999711 4.57715
0.99383 0.109489 -0.0177253 -129.037 -0.109453 0.993988 0.00296344 3.00782 0.0179432 -0.00100506 0.999839 4.70448
0.993176 0.113942 -0.024882 -131.652 -0.113835 0.993483 0.00567795 3.31522 0.0253668 -0.00280676 0.999674 4.80581
0.992814 0.118228 -0.0184927 -134.287 -0.118076 0.992963 0.00911472 3.64665 0.0194402 -0.00686567 0.999787 4.91829
0.99234 0.121407 -0.0228576 -136.94 -0.121214 0.99258 0.00963708 3.98768 0.023858 -0.00679258 0.999692 5.04075
0.992269 0.121802 -0.023795 -139.588 -0.121631 0.992539 0.00849877 4.3401 0.0246526 -0.00553885 0.999681 5.14902
0.992367 0.121867 -0.0188759 -142.247 -0.121754 0.992535 0.00707203 4.66443 0.0195969 -0.00471983 0.999797 5.26317
0.992461 0.121307 -0.0175047 -144.912 -0.121207 0.992605 0.00667371 4.99733 0.0181848 -0.0045017 0.999825 5.39268
0.992501 0.120333 -0.0214838 -147.586 -0.12024 0.992729 0.00558904 5.33557 0.0220001 -0.00296393 0.999754 5.51045
0.992631 0.119772 -0.0183766 -150.251 -0.119682 0.992795 0.00593868 5.65911 0.0189555 -0.00369557 0.999813 5.62029
0.992768 0.119019 -0.0156625 -152.88 -0.118899 0.992871 0.00835635 5.97666 0.0165454 -0.00643366 0.999842 5.74059
0.992973 0.117282 -0.0158262 -159.745 -0.117107 0.993052 0.0115808 6.82933 0.0170744 -0.00964608 0.999808 6.07498
0.993018 0.116393 -0.0191869 -162.305 -0.116188 0.993161 0.0114839 7.13136 0.0203923 -0.00917447 0.99975 6.18541
0.993005 0.116312 -0.0203012 -164.812 -0.116079 0.993164 0.0123138 7.44019 0.0215947 -0.00987111 0.999718 6.30095
0.993137 0.115553 -0.0180472 -167.303 -0.11532 0.993237 0.0134762 7.74214 0.0194823 -0.0113025 0.999746 6.41076
0.993211 0.115447 -0.0143072 -169.743 -0.115255 0.993244 0.0135479 8.03857 0.0157746 -0.011807 0.999806 6.52097
0.993282 0.115041 -0.0124761 -172.156 -0.114871 0.993288 0.0135729 8.33634 0.0139538 -0.0120485 0.99983 6.64839
0.993134 0.115903 -0.0158322 -174.53 -0.115729 0.993214 0.0114809 8.59018 0.0170554 -0.00956978 0.999809 6.76104
0.993253 0.115054 -0.0145452 -176.899 -0.114933 0.993334 0.00887591 8.86917 0.0154695 -0.00714429 0.999855 6.87148
0.993449 0.113854 -0.00983215 -179.235 -0.113776 0.993473 0.00812289 9.14287 0.0106928 -0.00695101 0.999919 6.9938
0.993525 0.113241 -0.00915345 -181.565 -0.113235 0.993568 0.00116315 9.40267 0.00922629 -0.000119129 0.999957 7.11328
0.99344 0.113516 0.0138601 -183.888 -0.113639 0.993486 0.00847897 9.6745 -0.0128073 -0.00999839 0.999868 7.25934
0.993179 0.11525 -0.0177135 -186.262 -0.115082 0.993303 0.0102418 9.96227 0.0187752 -0.00813343 0.999791 7.3199
0.992763 0.117598 -0.0243579 -188.658 -0.117307 0.99301 0.0130272 10.2605 0.0257196 -0.0100756 0.999618 7.45854
0.992989 0.11766 0.011335 -191 -0.117756 0.993008 0.00827841 10.5383 -0.0102817 -0.00955513 0.999901 7.57071
0.992702 0.119544 -0.0158722 -193.434 -0.11931 0.992744 0.0149653 10.8462 0.017546 -0.0129624 0.999762 7.69047
0.992973 0.11834 -0.000629243 -195.88 -0.11832 0.99288 0.0137885 11.1267 0.00225649 -0.0136171 0.999905 7.78089
0.99291 0.118748 -0.00527922 -198.337 -0.118645 0.992796 0.0167075 11.4398 0.00722517 -0.0159627 0.999846 7.91256
0.992984 0.118175 0.00410444 -200.811 -0.118228 0.992842 0.0169665 11.7397 -0.00207006 -0.0173327 0.999848 8.04615
0.992856 0.119115 -0.00693718 -203.331 -0.118989 0.992761 0.0163777 12.0536 0.00883778 -0.0154352 0.999842 8.18076
0.992919 0.118611 -0.0065908 -205.818 -0.118504 0.992844 0.0147799 12.3385 0.00829669 -0.0138942 0.999869 8.29135
0.992889 0.118928 -0.00525951 -208.289 -0.118845 0.992814 0.0140062 12.6377 0.00688745 -0.0132816 0.999888 8.4194
0.992827 0.119501 -0.00381662 -210.67 -0.119436 0.992741 0.0141823 12.9185 0.00548371 -0.0136247 0.999892 8.54036
0.992843 0.119303 -0.00551152 -213.101 -0.119195 0.992725 0.0170426 13.2187 0.00750466 -0.0162637 0.99984 8.6655
0.99274 0.120277 0.000777661 -215.464 -0.120275 0.99262 0.0154805 13.4966 0.00109004 -0.0154617 0.99988 8.79181
0.992614 0.121171 -0.00595996 -217.772 -0.121046 0.992482 0.0180673 13.7859 0.00810438 -0.0172125 0.999819 8.90734
0.992541 0.121474 0.0103184 -220.069 -0.121619 0.992467 0.0147599 14.0575 -0.0084477 -0.0159047 0.999838 9.04281
0.992604 0.11935 0.0221998 -222.263 -0.119869 0.992506 0.0237149 14.3418 -0.0192031 -0.0262005 0.999472 9.20557
0.992739 0.119851 -0.0102028 -224.578 -0.119599 0.992568 0.0224848 14.6094 0.0128218 -0.0211013 0.999695 9.23183
0.992142 0.125112 0.000974159 -226.822 -0.125109 0.991967 0.0186832 14.8972 0.00137116 -0.0186583 0.999825 9.42439
0.992467 0.122232 0.00828374 -229.092 -0.122381 0.992265 0.0208265 15.1836 -0.005674 -0.0216833 0.999749 9.47886
0.992443 0.122698 0.00140412 -231.409 -0.122697 0.992172 0.0232286 15.4818 0.00145697 -0.0232254 0.999729 9.5914
0.992305 0.123149 0.0128564 -233.694 -0.123363 0.99221 0.0173686 15.7563 -0.0106173 -0.0188209 0.999766 9.73664
0.992505 0.122009 0.00690573 -236.023 -0.122096 0.992418 0.0141107 16.0347 -0.00513175 -0.0148481 0.999877 9.86992
0.992529 0.122007 0.000165705 -238.357 -0.122 0.992464 0.0114812 16.316 0.00123633 -0.0114157 0.999934 9.98838
0.992656 0.120846 0.00549997 -240.695 -0.120909 0.992579 0.0129992 16.6025 -0.00388825 -0.0135687 0.9999 10.0935
0.992645 0.121045 0.00202436 -243.058 -0.121062 0.992539 0.0145184 16.8839 -0.00025188 -0.0146566 0.999893 10.2197
0.992723 0.120275 0.00589973 -245.392 -0.120364 0.99256 0.0183476 17.1722 -0.00364909 -0.0189242 0.999814 10.3439
0.992847 0.119031 0.00926477 -247.742 -0.119176 0.992725 0.0171497 17.4591 -0.00715603 -0.0181312 0.99981 10.4801
0.99288 0.118926 0.00669522 -250.061 -0.119021 0.992761 0.0161339 17.732 -0.00472801 -0.0168159 0.999847 10.6056
0.993022 0.117778 0.00601709 -252.368 -0.117865 0.99288 0.0172594 18.0015 -0.00394147 -0.0178481 0.999833 10.733
0.993283 0.115631 0.00419519 -254.612 -0.115692 0.993092 0.0195828 18.2701 -0.00190183 -0.0199366 0.999799 10.8593
0.993474 0.113861 0.00670587 -256.843 -0.113974 0.993285 0.0198626 18.5252 -0.00439926 -0.0204972 0.99978 10.9816
0.993613 0.112505 0.00870158 -259.025 -0.112665 0.993414 0.020862 18.7619 -0.00629719 -0.0217091 0.999744 11.0984
0.993766 0.111306 0.00627217 -261.216 -0.111414 0.993551 0.0210389 19.0184 -0.00388997 -0.0216065 0.999759 11.2247
0.993378 0.109064 0.0361139 -263.343 -0.109859 0.99373 0.0207922 19.2461 -0.0336198 -0.0246219 0.999131 11.3822
0.992274 0.109524 0.0582815 -265.355 -0.111513 0.993246 0.0320495 19.4864 -0.0543776 -0.0383011 0.997786 11.5325
0.993037 0.108646 0.0455295 -267.491 -0.110203 0.993355 0.0331879 19.6907 -0.0416212 -0.0379743 0.998412 11.5764
0.99355 0.113269 0.00529784 -269.664 -0.113374 0.993149 0.0282934 19.9324 -0.00205677 -0.0287116 0.999586 11.7585
0.99278 0.11192 0.043157 -271.742 -0.11275 0.993473 0.0172951 20.1724 -0.0409396 -0.0220362 0.998919 11.8601
0.993705 0.109844 0.0220125 -273.854 -0.110319 0.99366 0.0216893 20.4327 -0.0194905 -0.0239812 0.999522 11.9743
0.993843 0.106393 0.0309195 -276.075 -0.107112 0.99399 0.0226203 20.6648 -0.028327 -0.0257929 0.999266 12.1114
0.994215 0.102878 0.0308605 -278.214 -0.103583 0.994373 0.022188 20.8784 -0.0284042 -0.0252563 0.999277 12.2586
0.994591 0.0970657 0.0369611 -280.409 -0.09778 0.995045 0.018031 21.0754 -0.0350277 -0.0215476 0.999154 12.4059
0.99527 0.0926807 0.0291222 -282.607 -0.0931672 0.995525 0.0158143 21.283 -0.0275262 -0.0184528 0.999451 12.5519
0.995735 0.0877074 0.02862 -284.819 -0.0881963 0.99597 0.0162903 21.4676 -0.0270759 -0.018745 0.999458 12.6813
0.996188 0.0823739 0.0286906 -287.028 -0.0828501 0.996436 0.0158247 21.6513 -0.0272848 -0.0181414 0.999463 12.826
0.996524 0.0775665 0.0303792 -289.259 -0.0780695 0.996824 0.0157354 21.8201 -0.0290621 -0.0180524 0.999415 12.9691
0.996841 0.0733591 0.0304238 -291.505 -0.0737852 0.997188 0.0131258 21.9788 -0.0293753 -0.0153292 0.999451 13.1126
0.997134 0.069757 0.0293022 -293.752 -0.0702014 0.997429 0.0144196 22.1272 -0.028221 -0.0164353 0.999467 13.2547
0.997373 0.0661478 0.0295128 -296.018 -0.0665725 0.997688 0.0136442 22.2826 -0.028542 -0.0155731 0.999471 13.4015
0.99742 0.0598766 0.0396093 -298.288 -0.0604486 0.998081 0.0134036 22.4186 -0.0387308 -0.0157633 0.999125 13.5559
0.998138 0.0536783 0.0289628 -300.578 -0.0540474 0.998465 0.0121131 22.5301 -0.0282682 -0.0136559 0.999507 13.7159
0.998197 0.0463803 0.0381073 -302.86 -0.0468808 0.998824 0.0123459 22.6214 -0.0374899 -0.0141101 0.999197 13.8732
0.998719 0.0400897 0.0308764 -305.152 -0.0404361 0.999125 0.0106775 22.7162 -0.0304213 -0.0119124 0.999466 14.0364
0.998954 0.0332378 0.0314118 -307.367 -0.0335933 0.999377 0.0108573 22.7991 -0.0310314 -0.0119012 0.999448 14.1848
0.999145 0.0285073 0.0299334 -309.598 -0.0289081 0.999497 0.0130422 22.8588 -0.0295465 -0.0138963 0.999467 14.3335
0.998824 0.0288951 0.0389275 -311.798 -0.0292065 0.999546 0.00745449 22.9011 -0.0386944 -0.00858266 0.999214 14.4925
0.998266 0.0297464 0.0507957 -313.98 -0.0301461 0.99952 0.00712202 22.9571 -0.0505594 -0.00864096 0.998684 14.6697
0.996589 0.0298676 0.0769355 -316.097 -0.0306627 0.999488 0.00917391 23.0139 -0.0766221 -0.0115017 0.996994 14.8908
0.996067 0.022617 0.0856686 -318.247 -0.0238142 0.999632 0.0129786 23.1325 -0.0853436 -0.0149677 0.996239 14.961
0.999152 0.0234355 0.0338526 -320.524 -0.0238973 0.999626 0.0133029 23.1783 -0.0335282 -0.0141007 0.999338 15.0938
0.997062 0.0224457 0.0732349 -322.667 -0.0233616 0.999659 0.0116727 23.1992 -0.0729479 -0.0133493 0.997246 15.2966
0.997846 0.0205197 0.0623146 -324.87 -0.0210414 0.999749 0.00772796 23.2758 -0.0621403 -0.0090225 0.998027 15.4409
0.997649 0.0188465 0.0658863 -327.095 -0.019436 0.999777 0.00831704 23.3323 -0.0657149 -0.00957806 0.997792 15.6119
0.998507 0.0150723 0.0525021 -329.329 -0.0156029 0.999831 0.00971016 23.3888 -0.0523469 -0.0105148 0.998574 15.7633
0.998334 0.0109561 0.0566483 -331.593 -0.0116009 0.999871 0.0110653 23.4458 -0.0565198 -0.011704 0.998333 15.9204
0.998501 0.00597671 0.0544063 -333.892 -0.00696773 0.999813 0.0180438 23.4945 -0.0542882 -0.0183958 0.998356 16.0709
0.998079 0.00152847 0.0619429 -336.207 -0.00275485 0.999802 0.0197179 23.5099 -0.0619005 -0.0198507 0.997885 16.2463
0.99772 -0.0030057 0.0674277 -338.515 0.00191391 0.999866 0.0162508 23.5314 -0.0674675 -0.0160847 0.997592 16.4429
0.998093 -0.00665335 0.0613655 -340.885 0.00599441 0.999922 0.0109158 23.5201 -0.0614333 -0.0105272 0.998056 16.6267
0.99819 -0.00858926 0.0595275 -343.268 0.00812057 0.999934 0.00811094 23.512 -0.0595933 -0.00761285 0.998194 16.7981
0.997916 -0.00917884 0.0638671 -345.658 0.00866874 0.999928 0.00825952 23.507 -0.0639383 -0.00768866 0.997924 16.9763
0.997931 -0.00975554 0.0635454 -348.077 0.00928988 0.999928 0.00761939 23.5028 -0.0636151 -0.0070133 0.99795 17.1636
0.998109 -0.0108742 0.0605029 -350.505 0.0102673 0.999894 0.0103325 23.49 -0.0606088 -0.00969171 0.998115 17.342
0.998193 -0.0129991 0.0586603 -352.977 0.0123785 0.999864 0.0109311 23.4784 -0.0587943 -0.0101852 0.998218 17.5275
0.997676 -0.0150892 0.0664434 -355.442 0.014366 0.999832 0.0113476 23.4549 -0.0666035 -0.0103667 0.997726 17.7203
0.998007 -0.0150388 0.0612848 -357.918 0.0143655 0.999832 0.0114111 23.4407 -0.0614461 -0.0105079 0.998055 17.9049
0.997995 -0.0152985 0.0614233 -360.437 0.0145473 0.999814 0.0126583 23.4262 -0.0616055 -0.0117393 0.998032 18.0927
0.997625 -0.0156247 0.0670822 -362.973 0.0148638 0.99982 0.0118278 23.4234 -0.0672549 -0.0108026 0.997677 18.2983
0.997827 -0.016141 0.0638741 -365.498 0.0154939 0.999824 0.0106119 23.395 -0.0640341 -0.00959922 0.997902 18.4884
0.998009 -0.0168791 0.0607651 -368.075 0.0160388 0.999769 0.0142915 23.3834 -0.0609924 -0.0132884 0.99805 18.6794
0.997334 -0.0190265 0.0704432 -370.649 0.0179951 0.999722 0.0152488 23.3632 -0.0707137 -0.0139405 0.997399 18.892
0.993821 -0.022528 0.108685 -373.232 0.0204645 0.999589 0.0200642 23.3246 -0.109092 -0.017716 0.993874 19.1509
0.985391 -0.0303634 0.167578 -376.65 0.026349 0.999311 0.0261274 23.3353 -0.168256 -0.0213302 0.985513 19.4474
0.994831 -0.0324205 0.0962325 -380.211 0.0306178 0.999328 0.020151 23.2276 -0.0968211 -0.0171005 0.995155 19.6308
0.997839 -0.0340612 0.0561804 -382.788 0.0328326 0.999204 0.0226497 23.1728 -0.0569071 -0.0207563 0.998164 19.8048
0.996731 -0.0372338 0.0717035 -385.497 0.0356644 0.999098 0.0230458 23.1321 -0.0724969 -0.0204132 0.99716 20.0383
0.996881 -0.0393819 0.0683856 -388.159 0.0380297 0.999057 0.0209639 23.0571 -0.0691467 -0.0182979 0.997439 20.2535
0.99724 -0.0415966 0.0615058 -390.872 0.0402961 0.99894 0.0222357 22.9875 -0.0623656 -0.0196959 0.997859 20.4664
0.996439 -0.0443591 0.0717017 -393.506 0.0429145 0.998846 0.0215654 22.8971 -0.0725756 -0.0184116 0.997193 20.6861
0.996896 -0.046123 0.063807 -396.066 0.0448 0.998753 0.0220128 22.8388 -0.0647428 -0.019086 0.997719 20.8913
0.996428 -0.0502256 0.0678844 -398.628 0.0485184 0.998469 0.0265674 22.7563 -0.0691148 -0.0231788 0.997339 21.1015
0.995639 -0.0548729 0.0754494 -401.115 0.0530959 0.998267 0.0253607 22.661 -0.0767102 -0.021244 0.996827 21.3143
0.995919 -0.059172 0.0681448 -403.631 0.0575952 0.99803 0.0248776 22.5357 -0.0694826 -0.0208512 0.997365 21.5286
0.99529 -0.0654949 0.0714701 -406.141 0.0637521 0.997616 0.0264019 22.4201 -0.073029 -0.0217212 0.997093 21.734
0.994691 -0.0723574 0.0731693 -409.455 0.070745 0.997196 0.0243965 22.2138 -0.0747294 -0.0190907 0.997021 22.0232
0.992889 -0.0786897 0.089329 -411.893 0.0755569 0.99642 0.0379314 22.0758 -0.0919939 -0.0309123 0.99528 22.2602
0.992994 -0.0849238 0.0821588 -414.498 0.0824427 0.996045 0.0331397 21.8938 -0.0846482 -0.0261342 0.996068 22.5257
0.995383 -0.0840472 0.046348 -416.93 0.0829863 0.996253 0.0243597 21.7143 -0.0482217 -0.0204009 0.998628 22.66
0.992616 -0.0894248 0.0819523 -419.375 0.0876649 0.99584 0.0248334 21.5235 -0.0838322 -0.0174657 0.996327 22.8521
0.993881 -0.0925402 0.0603076 -421.905 0.0911893 0.995525 0.0247849 21.3503 -0.0623314 -0.0191338 0.997872 23.065
0.99338 -0.0973849 0.060922 -424.416 0.095784 0.994989 0.028675 21.1406 -0.0634092 -0.0226498 0.997731 23.2555
0.992997 -0.102361 0.0589891 -426.939 0.10069 0.994446 0.030645 20.9236 -0.0617983 -0.0244908 0.997788 23.4567
0.99204 -0.107424 0.0656984 -429.482 0.105547 0.993918 0.0314058 20.6832 -0.0686726 -0.0242216 0.997345 23.6699
0.990598 -0.113408 0.0765132 -431.961 0.111414 0.993325 0.029866 20.4493 -0.0793895 -0.0210606 0.996621 23.9003
0.991321 -0.117928 0.0581094 -434.464 0.116669 0.992866 0.0246073 20.1801 -0.0605968 -0.0176142 0.998007 24.1056
0.990472 -0.122696 0.0625315 -436.868 0.121441 0.99232 0.023511 19.9195 -0.064936 -0.0156931 0.997766 24.303
0.989971 -0.127838 0.0601199 -439.273 0.126585 0.99166 0.0242299 19.6397 -0.062716 -0.0163766 0.997897 24.5039
0.988636 -0.132893 0.070269 -441.599 0.131503 0.991024 0.0240663 19.3622 -0.0728364 -0.0145522 0.997238 24.7013
0.98877 -0.137048 0.0595948 -443.889 0.135771 0.990425 0.0249846 19.1094 -0.0624483 -0.0166128 0.99791 24.9044
0.98606 -0.142375 0.0861093 -446.105 0.140308 0.989665 0.0296239 18.8018 -0.089437 -0.0171291 0.995845 25.1588
0.98478 -0.149078 0.089359 -448.286 0.146493 0.988597 0.0348571 18.5441 -0.0935365 -0.0212361 0.995389 25.3391
0.987464 -0.153205 0.0379878 -450.625 0.152355 0.988026 0.02435 18.2336 -0.0412634 -0.0182571 0.998981 25.4213
0.986517 -0.15637 0.048301 -452.707 0.15528 0.98754 0.0255585 17.9164 -0.0516957 -0.0177137 0.998506 25.7058
0.981256 -0.172101 0.0867058 -460.06 0.170184 0.984983 0.029092 16.7794 -0.0904105 -0.0137908 0.995809 26.3485
0.981565 -0.176512 0.0733074 -462.399 0.174946 0.984199 0.0273172 16.4057 -0.0769708 -0.0139888 0.996935 26.5814
0.98077 -0.18088 0.0732923 -464.634 0.179117 0.98337 0.0300058 16.0429 -0.0775009 -0.0163009 0.996859 26.7284
0.980392 -0.185096 0.0676094 -466.933 0.18368 0.982625 0.0266526 15.6607 -0.0713679 -0.0137115 0.997356 26.9542
0.979167 -0.190503 0.0702949 -469.179 0.189032 0.981598 0.0270779 15.2666 -0.0741597 -0.0132258 0.997159 27.1653
0.978665 -0.194615 0.0658807 -471.452 0.193382 0.980814 0.0246563 14.8548 -0.0694151 -0.01139 0.997523 27.3743
0.977565 -0.199595 0.0672906 -473.697 0.198218 0.979796 0.0266166 14.4289 -0.0712436 -0.0126812 0.997378 27.5766
0.976679 -0.203024 0.0698478 -475.89 0.202154 0.979162 0.0193922 14.0023 -0.0723293 -0.00481996 0.997369 27.815
0.972253 -0.209802 0.103478 -477.969 0.207496 0.977689 0.0326915 13.6182 -0.108028 -0.0103131 0.994094 28.0461
0.973474 -0.21016 0.0904496 -480.059 0.207602 0.977516 0.0369232 13.158 -0.0961757 -0.0171662 0.995216 28.2333
0.975971 -0.212681 0.0473989 -482.318 0.211742 0.977029 0.0240895 12.6961 -0.0514335 -0.0134743 0.998586 28.3418
0.974125 -0.214947 0.0698498 -484.312 0.213885 0.976601 0.0224287 12.3308 -0.0730364 -0.0069085 0.997305 28.5784
0.974299 -0.216827 0.061053 -486.38 0.216083 0.976197 0.0186161 11.8639 -0.0636363 -0.00494507 0.997961 28.7277
0.973101 -0.220734 0.0659559 -488.576 0.219818 0.975317 0.0209196 11.3932 -0.0689456 -0.0058586 0.997603 28.9333
0.972457 -0.221936 0.0712169 -490.721 0.22126 0.975061 0.0173384 10.9186 -0.0732888 -0.00110336 0.99731 29.1481
0.972322 -0.223192 0.0691007 -492.895 0.222477 0.974772 0.0179753 10.4275 -0.0713693 -0.00210443 0.997448 29.3455
0.972201 -0.224409 0.0668271 -495.092 0.22369 0.974491 0.0181528 9.95508 -0.0691961 -0.00269967 0.997599 29.5627
0.971584 -0.22602 0.0702873 -497.285 0.225215 0.974118 0.0192877 9.46459 -0.0728275 -0.00290992 0.99734 29.7746
0.971548 -0.228059 0.0638979 -499.519 0.227367 0.973643 0.0179923 8.95496 -0.0663171 -0.00295206 0.997794 29.9782
0.970451 -0.232916 0.0630515 -501.752 0.232047 0.972481 0.0208712 8.44539 -0.0661776 -0.00562358 0.997792 30.1819
0.968937 -0.239248 0.0626283 -503.998 0.238356 0.970941 0.0214543 7.92057 -0.0659413 -0.00586007 0.997806 30.3837
0.967842 -0.244041 0.0610358 -506.273 0.243185 0.969748 0.0211904 7.3668 -0.0643607 -0.00566593 0.997911 30.593
0.965383 -0.253165 0.0627911 -513.191 0.252127 0.967395 0.0240679 5.65757 -0.0668369 -0.00740347 0.997736 31.2287
0.965021 -0.255999 0.056563 -515.542 0.255042 0.966641 0.0236518 5.0536 -0.0607309 -0.00839852 0.998119 31.4393
0.964372 -0.25901 0.0538522 -517.87 0.25812 0.965839 0.0229909 4.4525 -0.0579674 -0.00827146 0.998284 31.6412
0.962064 -0.268328 0.0493294 -522.42 0.267117 0.963203 0.0298097 3.24104 -0.055513 -0.0155021 0.998338 32.0297
0.959778 -0.274393 0.0594597 -524.616 0.273109 0.961549 0.0288934 2.654 -0.0651016 -0.0114923 0.997812 32.2478
0.957253 -0.280442 0.0708381 -526.773 0.279687 0.959871 0.020574 2.01589 -0.0737652 0.000117928 0.997276 32.4474
0.956623 -0.286168 0.0545918 -528.922 0.285705 0.95818 0.0162698 1.397 -0.0569647 3.30896e-05 0.998376 32.6574
0.954168 -0.292788 0.0619521 -531.028 0.292488 0.956166 0.0140741 0.751945 -0.0633572 0.00469113 0.99798 32.8235
0.953021 -0.298432 0.0518538 -533.094 0.297894 0.954429 0.0179969 0.136069 -0.0548617 -0.00170447 0.998493 33.011
0.948786 -0.305353 0.081024 -535.121 0.304194 0.952239 0.0265804 -0.497204 -0.0852706 -0.000572115 0.996358 33.2107
0.945337 -0.311631 0.096041 -537.781 0.309237 0.950174 0.03926 -1.40755 -0.10349 -0.00741453 0.994603 33.4956
0.946716 -0.311814 0.0806317 -540.067 0.310906 0.95014 0.023905 -2.15475 -0.0840653 0.00243766 0.996457 33.5907
0.947289 -0.314024 0.063503 -542.857 0.313621 0.949405 0.0164747 -2.97648 -0.0654635 0.00430955 0.997846 33.9378
0.946638 -0.317719 0.0541323 -544.886 0.317302 0.948183 0.0163671 -3.64206 -0.0565275 0.00168255 0.9984 34.1058
0.94536 -0.319971 0.0625542 -547.338 0.319482 0.947422 0.0179517 -4.44718 -0.0650093 0.00301408 0.99788 34.3596
0.950153 -0.305208 0.0636987 -552.614 0.305392 0.952201 0.007066 -6.15583 -0.0628106 0.0127393 0.997944 34.8799
0.959987 -0.272921 0.0627606 -554.73 0.273306 0.961924 0.00253651 -6.74182 -0.0610632 0.0147178 0.998025 35.085
0.974287 -0.217221 0.059832 -556.714 0.217563 0.976046 0.000813109 -7.14736 -0.0585754 0.012225 0.998208 35.2706
0.991663 -0.110441 0.0663934 -558.97 0.110075 0.993881 0.00916284 -7.32659 -0.0669991 -0.00177819 0.997751 35.4805
0.997224 0.0274313 0.0692248 -561.016 -0.029564 0.999113 0.0299731 -7.14069 -0.0683413 -0.0319364 0.997151 35.6791
0.977408 0.193635 0.0847259 -562.937 -0.197458 0.979525 0.0392649 -6.66146 -0.0753881 -0.0551076 0.99563 35.8611
0.932167 0.353288 0.0790722 -564.33 -0.356911 0.933397 0.0372039 -6.00503 -0.0606621 -0.0629019 0.996174 35.9904
0.846952 0.52564 0.0798417 -565.579 -0.529684 0.847187 0.0413503 -5.07723 -0.0459054 -0.0773126 0.99595 36.1187
0.754201 0.653062 0.0684915 -566.334 -0.656058 0.753822 0.0366141 -4.21077 -0.0277191 -0.0725488 0.99698 36.1768
0.639772 0.765345 0.0702728 -567.013 -0.768513 0.638106 0.046992 -3.2242 -0.00887637 -0.0840697 0.99642 36.2044
0.507585 0.858398 0.0742333 -567.495 -0.861513 0.504406 0.0580584 -2.10207 0.0123935 -0.0934225 0.995549 36.2515
0.322153 0.94227 0.0913518 -567.91 -0.946129 0.317144 0.0652675 -0.428641 0.032528 -0.107457 0.993678 36.2748
0.181224 0.977617 0.106875 -568.096 -0.982804 0.17612 0.055479 1.41866 0.0354144 -0.115091 0.992723 36.3339
0.0809687 0.988867 0.124844 -568.209 -0.99667 0.0791204 0.019701 3.7867 0.00960397 -0.126023 0.991981 36.4046
0.0507464 0.992117 0.114583 -568.21 -0.997219 0.0440666 0.0600969 5.83972 0.0545738 -0.117315 0.991594 36.4104
0.0347697 0.993466 0.108701 -568.194 -0.998257 0.0293344 0.0512074 8.02649 0.0476842 -0.110292 0.992755 36.4755
0.0248872 0.993715 0.109136 -568.167 -0.999481 0.0225003 0.023048 10.2237 0.0204475 -0.109653 0.99376 36.508
0.0231682 0.994301 0.104057 -568.161 -0.999454 0.0205834 0.0258464 12.5399 0.0235573 -0.104599 0.994235 36.5403
0.0251931 0.995144 0.095153 -568.16 -0.999526 0.0233923 0.0199931 14.9636 0.0176702 -0.0956116 0.995262 36.5966
0.026176 0.995226 0.0940231 -568.171 -0.999525 0.0245267 0.0186548 17.4543 0.0162597 -0.0944668 0.995395 36.6511
0.0287918 0.994659 0.0991182 -568.176 -0.999513 0.0274538 0.0148369 20.0273 0.0120365 -0.0994971 0.994965 36.6952
0.0259017 0.994293 0.10349 -568.179 -0.999578 0.0244023 0.0157281 22.6618 0.0131129 -0.103854 0.994506 36.7549
0.0237209 0.994094 0.1059 -568.175 -0.999659 0.0224245 0.0134156 24.7107 0.0109617 -0.106182 0.994286 36.8089
0.0224129 0.994444 0.10285 -568.18 -0.999664 0.0209551 0.0152329 26.8011 0.012993 -0.103157 0.99458 36.8484
0.0201769 0.994207 0.105571 -568.172 -0.999786 0.0195791 0.00669639 28.9449 0.00459062 -0.105683 0.994389 36.8941
0.0198883 0.994128 0.106366 -568.168 -0.999802 0.0196614 0.00318149 31.1075 0.00107151 -0.106408 0.994322 36.9475
0.0228382 0.993904 0.107856 -568.165 -0.999738 0.0228479 0.00114585 33.2974 -0.0013254 -0.107854 0.994166 37.0173
0.0240613 0.99338 0.112328 -568.163 -0.999707 0.0242181 -3.13429e-05 35.5781 -0.0027515 -0.112294 0.993671 37.0741
0.025799 0.993056 0.114777 -568.18 -0.999654 0.0262251 -0.0022033 37.8608 -0.00519805 -0.114681 0.993389 37.1451
0.0268174 0.992244 0.121376 -568.179 -0.999635 0.0270256 -6.90763e-05 40.1691 -0.00334878 -0.121329 0.992607 37.2013
0.0275874 0.991208 0.129404 -568.172 -0.999618 0.0275985 0.00170787 42.5377 -0.0018785 -0.129402 0.99159 37.2652
0.0264676 0.990957 0.131547 -568.194 -0.99964 0.0268196 -0.000904338 44.9411 -0.0044242 -0.131476 0.991309 37.3361
0.0234083 0.991837 0.125344 -568.22 -0.999713 0.0238657 -0.00214836 47.3561 -0.00512224 -0.125258 0.992111 37.4128
0.0218074 0.992861 0.11727 -568.249 -0.999747 0.0223129 -0.00299927 49.8198 -0.00559449 -0.117174 0.993096 37.4759
0.021948 0.993727 0.109656 -568.286 -0.999758 0.0216514 0.00389497 52.2805 0.00149634 -0.109715 0.993962 37.5355
0.0218616 0.993962 0.10752 -568.307 -0.99976 0.0215864 0.00372241 54.6901 0.00137895 -0.107576 0.994196 37.5852
0.0216125 0.994181 0.10553 -568.316 -0.999765 0.0216441 0.000845465 57.113 -0.00144356 -0.105524 0.994416 37.649
0.0234294 0.994032 0.106547 -568.341 -0.999725 0.0233321 0.00215935 59.5072 -0.000339505 -0.106568 0.994305 37.6845
0.0259195 0.993238 0.113169 -568.34 -0.999655 0.0262303 -0.00125801 61.835 -0.00421796 -0.113098 0.993575 37.7397
0.0300473 0.992756 0.11633 -568.348 -0.999536 0.030419 -0.00142032 64.0724 -0.00494868 -0.116234 0.99321 37.7998
0.0340799 0.992838 0.114502 -568.361 -0.999417 0.0336243 0.00590866 66.2041 0.00201628 -0.114637 0.993405 37.8531
0.0337735 0.99388 0.105177 -568.404 -0.99915 0.0360669 -0.0199795 68.22 -0.0236507 -0.104413 0.994253 37.9299
0.0366226 0.994128 0.101829 -568.42 -0.999242 0.0377751 -0.00941168 70.6716 -0.013203 -0.101408 0.994757 38.01
0.037499 0.993769 0.104966 -568.462 -0.998919 0.040166 -0.0234103 73.0224 -0.0274804 -0.103974 0.9942 38.0666
0.038897 0.994438 0.097873 -568.496 -0.998785 0.0416571 -0.0263164 75.3106 -0.0302471 -0.0967305 0.994851 38.1564
0.0357612 0.993612 0.10703 -568.504 -0.997761 0.0415547 -0.0523983 77.5504 -0.0565112 -0.104917 0.992874 38.2534
0.0372728 0.992758 0.114205 -568.562 -0.999278 0.0378713 -0.0030746 79.9885 -0.00737743 -0.114008 0.993452 38.2122
0.0277418 0.99347 0.110666 -568.515 -0.998171 0.0334798 -0.0503319 82.2912 -0.0537084 -0.109068 0.992582 38.3452
0.0257101 0.993715 0.108945 -568.553 -0.999257 0.028675 -0.0257356 84.7876 -0.0286978 -0.108202 0.993715 38.4198
0.0232486 0.993617 0.110385 -568.559 -0.998963 0.0274135 -0.0363638 87.3112 -0.0391578 -0.109425 0.993223 38.4747
0.0216178 0.994249 0.104892 -568.584 -0.99907 0.025398 -0.034838 89.9134 -0.0373017 -0.104041 0.993873 38.5598
0.0210448 0.994632 0.101316 -568.595 -0.999118 0.0246061 -0.0340295 92.5451 -0.0363399 -0.100511 0.994272 38.6263
0.021686 0.994518 0.102295 -568.599 -0.999248 0.0248506 -0.029764 94.5461 -0.0321429 -0.101572 0.994309 38.6902
0.022566 0.993799 0.108881 -568.605 -0.999213 0.0259747 -0.0299906 97.1499 -0.0326327 -0.108119 0.993602 38.7663
0.0236753 0.994081 0.106032 -568.637 -0.999205 0.0269326 -0.0293938 99.7026 -0.0320756 -0.105252 0.993928 38.8437
0.0269255 0.994662 0.0996083 -568.662 -0.999116 0.0299945 -0.0294414 102.198 -0.032272 -0.0987276 0.994591 38.9019
0.0250636 0.994782 0.0988993 -568.7 -0.998132 0.0304155 -0.0529832 104.617 -0.0557148 -0.0973866 0.993686 39.0185
0.0256608 0.994353 0.102972 -568.737 -0.996875 0.0331505 -0.0716959 107.032 -0.0747047 -0.100811 0.992097 39.1365
0.024361 0.995366 0.0930237 -568.791 -0.999628 0.0253923 -0.00991869 109.448 -0.0122348 -0.0927475 0.995614 39.2185
0.0155156 0.996617 0.0807055 -568.801 -0.998822 0.0191601 -0.0445817 111.656 -0.0459772 -0.0799187 0.99574 39.249
0.0116616 0.995934 0.0893274 -568.798 -0.999196 0.0150328 -0.0371612 114.146 -0.038353 -0.0888222 0.995309 39.3285
0.00909316 0.994696 0.102452 -568.776 -0.999381 0.012521 -0.0328644 116.525 -0.0339729 -0.10209 0.994195 39.3966
0.00673024 0.99353 0.113374 -568.75 -0.999429 0.0104357 -0.0321215 118.897 -0.0330968 -0.113093 0.993033 39.4821
0.00693028 0.993022 0.117724 -568.731 -0.999516 0.0104478 -0.0292888 121.276 -0.0303144 -0.117464 0.992614 39.5712
0.00496618 0.993122 0.11698 -568.737 -0.998818 0.0105823 -0.0474374 123.654 -0.0483491 -0.116606 0.992001 39.6639
0.0106895 0.993358 0.114568 -568.744 -0.999928 0.0112509 -0.00425413 126.063 -0.00551486 -0.114514 0.993406 39.6693
0.00363166 0.992176 0.124791 -568.731 -0.999496 0.00753588 -0.0308283 128.456 -0.0315275 -0.124616 0.991704 39.7555
0.000878164 0.990648 0.136438 -568.699 -0.999822 0.00344266 -0.0185613 130.895 -0.0188574 -0.136397 0.990475 39.7922
-0.00635815 0.989552 0.144033 -568.656 -0.999628 -0.00246774 -0.0271732 133.317 -0.0265338 -0.144152 0.9892 39.8522
-0.0155581 0.988279 0.151866 -568.59 -0.999402 -0.0106795 -0.0328876 135.73 -0.0308803 -0.152287 0.987854 39.9244
-0.0349999 0.987609 0.152983 -568.49 -0.998916 -0.0298709 -0.0356982 138.057 -0.0306862 -0.154066 0.987584 39.9728
-0.0667461 0.986651 0.14854 -568.314 -0.997564 -0.0629601 -0.0300511 140.384 -0.0202979 -0.150183 0.98845 40.0342
-0.126383 0.981133 0.146308 -568.026 -0.99179 -0.122076 -0.0380893 142.629 -0.0195101 -0.14992 0.988506 40.0673
-0.197419 0.969887 0.142635 -567.557 -0.980235 -0.193392 -0.0417113 144.869 -0.0128709 -0.14805 0.988896 40.0895
-0.273479 0.953847 0.124037 -566.925 -0.961682 -0.268537 -0.0552772 147.057 -0.0194174 -0.134402 0.990737 40.1373
-0.351093 0.927989 0.124783 -566.114 -0.936306 -0.346808 -0.0552678 149.173 -0.00801211 -0.13624 0.990644 40.0981
-0.434175 0.893552 0.114264 -565.1 -0.900823 -0.431109 -0.0516004 151.21 0.00315287 -0.125336 0.992109 40.0843
-0.518034 0.845838 0.127272 -563.848 -0.855193 -0.515106 -0.0575416 153.134 0.0168875 -0.13865 0.990197 40.0342
-0.600352 0.791809 0.112322 -562.447 -0.799293 -0.598746 -0.0513247 154.938 0.0266133 -0.120591 0.992345 39.9612
-0.677206 0.726337 0.117582 -560.81 -0.734692 -0.676243 -0.0540645 156.628 0.0402448 -0.122999 0.99159 39.8529
-0.746016 0.655901 0.115127 -558.996 -0.664156 -0.745432 -0.0568157 158.187 0.0485542 -0.118848 0.991725 39.7
-0.799418 0.590042 0.113054 -556.983 -0.598001 -0.799574 -0.0554637 159.592 0.057669 -0.111945 0.99204 39.5543
-0.84534 0.522204 0.112709 -554.858 -0.530002 -0.846261 -0.0542198 160.872 0.0670673 -0.10557 0.992148 39.3695
-0.884867 0.450992 0.116691 -552.586 -0.45905 -0.886787 -0.053688 161.983 0.0792672 -0.101074 0.991716 39.1367
-0.914548 0.386167 0.120319 -550.185 -0.394649 -0.917108 -0.0562539 162.951 0.088622 -0.0989307 0.99114 38.9088
-0.936605 0.330075 0.117564 -547.738 -0.338147 -0.939398 -0.0564644 163.781 0.0918018 -0.0926387 0.991459 38.6306
-0.9493 0.293304 0.11315 -545.27 -0.300339 -0.95248 -0.0507818 164.504 0.0928788 -0.0821906 0.992279 38.4035
-0.95683 0.267927 0.112658 -542.779 -0.274496 -0.960427 -0.0472393 165.163 0.0955428 -0.0761241 0.99251 38.1467
-0.961997 0.260223 0.0827413 -540.311 -0.264813 -0.96299 -0.0502381 165.818 0.0666059 -0.0702399 0.995304 37.9233
-0.96054 0.262204 0.0927978 -538.301 -0.266857 -0.962834 -0.0416773 166.337 0.078421 -0.0647965 0.994812 37.6365
-0.956941 0.268182 0.111092 -535.916 -0.273862 -0.96097 -0.0391985 167.002 0.0962441 -0.0679347 0.993037 37.496
-0.954786 0.280347 0.098941 -533.909 -0.284917 -0.957903 -0.0352698 167.542 0.0848882 -0.0618651 0.994468 37.2708
-0.952197 0.285872 0.107695 -531.942 -0.291407 -0.955787 -0.0394139 168.115 0.0916662 -0.0689129 0.993402 37.0634
-0.950606 0.292567 0.103697 -529.287 -0.297771 -0.95386 -0.0385255 168.895 0.0876408 -0.0675005 0.993863 36.8248
-0.949197 0.295956 0.106939 -527.262 -0.301406 -0.952713 -0.0386429 169.501 0.0904452 -0.0689117 0.993514 36.641
-0.947729 0.300667 0.106817 -525.196 -0.305805 -0.951446 -0.0351263 170.127 0.0910689 -0.0659552 0.993658 36.4464
-0.947336 0.303147 0.103234 -523.104 -0.308037 -0.950735 -0.0348911 170.761 0.0875713 -0.0648536 0.994045 36.2684
-0.947347 0.30384 0.101072 -520.967 -0.308685 -0.950484 -0.0359784 171.415 0.0851357 -0.0652835 0.994228 36.0666
-0.946644 0.304773 0.104781 -518.804 -0.309608 -0.950289 -0.0330811 172.081 0.0894899 -0.063757 0.993945 35.8727
-0.946207 0.305287 0.107206 -516.609 -0.310314 -0.950046 -0.0334336 172.754 0.0916436 -0.0649025 0.993675 35.6713
-0.946183 0.304013 0.11097 -514.374 -0.309695 -0.950086 -0.0377522 173.431 0.0939537 -0.0700873 0.993106 35.4508
-0.946698 0.303243 0.10866 -512.109 -0.308737 -0.950407 -0.0375113 174.113 0.091896 -0.0690591 0.993371 35.2455
-0.947022 0.302748 0.107207 -509.814 -0.307809 -0.950843 -0.0339168 174.815 0.0916689 -0.0651192 0.993658 35.0297
-0.947316 0.301881 0.107051 -507.499 -0.306981 -0.951091 -0.034486 175.524 0.0914049 -0.0655318 0.993655 34.8156
-0.947454 0.300502 0.109678 -505.115 -0.305979 -0.951331 -0.0366918 176.229 0.0933139 -0.0683228 0.99329 34.5932
-0.946927 0.301722 0.110872 -502.75 -0.307322 -0.950883 -0.0370616 176.946 0.0942442 -0.0691682 0.993143 34.375
-0.946229 0.30456 0.109056 -500.413 -0.309867 -0.95013 -0.0351512 177.662 0.0929119 -0.067054 0.993414 34.1627
-0.945552 0.306292 0.110073 -498.048 -0.312257 -0.949096 -0.0413753 178.39 0.0917969 -0.0734935 0.993062 33.9371
-0.943491 0.311739 0.112442 -495.666 -0.317782 -0.947315 -0.0401021 179.135 0.0940164 -0.0735679 0.992849 33.7129
-0.941349 0.321528 0.102382 -493.288 -0.327169 -0.943955 -0.0436864 179.905 0.0825973 -0.0746202 0.993785 33.5116
-0.937386 0.331647 0.106385 -490.908 -0.337995 -0.939921 -0.0480283 180.709 0.0840646 -0.0809785 0.993164 33.3041
-0.933824 0.342219 0.104204 -488.512 -0.348756 -0.935757 -0.0522316 181.538 0.0796349 -0.0851168 0.993183 33.109
-0.929656 0.354373 0.100789 -486.139 -0.360623 -0.931261 -0.052006 182.404 0.0754312 -0.0846945 0.993548 32.9306
-0.923831 0.368157 0.104865 -483.753 -0.374389 -0.92608 -0.047002 183.322 0.0798091 -0.0826822 0.993375 32.7386
-0.918761 0.381558 0.101448 -481.379 -0.387111 -0.921098 -0.0415047 184.272 0.0776073 -0.0774046 0.993975 32.5491
-0.913433 0.394304 0.100824 -479.024 -0.399757 -0.915729 -0.0404253 185.253 0.0763877 -0.077231 0.994083 32.363
-0.90739 0.408033 0.10076 -476.665 -0.413546 -0.909568 -0.0408286 186.28 0.0749885 -0.0787162 0.994073 32.1785
-0.901335 0.421619 0.099164 -474.32 -0.426875 -0.903485 -0.0386318 187.344 0.0733053 -0.0771508 0.994321 32.0039
-0.895693 0.433794 0.0977577 -471.983 -0.439004 -0.897633 -0.039128 188.441 0.070777 -0.0779627 0.994441 31.8236
-0.890113 0.444564 0.100303 -469.648 -0.449737 -0.892454 -0.035526 189.576 0.0737223 -0.0767322 0.994322 31.6493
-0.885946 0.454012 0.0947285 -467.328 -0.458826 -0.887789 -0.0361924 190.722 0.0676672 -0.0755284 0.994845 31.4755
-0.880938 0.462731 0.0991351 -465.006 -0.467734 -0.883223 -0.0337927 191.902 0.0719215 -0.0761381 0.9945 31.3018
-0.876825 0.471625 0.0935275 -462.693 -0.476583 -0.878251 -0.0392893 193.103 0.0636108 -0.0790235 0.994841 31.1381
-0.871459 0.481253 0.0946292 -460.371 -0.486206 -0.873035 -0.0376035 194.339 0.0645178 -0.0787792 0.994802 30.9789
