1 -0.000149642 2.51979e-05 -0.00111413 0.000149634 1 0.000326084 -0.000317571 -2.52467e-05 -0.00032608 1 -0.000338417
0.999944 -0.00749053 -0.00751312 -2.01137 0.00746779 0.999967 -0.00305014 -0.0324674 0.00753572 0.00299386 0.999967 0.0660283
0.999786 -0.012974 -0.0161047 -4.06115 0.0128979 0.999905 -0.00482078 -0.0387096 0.0161658 0.00461203 0.999859 0.12778
0.999634 -0.0142365 -0.0230241 -6.13492 0.0141304 0.999889 -0.00476517 -0.0736911 0.0230894 0.00443808 0.999724 0.193439
0.999465 -0.0177111 -0.027514 -8.18768 0.0176087 0.999837 -0.00395947 -0.100991 0.0275796 0.00347286 0.999614 0.258001
0.999492 -0.019922 -0.0248687 -10.5179 0.0198179 0.999794 -0.00442448 -0.140401 0.0249518 0.00392939 0.999681 0.323658
0.99934 -0.0212375 -0.0294846 -12.5647 0.0210378 0.999754 -0.00706663 -0.186897 0.0296274 0.00644167 0.99954 0.388843
0.999342 -0.022978 -0.0280561 -15.3373 0.0227911 0.999716 -0.00696282 -0.24067 0.0282081 0.00631881 0.999582 0.473577
0.999262 -0.0227011 -0.0309696 -17.7084 0.0224738 0.999718 -0.00766739 -0.280392 0.0311349 0.00696573 0.999491 0.555329
0.999409 -0.0188071 -0.0287802 -20.2137 0.0186197 0.999804 -0.00676668 -0.32445 0.0289019 0.0062268 0.999563 0.626891
0.999509 -0.0143976 -0.0278184 -22.8345 0.0142223 0.999878 -0.00648856 -0.359873 0.0279084 0.00608974 0.999592 0.716638
0.999432 -0.0121141 -0.0314485 -24.8759 0.0119718 0.999917 -0.00470834 -0.369607 0.0315029 0.00432917 0.999494 0.774435
0.999484 -0.00822935 -0.031064 -26.9961 0.00815209 0.999963 -0.00261303 -0.374959 0.0310844 0.00235844 0.999514 0.842461
0.999586 -0.00554386 -0.0282419 -29.177 0.00545948 0.99998 -0.0030643 -0.3786 0.0282583 0.00290885 0.999596 0.92169
0.999445 -0.000692009 -0.0333177 -32.1371 0.000495398 0.999982 -0.005909 -0.37951 0.0333212 0.00588921 0.999427 1.02266
0.999607 0.00261053 -0.0278994 -34.4256 -0.00279513 0.999974 -0.00657971 -0.379742 0.0278815 0.00665511 0.999589 1.08514
0.999432 0.0054608 -0.0332553 -36.7619 -0.00555702 0.999981 -0.00280167 -0.34304 0.0332393 0.00298488 0.999443 1.16097
0.999381 0.00380672 -0.0349867 -39.156 -0.00387239 0.999991 -0.00180928 -0.326935 0.0349795 0.00194364 0.999386 1.24184
0.999523 0.00265038 -0.0307699 -41.5681 -0.00269101 0.999996 -0.00127918 -0.316447 0.0307664 0.00136137 0.999526 1.31284
0.999409 0.00126432 -0.0343484 -44.8144 -0.00127805 0.999999 -0.000377851 -0.296594 0.0343479 0.000421527 0.99941 1.42244
0.999277 3.40803e-05 -0.0380226 -47.2647 -4.18088e-05 1 -0.000202466 -0.297089 0.0380226 0.000203909 0.999277 1.49949
0.999675 3.48798e-05 -0.0254826 -49.7177 -8.28623e-05 0.999998 -0.0018819 -0.290417 0.0254825 0.0018834 0.999673 1.58089
0.999452 -0.000741713 -0.0331048 -52.1247 0.00072854 1 -0.000409975 -0.298891 0.0331051 0.000385632 0.999452 1.66594
0.999552 -0.000969112 -0.0299188 -54.4845 0.00098558 0.999999 0.000535673 -0.297206 0.0299182 -0.00056492 0.999552 1.73964
0.999741 -0.000488729 -0.0227671 -56.8039 0.000467447 0.999999 -0.000940086 -0.299199 0.0227676 0.0009292 0.99974 1.82491
0.999605 -0.0003346 -0.0281097 -59.1335 0.000329737 1 -0.000177647 -0.299305 0.0281097 0.000168308 0.999605 1.90454
0.999666 -0.0004231 -0.0258208 -61.4116 0.000431988 1 0.000338616 -0.301321 0.0258207 -0.000349658 0.999667 1.98764
0.999871 0.00173728 -0.0159603 -63.6128 -0.00179842 0.999991 -0.00381737 -0.301291 0.0159536 0.00384558 0.999865 2.07305
0.999797 0.00452272 -0.0196499 -65.8081 -0.00461494 0.999979 -0.00465027 -0.301729 0.0196284 0.00474001 0.999796 2.15546
0.999834 0.00755533 -0.0166072 -67.9769 -0.00762443 0.999963 -0.00410194 -0.280554 0.0165756 0.00422788 0.999854 2.23944
0.999758 0.010056 -0.0195519 -70.1628 -0.0102089 0.999918 -0.00773735 -0.261886 0.0194725 0.00793509 0.999779 2.3165
0.999757 0.0118991 -0.0185338 -72.3256 -0.0120485 0.999896 -0.00796658 -0.249561 0.018437 0.00818795 0.999796 2.40005
0.999725 0.0135635 -0.0191129 -74.4913 -0.0137572 0.999855 -0.0100405 -0.23357 0.018974 0.0103007 0.999767 2.46193
0.999452 0.0148468 -0.0295939 -76.6705 -0.0150191 0.999871 -0.00560965 -0.194134 0.0295069 0.00605105 0.999546 2.52258
0.999735 0.0166112 -0.0159301 -78.8485 -0.0167184 0.999838 -0.00662541 -0.161515 0.0158175 0.00688998 0.999851 2.60455
0.999808 0.0175848 -0.00865239 -81.0122 -0.0176601 0.999806 -0.00870625 -0.128823 0.00849762 0.00885738 0.999925 2.69623
0.999748 0.0188703 -0.0121562 -83.2208 -0.0190207 0.999743 -0.0123737 -0.0928265 0.0119196 0.0126018 0.99985 2.77481
0.999616 0.0197468 0.0194165 -85.3785 -0.0198268 0.999796 0.00393683 -0.0344419 -0.0193348 -0.00432029 0.999804 2.90424
0.999752 0.022083 0.00294932 -87.6213 -0.0220913 0.999752 0.00281845 0.0554911 -0.00288635 -0.0028829 0.999992 3.01345
0.999423 0.0233181 -0.0246884 -89.8508 -0.023412 0.99972 -0.00352368 0.0627108 0.0245994 0.00409966 0.999689 3.04412
0.999496 0.0284507 -0.0140808 -92.0029 -0.0285217 0.999581 -0.00486393 0.138779 0.0139365 0.00526309 0.999889 3.11956
0.99923 0.0329869 -0.0212309 -94.2946 -0.0330064 0.999455 -0.000567746 0.23865 0.0212006 0.00126806 0.999774 3.20384
0.999041 0.0382229 -0.021373 -96.5825 -0.0381228 0.99926 0.00506959 0.346864 0.021551 -0.00424993 0.999759 3.29124
0.998819 0.0428972 -0.0227918 -98.9112 -0.042874 0.999079 0.00150387 0.461158 0.0228353 -0.000524918 0.999739 3.39055
0.998607 0.0487862 -0.0200895 -101.279 -0.0486866 0.998799 0.00541742 0.599214 0.0203297 -0.00443179 0.999784 3.48974
0.998426 0.0541136 -0.0147449 -103.672 -0.0541136 0.998535 0.0003969 0.720901 0.0147448 0.000401625 0.999891 3.59846
0.99791 0.0600911 -0.0237527 -106.113 -0.0600993 0.998192 0.000367829 0.876633 0.0237318 0.00106046 0.999718 3.69325
0.997561 0.0665285 -0.0210977 -108.592 -0.0665941 0.997777 -0.00241897 1.0462 0.0208899 0.00381805 0.999774 3.79188
0.997188 0.0741701 -0.0107472 -111.066 -0.0742167 0.997234 -0.00400099 1.24384 0.0104207 0.00478736 0.999934 3.91097
0.996403 0.0813411 -0.023761 -113.59 -0.0813838 0.996682 -0.000834578 1.44801 0.0236143 0.00276534 0.999717 4.0107
0.995917 0.0890085 -0.0150798 -116.134 -0.089051 0.996025 -0.0021726 1.70634 0.0148265 0.0035066 0.999884 4.1341
0.99559 0.0934552 -0.00812453 -118.681 -0.0934495 0.995623 0.00107445 1.95454 0.00818938 -0.00031048 0.999966 4.25616
0.995139 0.098069 -0.00893751 -121.273 -0.0980812 0.995178 -0.000944109 2.20272 0.00880183 0.00181612 0.99996 4.40997
0.994614 0.102077 -0.0179664 -123.846 -0.102045 0.994776 0.00266686 2.47938 0.0181447 -0.000819119 0.999835 4.53378
0.994025 0.106921 -0.0219414 -126.453 -0.106855 0.994266 0.00416346 2.75496 0.0222608 -0.00179403 0.999751 4.6278
0.993649 0.111396 -0.0158785 -129.033 -0.111362 0.993775 0.0030413 3.05922 0.0161185 -0.00125372 0.999869 4.75956
0.99299 0.115955 -0.0229376 -131.647 -0.115852 0.99325 0.00577295 3.37153 0.0234521 -0.00307513 0.99972 4.86561
0.992596 0.120344 -0.0164459 -134.281 -0.120205 0.992707 0.00919935 3.70821 0.017433 -0.00715436 0.999822 4.98309
0.992111 0.123636 -0.0207124 -136.934 -0.123457 0.992302 0.00973411 4.05482 0.0217565 -0.00710023 0.999738 5.11084
0.992029 0.124152 -0.021553 -139.58 -0.123992 0.992246 0.00860099 4.41312 0.0224537 -0.00586003 0.999731 5.22463
0.992102 0.124341 -0.0165357 -142.238 -0.124237 0.992227 0.00716495 4.74367 0.017298 -0.00505401 0.999838 5.3446
0.99218 0.123906 -0.0150618 -144.902 -0.123816 0.992282 0.00676535 5.08313 0.0157838 -0.00484755 0.999864 5.48021
0.992218 0.123067 -0.0189386 -147.575 -0.12298 0.992393 0.00569384 5.42841 0.0194953 -0.00332046 0.999804 5.60435
0.992327 0.12264 -0.0157231 -150.239 -0.122559 0.992443 0.00603714 5.75938 0.0163447 -0.00406381 0.999858 5.72081
0.992445 0.122008 -0.0128927 -152.867 -0.121906 0.992506 0.00844844 6.08427 0.0138268 -0.00681292 0.999881 5.84799
0.992641 0.120404 -0.0129328 -159.728 -0.120256 0.992674 0.0116749 6.95765 0.0142438 -0.0100338 0.999848 6.20111
0.992683 0.11966 -0.0161783 -162.287 -0.119481 0.992769 0.0115907 7.26769 0.0174482 -0.0095729 0.999802 6.31877
0.992659 0.119722 -0.0171722 -164.793 -0.119519 0.992754 0.0124263 7.58466 0.0185355 -0.0102827 0.999775 6.44169
0.992771 0.119107 -0.0147945 -167.283 -0.11891 0.992812 0.0135826 7.89514 0.016306 -0.0117252 0.999798 6.55911
0.992816 0.119151 -0.010933 -169.721 -0.118999 0.992801 0.013642 8.2003 0.0124797 -0.0122429 0.999847 6.67705
0.992866 0.118899 -0.00897873 -172.133 -0.118771 0.992828 0.0136607 8.50707 0.0105386 -0.0124969 0.999866 6.81242
0.992708 0.119927 -0.0122187 -174.505 -0.119787 0.992732 0.0115832 8.77013 0.0135191 -0.0100351 0.999858 6.93316
0.992806 0.119247 -0.0108167 -176.873 -0.119153 0.992835 0.008974 9.0587 0.0118093 -0.0076206 0.999901 7.05197
0.99297 0.118211 -0.00597957 -179.208 -0.118161 0.992961 0.00820115 9.34222 0.00690694 -0.00743695 0.999948 7.18284
0.993024 0.117793 -0.00520418 -181.536 -0.117788 0.993038 0.00123857 9.61232 0.00531384 -0.000616942 0.999986 7.31111
0.992828 0.118194 0.0179722 -183.857 -0.11836 0.992935 0.00844555 9.89461 -0.016847 -0.0105122 0.999803 7.46627
0.99267 0.120104 -0.013461 -186.229 -0.11997 0.992723 0.0103604 10.1936 0.0146074 -0.00866952 0.999856 7.53643
0.992254 0.122613 -0.0199585 -188.624 -0.122366 0.992398 0.0131815 10.5035 0.021423 -0.0106372 0.999714 7.68506
0.992299 0.12285 0.0158451 -190.963 -0.122991 0.992373 0.0082476 10.7932 -0.014711 -0.0101329 0.99984 7.8073
0.992107 0.124893 -0.0111894 -193.395 -0.12472 0.992077 0.0150793 11.1139 0.0129841 -0.0135648 0.999824 7.93785
0.99229 0.123864 0.0041862 -195.84 -0.123911 0.992197 0.013818 11.4075 -0.00244198 -0.0142302 0.999896 8.03945
0.992227 0.12444 -0.000306453 -198.295 -0.124418 0.992088 0.0167625 11.7344 0.00238995 -0.016594 0.999859 8.18269
0.992234 0.124042 0.00922123 -200.766 -0.124185 0.992114 0.0169644 12.0486 -0.00704422 -0.0179777 0.999814 8.32826
0.992133 0.125178 -0.00167955 -203.283 -0.125134 0.992004 0.0164413 12.3777 0.00372421 -0.0161018 0.999863 8.4754
0.992173 0.124867 -0.00119858 -205.768 -0.124835 0.992066 0.0148396 12.6778 0.00304205 -0.0145739 0.999889 8.59878
0.992109 0.125376 0.000273117 -208.236 -0.125368 0.992011 0.0140554 12.9926 0.00149129 -0.0139788 0.999901 8.73986
0.992011 0.126139 0.00186385 -210.615 -0.126153 0.991909 0.0142196 13.289 -5.51175e-05 -0.0143412 0.999897 8.8737
0.992015 0.126122 0.000336783 -213.043 -0.126109 0.991869 0.0170893 13.6055 0.00182128 -0.0169953 0.999854 9.01235
0.991842 0.127297 0.00676484 -215.404 -0.127389 0.991732 0.01548 13.8998 -0.00473834 -0.0162155 0.999857 9.15214
0.991725 0.128379 0.000197356 -217.709 -0.128362 0.991562 0.018113 14.2055 0.00212964 -0.0179884 0.999836 9.28117
0.991519 0.128896 0.0166026 -220.003 -0.129142 0.991517 0.0146801 14.4942 -0.0145695 -0.0166997 0.999754 9.43038
0.991497 0.126923 0.0287036 -222.194 -0.12761 0.991545 0.0235368 14.7956 -0.0254736 -0.0269995 0.999311 9.60653
0.991813 0.127653 -0.00354817 -224.507 -0.127542 0.991577 0.0225586 15.0805 0.00639796 -0.0219214 0.999739 9.64748
0.991068 0.133134 0.00775525 -226.747 -0.133259 0.990906 0.0186647 15.3862 -0.0051998 -0.0195314 0.999796 9.85452
0.991338 0.130447 0.0152395 -229.014 -0.130748 0.991199 0.0207431 15.6911 -0.0123995 -0.022556 0.999669 9.92399
0.991331 0.131114 0.0085399 -231.329 -0.13128 0.991074 0.0232 16.0088 -0.00542183 -0.02412 0.999694 10.0522
0.991071 0.131811 0.0201002 -233.61 -0.132162 0.991078 0.0172352 16.303 -0.0176491 -0.0197378 0.999649 10.2132
0.99129 0.130918 0.0142813 -235.935 -0.131117 0.991268 0.0140257 16.6021 -0.0123204 -0.0157761 0.9998 10.363
0.991331 0.131161 0.00767819 -238.266 -0.131244 0.991284 0.0114546 16.9045 -0.00610887 -0.012363 0.999905 10.4983
0.991399 0.130208 0.0131872 -240.6 -0.130377 0.99138 0.0129184 17.2127 -0.0113914 -0.0145266 0.99983 10.6207
0.991383 0.130622 0.00988885 -242.96 -0.130757 0.991309 0.014467 17.5165 -0.0079132 -0.0156354 0.999846 10.7647
0.99141 0.130041 0.0139641 -245.29 -0.130285 0.991308 0.0182553 17.8276 -0.0114688 -0.0199178 0.999736 10.9069
0.991487 0.129029 0.0174809 -247.636 -0.129325 0.991456 0.01702 18.1379 -0.0151354 -0.0191358 0.999702 11.0616
0.991509 0.12916 0.015066 -249.951 -0.129398 0.991463 0.0160272 18.4345 -0.0128673 -0.0178406 0.999758 11.2057
0.991637 0.12823 0.0145653 -252.254 -0.128473 0.991565 0.0171565 18.7281 -0.0122425 -0.0188843 0.999747 11.352
0.991908 0.126295 0.0129353 -254.494 -0.126532 0.991771 0.0194963 19.0206 -0.0103665 -0.0209753 0.999726 11.497
0.992065 0.12475 0.0156166 -256.721 -0.125047 0.991954 0.0197451 19.3001 -0.0130277 -0.0215413 0.999683 11.6383
0.992171 0.123612 0.0177919 -258.9 -0.123971 0.992069 0.0207181 19.5611 -0.0150898 -0.0227616 0.999627 11.774
0.992329 0.122645 0.0155348 -261.087 -0.122955 0.992192 0.0209189 19.8424 -0.0128479 -0.0226685 0.99966 11.9197
0.991655 0.120608 0.045536 -263.21 -0.121627 0.992368 0.0203161 20.0948 -0.0427382 -0.025685 0.998756 12.0963
0.990301 0.121163 0.0679968 -265.217 -0.123501 0.991851 0.031295 20.3589 -0.0636509 -0.0393892 0.997195 12.265
0.991162 0.120518 0.0554421 -267.35 -0.122435 0.991942 0.0325755 20.5891 -0.0510694 -0.0390756 0.99793 12.3288
0.991981 0.125455 0.0153428 -269.519 -0.125849 0.991649 0.0281746 20.8576 -0.01168 -0.0298796 0.999485 12.5316
0.990803 0.124407 0.0532273 -271.592 -0.125449 0.99196 0.0166897 21.1236 -0.050723 -0.0232135 0.998443 12.6533
0.991936 0.122545 0.0323249 -273.7 -0.123266 0.992144 0.0213474 21.4109 -0.0294549 -0.0251598 0.999249 12.7882
0.991992 0.119312 0.0414187 -275.917 -0.120297 0.992491 0.0221529 21.6719 -0.0384646 -0.0269581 0.998896 12.9476
0.992376 0.116042 0.0415336 -278.051 -0.117011 0.992893 0.0217121 21.9139 -0.038719 -0.0264064 0.998901 13.1165
0.992725 0.110527 0.0477539 -280.241 -0.111466 0.993615 0.017462 22.142 -0.045519 -0.0226579 0.998706 13.2864
0.993516 0.1064 0.0400697 -282.435 -0.107085 0.994132 0.015344 22.3784 -0.0382019 -0.0195354 0.999079 13.4558
0.994024 0.101664 0.0397536 -284.643 -0.102358 0.994622 0.0158176 22.594 -0.0379317 -0.0197922 0.999084 13.6088
0.99452 0.096589 0.0399962 -286.847 -0.0972662 0.99514 0.0153416 22.81 -0.03832 -0.0191478 0.999082 13.7775
0.994877 0.0920224 0.0418621 -289.073 -0.0927274 0.995575 0.015218 23.0112 -0.0402764 -0.0190218 0.999007 13.9453
0.995225 0.0880852 0.0420476 -291.315 -0.0886843 0.99598 0.0125981 23.203 -0.0407689 -0.0162669 0.999036 14.1141
0.995557 0.0847075 0.0411252 -293.558 -0.0853411 0.996255 0.0138988 23.385 -0.0397938 -0.0173467 0.999057 14.2819
0.995821 0.081352 0.0415023 -295.82 -0.0819579 0.99655 0.0131104 23.5753 -0.0402926 -0.0164571 0.999052 14.4549
0.995815 0.075311 0.0517668 -298.085 -0.0760625 0.997022 0.0127004 23.7458 -0.0506562 -0.0165847 0.998578 14.6362
0.996736 0.0693765 0.0412823 -300.372 -0.0699078 0.997486 0.0115656 23.8932 -0.0403761 -0.0144138 0.999081 14.8236
0.996773 0.0623109 0.0505994 -302.65 -0.0629751 0.997947 0.0116397 24.0208 -0.0497703 -0.0147887 0.998651 15.0087
0.997466 0.056284 0.0435197 -304.938 -0.0567727 0.998336 0.0100766 24.1526 -0.0428802 -0.0125218 0.999002 15.2001
0.997786 0.0496677 0.0442303 -307.15 -0.0501664 0.998688 0.0102358 24.2718 -0.0436639 -0.012432 0.998969 15.3761
0.998056 0.045144 0.0429607 -309.377 -0.0457163 0.998877 0.0124335 24.3685 -0.0423512 -0.0143733 0.998999 15.5532
0.997594 0.0458297 0.0520253 -311.574 -0.0462386 0.998908 0.00668166 24.4479 -0.0516623 -0.00907116 0.998623 15.7403
0.996844 0.0469151 0.0640457 -313.753 -0.0474037 0.998857 0.00613041 24.5417 -0.0636849 -0.00914707 0.997928 15.9459
0.994789 0.0472254 0.0903606 -315.866 -0.0481165 0.998812 0.00770767 24.6352 -0.0898893 -0.0120153 0.995879 16.1948
0.994245 0.0401591 0.0993156 -318.012 -0.0414863 0.999075 0.0113342 24.7915 -0.0987685 -0.0153892 0.994991 16.2937
0.99801 0.0412144 0.047727 -320.286 -0.0418581 0.999045 0.0125654 24.8777 -0.0471636 -0.0145381 0.998781 16.4573
0.995368 0.0404607 0.0872065 -322.425 -0.041506 0.999086 0.0102056 24.9372 -0.0867138 -0.013778 0.996138 16.6894
0.996322 0.0388214 0.0763911 -324.624 -0.0394275 0.999202 0.00644105 25.054 -0.07608 -0.00942927 0.997057 16.8641
0.996084 0.0373655 0.0801316 -326.846 -0.038043 0.999252 0.00694414 25.1514 -0.0798122 -0.00996539 0.99676 17.0663
0.997184 0.0338033 0.0669496 -329.076 -0.0344528 0.99937 0.00856965 25.2496 -0.0666177 -0.0108521 0.99772 17.2493
0.997008 0.0298943 0.0712773 -331.336 -0.0306711 0.999481 0.00982828 25.3494 -0.0709465 -0.011985 0.997408 17.4388
0.997279 0.0250388 0.0693305 -333.631 -0.026265 0.999513 0.0168308 25.442 -0.0688753 -0.018606 0.997452 17.6226
0.99681 0.0207898 0.0770504 -335.944 -0.0222652 0.999584 0.0183398 25.5022 -0.0766371 -0.0199968 0.996859 17.8319
0.996444 0.0165325 0.0826194 -338.248 -0.0178097 0.999733 0.0147463 25.5689 -0.0823535 -0.0161652 0.996472 18.0626
0.996973 0.0131884 0.0766163 -340.614 -0.0139576 0.999857 0.00951359 25.6045 -0.0764799 -0.0105542 0.997015 18.2818
0.997126 0.0115149 0.074879 -342.994 -0.0120522 0.999905 0.00672781 25.6441 -0.0747944 -0.00761093 0.99717 18.4892
0.996783 0.0111406 0.079369 -345.381 -0.0117146 0.999908 0.00676953 25.6875 -0.0792863 -0.00767752 0.996822 18.7039
0.996801 0.0107898 0.0791863 -347.796 -0.0113095 0.999917 0.00611699 25.7327 -0.0791137 -0.00699298 0.996841 18.9284
0.997032 0.00984292 0.0763544 -350.221 -0.0105509 0.999905 0.0088738 25.7701 -0.0762598 -0.00965307 0.997041 19.1446
0.997176 0.00792277 0.0746766 -352.69 -0.00865543 0.999917 0.00949258 25.8101 -0.0745952 -0.0101121 0.997163 19.3689
0.996564 0.00604105 0.0826068 -355.151 -0.00686759 0.999929 0.0097252 25.8386 -0.0825422 -0.0102591 0.996535 19.6007
0.996964 0.00629902 0.0776044 -357.624 -0.00708678 0.999926 0.00987971 25.8771 -0.0775364 -0.0103997 0.996935 19.825
0.99694 0.00622595 0.0779167 -360.139 -0.00711267 0.999913 0.011108 25.9168 -0.0778408 -0.0116282 0.996898 20.0534
0.996473 0.00611891 0.0836959 -362.671 -0.00699163 0.999924 0.0101381 25.9692 -0.0836275 -0.0106875 0.99644 20.3003
0.996729 0.00582327 0.080611 -365.193 -0.006568 0.999938 0.00897651 25.9962 -0.0805537 -0.0094766 0.996705 20.532
0.996961 0.00521974 0.0777317 -367.766 -0.00622598 0.9999 0.0127082 26.0417 -0.0776576 -0.0131535 0.996893 20.7656
0.996154 0.00325448 0.0875602 -370.337 -0.00444735 0.9999 0.0134317 26.0791 -0.0875077 -0.0137695 0.996069 21.0212
0.992033 -0.000122819 0.125979 -372.915 -0.00208085 0.999847 0.0173606 26.0987 -0.125962 -0.0174845 0.991881 21.3237
0.98271 -0.00783828 0.184985 -376.327 0.00382333 0.99975 0.022051 26.1871 -0.185111 -0.0209625 0.982494 21.6782
0.993453 -0.00964137 0.113837 -379.885 0.00767667 0.999814 0.0176847 26.161 -0.113986 -0.016695 0.993342 21.9227
0.997192 -0.011171 0.0740511 -382.46 0.00963319 0.999731 0.0210909 26.1659 -0.0742668 -0.0203183 0.997031 22.1412
0.995868 -0.0141657 0.0896983 -385.164 0.012319 0.999701 0.021108 26.1882 -0.0899705 -0.0199158 0.995745 22.4218
0.996124 -0.016107 0.0864754 -387.824 0.0145081 0.999713 0.0190867 26.1757 -0.086758 -0.0177582 0.996071 22.6837
0.996647 -0.0181822 0.0797727 -390.534 0.0165959 0.999652 0.0205039 26.1702 -0.0801177 -0.0191113 0.996602 22.9447
0.995719 -0.0207602 0.0900716 -393.164 0.0190711 0.999627 0.0195734 26.1425 -0.0904443 -0.0177718 0.995743 23.2113
0.996353 -0.0223784 0.082335 -395.721 0.0207822 0.99958 0.0201924 26.1456 -0.0827523 -0.0184076 0.9964 23.4624
0.995889 -0.0264046 0.0866474 -398.281 0.0243548 0.9994 0.0246296 26.1249 -0.0872458 -0.0224181 0.995935 23.7189
0.995065 -0.0308679 0.0943028 -400.765 0.0287991 0.999315 0.0232212 26.09 -0.094955 -0.0203908 0.995273 23.977
0.995581 -0.0350159 0.0871311 -403.279 0.0331387 0.999188 0.0228987 26.0263 -0.0878622 -0.0199101 0.995934 24.2375
0.995032 -0.041218 0.0906177 -405.787 0.0391647 0.998937 0.0243227 25.9725 -0.0915238 -0.0206529 0.995589 24.4892
0.99457 -0.0478995 0.0923937 -409.099 0.0460304 0.998692 0.0222573 25.8482 -0.093339 -0.0178835 0.995474 24.8401
0.992558 -0.0543352 0.108978 -411.535 0.0507547 0.998085 0.035366 25.7709 -0.110691 -0.0295716 0.993415 25.1227
0.992969 -0.060355 0.101834 -414.139 0.057501 0.997872 0.0307345 25.654 -0.103473 -0.0246628 0.994326 25.4374
0.99606 -0.0592371 0.0659948 -416.571 0.057843 0.998064 0.0228404 25.5358 -0.06722 -0.018933 0.997559 25.6178
0.992728 -0.0644422 0.101673 -419.017 0.0624773 0.997795 0.0223956 25.4069 -0.102892 -0.0158805 0.994566 25.8566
0.994493 -0.0674758 0.0801913 -421.546 0.0658397 0.997568 0.0228783 25.2981 -0.08154 -0.0174725 0.996517 26.1182
0.994088 -0.072284 0.0810241 -424.057 0.0703288 0.997166 0.0267338 25.1525 -0.0827269 -0.0208774 0.996354 26.3572
0.99386 -0.0771957 0.0792651 -426.581 0.0751292 0.99676 0.028735 25.0003 -0.0812265 -0.0226034 0.996439 26.6075
0.992893 -0.0821569 0.0861018 -429.124 0.0799035 0.996372 0.0293045 24.8255 -0.088197 -0.0222164 0.995855 26.8706
0.99139 -0.0879879 0.0969753 -431.603 0.0857052 0.995942 0.0274661 24.6557 -0.0989984 -0.0189183 0.994908 27.1498
0.992621 -0.0923484 0.0785892 -434.109 0.0908317 0.995608 0.0226679 24.4517 -0.0803374 -0.0153623 0.996649 27.4047
0.99181 -0.0969943 0.083091 -436.514 0.0955294 0.995196 0.0214381 24.2539 -0.0847712 -0.0133249 0.996311 27.65
0.991489 -0.102073 0.0808166 -438.921 0.100591 0.99468 0.022201 24.0371 -0.0826527 -0.0138826 0.996482 27.8991
0.990079 -0.107016 0.0910555 -441.249 0.105459 0.994186 0.0217515 23.8208 -0.0928539 -0.0119331 0.995608 28.1434
0.990536 -0.111141 0.0805371 -443.541 0.109633 0.993708 0.0229311 23.6284 -0.0825789 -0.0138846 0.996488 28.3929
0.987395 -0.116415 0.107228 -445.759 0.114172 0.993098 0.0268477 23.3795 -0.109614 -0.0142668 0.993872 28.6925
0.986193 -0.12315 0.110715 -447.942 0.120314 0.992221 0.0319711 23.1798 -0.113791 -0.0182091 0.993338 28.9174
0.99011 -0.127156 0.0592762 -450.286 0.126004 0.991767 0.0228131 22.9317 -0.0616891 -0.0151185 0.997981 29.0479
0.989027 -0.130252 0.0697132 -452.37 0.128889 0.991375 0.0237273 22.6701 -0.0722024 -0.0144816 0.997285 29.3754
0.98336 -0.145904 0.108237 -459.735 0.143892 0.989246 0.0262121 21.7298 -0.110898 -0.0102015 0.993779 30.171
0.984075 -0.150286 0.0949243 -462.079 0.148585 0.988589 0.0247742 21.419 -0.0975644 -0.0102753 0.995176 30.4528
0.98338 -0.154673 0.0950802 -464.319 0.152729 0.987887 0.02744 21.1163 -0.0981727 -0.0124624 0.995091 30.6468
0.983252 -0.158808 0.0894198 -466.622 0.157253 0.987261 0.0242184 20.7961 -0.0921268 -0.00975119 0.9957 30.9211
0.98211 -0.164188 0.0922086 -468.873 0.162599 0.986387 0.0245488 20.4626 -0.094984 -0.00911659 0.995437 31.1798
0.981824 -0.168243 0.0878355 -471.151 0.166922 0.98572 0.0222241 20.1124 -0.0903202 -0.00715843 0.995887 31.4372
0.980814 -0.173243 0.0893892 -473.402 0.171756 0.984844 0.0241226 19.7473 -0.0922135 -0.00830667 0.995705 31.6875
0.980008 -0.176489 0.0918426 -475.601 0.175687 0.984302 0.0168082 19.3801 -0.0933673 -0.000336618 0.995632 31.9731
0.974952 -0.183397 0.125834 -477.684 0.18115 0.983023 0.0291698 19.0526 -0.129048 -0.00564426 0.991622 32.2489
0.976426 -0.183887 0.113044 -479.782 0.181195 0.982869 0.0337277 18.6492 -0.117309 -0.0124496 0.993017 32.4815
0.980004 -0.186322 0.0698338 -482.05 0.185217 0.98245 0.0220399 18.2488 -0.0727148 -0.00866475 0.997315 32.6391
0.977739 -0.188441 0.0922864 -484.047 0.187414 0.982082 0.0197467 17.9377 -0.0943539 -0.00201137 0.995537 32.9192
0.978174 -0.190278 0.0834927 -486.124 0.189591 0.98173 0.016149 17.5271 -0.0850401 3.2929e-05 0.996378 33.1138
0.976955 -0.19422 0.0885329 -488.326 0.193358 0.980958 0.0182937 17.1162 -0.0904 -0.000753556 0.995905 33.3677
0.976246 -0.19532 0.093771 -490.478 0.19482 0.980731 0.0145454 16.7001 -0.0948052 0.00406857 0.995488 33.6299
0.976179 -0.196608 0.0917593 -492.66 0.196044 0.980477 0.0152136 16.2682 -0.092959 0.00313764 0.995665 33.8755
0.976131 -0.19785 0.0895769 -494.864 0.197265 0.980229 0.0154264 15.8557 -0.090858 0.00261222 0.99586 34.1415
0.975464 -0.199485 0.0931401 -497.064 0.198822 0.979898 0.0164405 15.4249 -0.0945474 0.00248118 0.995517 34.4023
0.975624 -0.201551 0.0868085 -499.307 0.200986 0.979475 0.0152915 14.9761 -0.0881088 0.00252852 0.996108 34.6559
0.974646 -0.206515 0.0861181 -501.547 0.205714 0.978444 0.0181649 14.5273 -0.088013 1.13532e-05 0.996119 34.9098
0.973298 -0.212912 0.0857871 -503.801 0.212087 0.977071 0.0187314 14.0635 -0.0878083 -3.69164e-05 0.996137 35.1621
0.972359 -0.217757 0.0842652 -506.086 0.216972 0.976003 0.0184822 13.5715 -0.0862677 0.000311835 0.996272 35.4229
0.970071 -0.227018 0.0861628 -513.031 0.226022 0.97389 0.0212817 12.0496 -0.0887445 -0.00117014 0.996054 36.2152
0.969911 -0.229938 0.0800042 -515.392 0.228986 0.973203 0.0210032 11.5093 -0.0826897 -0.00205144 0.996573 36.4792
0.969392 -0.233014 0.0773475 -517.73 0.232128 0.972472 0.0203845 10.9712 -0.0799681 -0.00180605 0.996796 36.7342
0.967365 -0.242622 0.0730754 -522.302 0.241242 0.970081 0.0272903 9.88241 -0.0775103 -0.00877082 0.996953 37.2266
0.964999 -0.248697 0.0832238 -524.506 0.247369 0.968571 0.0260707 9.35447 -0.0870919 -0.00457119 0.99619 37.4949
0.96243 -0.254585 0.0944197 -526.675 0.254091 0.967023 0.017418 8.77433 -0.0957404 0.00722754 0.99538 37.744
0.962326 -0.260423 0.078153 -528.835 0.260175 0.965467 0.0135146 8.21304 -0.0789736 0.00732797 0.99685 38.0034
0.95988 -0.267058 0.0854984 -530.953 0.267106 0.963603 0.0110905 7.62428 -0.0853483 0.0121916 0.996277 38.218
0.959049 -0.27297 0.0755786 -533.029 0.27261 0.962004 0.0152447 7.06346 -0.0768682 0.00598308 0.997023 38.4532
0.954245 -0.279999 0.104962 -535.068 0.279148 0.959972 0.0230222 6.48403 -0.107207 0.007331 0.99421 38.6998
0.950473 -0.286575 0.120314 -537.744 0.284397 0.958058 0.035271 5.64404 -0.125375 0.000692718 0.992109 39.0462
0.952317 -0.286619 0.104603 -540.046 0.286097 0.957986 0.0202903 4.95731 -0.106024 0.0106038 0.994307 39.1943
0.953365 -0.288898 0.0873708 -542.847 0.288867 0.957277 0.013273 4.20867 -0.0874726 0.0125845 0.996087 39.6062
0.952986 -0.292785 0.0780631 -544.889 0.292654 0.956125 0.0133713 3.59624 -0.078553 0.0101029 0.996859 39.8215
0.951529 -0.29513 0.0865538 -547.355 0.294989 0.955387 0.0146991 2.85497 -0.0870306 0.0115458 0.996139 40.1325
0.955968 -0.280137 0.0874589 -552.659 0.280897 0.959731 0.00374791 1.28289 -0.0849869 0.020984 0.996161 40.7758
0.964974 -0.247693 0.0864475 -554.784 0.248691 0.968583 -0.000796097 0.751471 -0.0835344 0.0222669 0.996256 41.0304
0.977864 -0.19185 0.0835205 -556.773 0.192726 0.981249 -0.00248495 0.39684 -0.0814778 0.0185265 0.996503 41.2628
0.992267 -0.0851452 0.0903176 -559.028 0.0849823 0.996366 0.00565524 0.275053 -0.0904709 0.00206388 0.995897 41.5261
0.994246 0.0519219 0.0936949 -561.063 -0.0546093 0.99816 0.0263484 0.512652 -0.0921544 -0.0313134 0.995252 41.7737
0.970056 0.216839 0.109415 -562.967 -0.221795 0.974457 0.0352116 1.04007 -0.0989852 -0.058425 0.993372 42.0022
0.921234 0.374918 0.103755 -564.34 -0.379955 0.924407 0.0332549 1.73121 -0.0834441 -0.0700578 0.994047 42.1657
0.832178 0.544545 0.10465 -565.561 -0.550453 0.83403 0.0373449 2.68982 -0.0669454 -0.0886825 0.993808 42.3252
0.736869 0.669575 0.0932412 -566.293 -0.674415 0.737621 0.0328523 3.57482 -0.0467795 -0.0870911 0.995101 42.4027
0.62029 0.778563 0.0952902 -566.947 -0.783961 0.619309 0.0431479 4.57798 -0.0254208 -0.101468 0.994514 42.4481
0.486528 0.867978 0.0995233 -567.4 -0.873664 0.483515 0.0540807 5.71165 -0.00118011 -0.113262 0.993564 42.5086
0.299756 0.946841 0.116785 -567.773 -0.953733 0.294433 0.0608431 7.39484 0.0232233 -0.12962 0.991292 42.5447
0.158225 0.978532 0.132063 -567.913 -0.986965 0.152752 0.0506556 9.24613 0.0293952 -0.138356 0.989946 42.6112
0.0572077 0.987156 0.149168 -567.968 -0.998345 0.0556752 0.0144329 11.6162 0.00594252 -0.149747 0.988707 42.6887
0.0282091 0.989764 0.139898 -567.919 -0.99827 0.0206719 0.0550405 13.6688 0.0515852 -0.141209 0.988635 42.6981
0.0121824 0.990925 0.13386 -567.85 -0.998911 0.00603036 0.0462684 15.8546 0.0450413 -0.134278 0.98992 42.7667
0.00174632 0.991023 0.133679 -567.769 -0.999836 -0.00067735 0.0180829 18.0507 0.0180111 -0.133689 0.99086 42.8026
0.000229949 0.991682 0.128709 -567.708 -0.999777 -0.00249097 0.0209786 20.3661 0.0211247 -0.128686 0.99146 42.8391
0.0022316 0.992804 0.119728 -567.649 -0.999883 0.000400794 0.0153133 22.7892 0.0151551 -0.119748 0.992689 42.9
0.00329908 0.992937 0.118601 -567.6 -0.999901 0.00165203 0.013983 25.2795 0.0136883 -0.118635 0.992844 42.9595
0.00592701 0.992311 0.123624 -567.545 -0.999939 0.00472265 0.0100329 27.8521 0.00937188 -0.123676 0.992278 43.0087
0.0031759 0.991765 0.128034 -567.485 -0.99994 0.00180651 0.0108102 30.4859 0.0104899 -0.12806 0.991711 43.0738
0.00105083 0.991459 0.130415 -567.432 -0.999964 -4.91358e-05 0.00843085 32.5344 0.00836525 -0.130419 0.991424 43.1319
-9.92447e-05 0.991845 0.127446 -567.389 -0.999946 -0.00142425 0.0103055 34.6244 0.0104029 -0.127438 0.991792 43.1758
-0.00243733 0.991511 0.129998 -567.331 -0.999995 -0.00268111 0.00170029 36.7675 0.00203439 -0.129994 0.991513 43.2257
-0.00270875 0.991412 0.130744 -567.276 -0.999995 -0.00248967 -0.00183904 38.9293 -0.00149774 -0.130749 0.991414 43.2835
0.000280126 0.991221 0.132216 -567.223 -0.999992 0.000804738 -0.00391442 41.1188 -0.00398645 -0.132214 0.991213 43.3579
0.001565 0.990614 0.13668 -567.168 -0.999984 0.00229661 -0.00519516 43.3989 -0.0054603 -0.13667 0.990602 43.4195
0.00333675 0.990272 0.139106 -567.132 -0.999963 0.00441224 -0.00742373 45.6813 -0.00796528 -0.139076 0.99025 43.4958
0.00449175 0.989309 0.145762 -567.078 -0.999971 0.00534108 -0.00543601 47.9891 -0.00615642 -0.145733 0.989305 43.557
0.00538652 0.988082 0.153833 -567.017 -0.999974 0.00604824 -0.00383383 50.3569 -0.00471856 -0.153809 0.988089 43.6258
0.00428973 0.987757 0.155944 -566.984 -0.999965 0.00536728 -0.00648943 52.7602 -0.00724697 -0.155911 0.987745 43.7026
0.00129613 0.98872 0.14977 -566.955 -0.999968 0.00246143 -0.00759545 55.1752 -0.00787842 -0.149756 0.988692 43.7852
-0.00023623 0.989904 0.14174 -566.929 -0.999965 0.000945182 -0.00826769 57.6389 -0.00831819 -0.141737 0.989869 43.8544
0.00015711 0.990936 0.134336 -566.911 -0.999999 0.000322058 -0.00120615 60.0998 -0.00123848 -0.134336 0.990935 43.9204
0.000142484 0.991218 0.132237 -566.877 -0.999999 0.000320708 -0.00132646 62.5094 -0.00135722 -0.132237 0.991217 43.9759
-0.000104782 0.991485 0.130225 -566.833 -0.999991 0.000439726 -0.00415253 64.9319 -0.00417443 -0.130224 0.991476 44.0454
0.00180883 0.991341 0.1313 -566.805 -0.999994 0.00220228 -0.00285148 67.3261 -0.00311595 -0.131294 0.991339 44.0868
0.0042691 0.990442 0.137861 -566.753 -0.999966 0.00520067 -0.00639777 69.6534 -0.00705359 -0.137829 0.990431 44.1472
0.00844315 0.989968 0.141042 -566.711 -0.999933 0.00947052 -0.00661453 71.8904 -0.00788391 -0.140976 0.989982 44.2124
0.0127121 0.990153 0.13941 -566.677 -0.999919 0.0127298 0.000764889 74.0219 -0.0010173 -0.139408 0.990234 44.2707
0.0118286 0.991497 0.129592 -566.675 -0.999575 0.0151803 -0.0249064 76.0382 -0.0266619 -0.129242 0.991255 44.3531
0.0149924 0.991851 0.126519 -566.637 -0.999755 0.0169304 -0.0142558 78.4896 -0.0162817 -0.126275 0.991862 44.439
0.0155707 0.991473 0.129377 -566.627 -0.999411 0.0193882 -0.0282995 80.8408 -0.0305665 -0.12886 0.991192 44.5017
0.0169539 0.992351 0.122279 -566.611 -0.9993 0.0208972 -0.0310382 83.1289 -0.033356 -0.121667 0.99201 44.5973
0.0132271 0.991312 0.130865 -566.568 -0.99814 0.0208803 -0.0572835 85.3684 -0.0595183 -0.129864 0.989744 44.6994
0.0159898 0.990145 0.139128 -566.576 -0.999818 0.0172845 -0.00810233 87.8075 -0.0104272 -0.138973 0.990241 44.665
0.00536182 0.990884 0.134609 -566.478 -0.998389 0.012908 -0.05525 90.1086 -0.0564839 -0.134096 0.989357 44.8017
0.00398074 0.991045 0.13347 -566.461 -0.999499 0.0081361 -0.0306023 92.6052 -0.0314142 -0.133281 0.99058 44.8825
0.00130018 0.990884 0.13471 -566.412 -0.999126 0.00691645 -0.0412319 95.1284 -0.0417878 -0.134539 0.990027 44.9429
-0.000249826 0.991605 0.129304 -566.38 -0.999205 0.00490774 -0.0395668 97.7304 -0.0398693 -0.129211 0.990815 45.034
-0.000766653 0.992056 0.125793 -566.335 -0.999244 0.00412953 -0.0386571 100.362 -0.0388695 -0.125728 0.991303 45.1061
8.76335e-06 0.991916 0.126896 -566.295 -0.999399 0.00440757 -0.034384 102.362 -0.0346653 -0.126819 0.99132 45.1742
0.000905304 0.99105 0.13349 -566.245 -0.999382 0.00558893 -0.0347155 104.966 -0.0351508 -0.133376 0.990442 45.2556
0.00205551 0.99142 0.130696 -566.222 -0.999399 0.00655803 -0.0340292 107.519 -0.0345944 -0.130548 0.990838 45.3389
0.00532661 0.992227 0.124325 -566.195 -0.999379 0.00961426 -0.033913 110.014 -0.0348447 -0.124067 0.991662 45.4026
0.00291139 0.992385 0.123138 -566.179 -0.998301 0.0100511 -0.0574001 112.433 -0.0582007 -0.122761 0.990728 45.5248
0.00307067 0.991922 0.126813 -566.163 -0.997013 0.0128226 -0.0761556 114.848 -0.0771665 -0.126201 0.988999 45.6482
0.00333511 0.992975 0.118273 -566.165 -0.999887 0.00504493 -0.0141601 117.264 -0.0146573 -0.118213 0.99288 45.7361
-0.00633321 0.994422 0.105281 -566.129 -0.998821 -0.00122368 -0.0485265 119.473 -0.048127 -0.105464 0.993258 45.7709
-0.00997854 0.993422 0.114073 -566.072 -0.999135 -0.00529941 -0.0412486 121.962 -0.0403727 -0.114386 0.992616 45.8547
-0.0124193 0.991789 0.127284 -565.999 -0.999278 -0.00774101 -0.0371837 124.34 -0.0358931 -0.127654 0.991169 45.9263
-0.0147432 0.990292 0.138218 -565.922 -0.999281 -0.00976507 -0.0366255 126.711 -0.0349202 -0.138658 0.989724 46.0152
-0.0144584 0.989668 0.142646 -565.851 -0.99938 -0.00972224 -0.0338433 129.089 -0.0321068 -0.143047 0.989195 46.1078
-0.0168589 0.989788 0.141546 -565.806 -0.998605 -0.00958249 -0.051932 131.467 -0.0500454 -0.142224 0.988569 46.2045
-0.0100427 0.990087 0.140093 -565.763 -0.999923 -0.00891555 -0.00867108 133.876 -0.00733611 -0.14017 0.9901 46.214
-0.0177469 0.988565 0.149749 -565.7 -0.999294 -0.0125765 -0.0354037 136.267 -0.0331155 -0.150272 0.98809 46.3034
-0.0201654 0.986644 0.161636 -565.616 -0.99959 -0.0166075 -0.0233326 138.705 -0.0203366 -0.162041 0.986575 46.343
-0.0275796 0.985223 0.169043 -565.522 -0.999234 -0.0224723 -0.0320523 141.126 -0.0277799 -0.169797 0.985087 46.4054
-0.036869 0.983566 0.176745 -565.405 -0.998813 -0.0306335 -0.0378799 143.537 -0.031843 -0.177932 0.983527 46.4792
-0.0562705 0.982453 0.177822 -565.255 -0.997931 -0.0497962 -0.0406684 145.862 -0.0310999 -0.179742 0.983222 46.5283
-0.087686 0.980915 0.173544 -565.03 -0.99595 -0.0828575 -0.0348893 148.185 -0.019844 -0.1759 0.984208 46.5881
-0.147135 0.974192 0.171175 -564.695 -0.988962 -0.141839 -0.0428365 150.423 -0.0174517 -0.175588 0.984309 46.6167
-0.217707 0.96154 0.167465 -564.18 -0.975974 -0.212904 -0.0463398 152.653 -0.00890369 -0.17353 0.984788 46.6294
-0.293499 0.944328 0.148673 -563.502 -0.955866 -0.28772 -0.0594831 154.828 -0.0133952 -0.15957 0.987096 46.6634
-0.370237 0.916838 0.149442 -562.649 -0.928937 -0.365434 -0.0594457 156.927 0.000109067 -0.160831 0.986982 46.6054
-0.452242 0.880987 0.139067 -561.594 -0.891793 -0.449025 -0.055524 158.943 0.0135286 -0.149129 0.988725 46.5674
-0.534751 0.831241 0.151921 -560.305 -0.844493 -0.532003 -0.0616829 160.842 0.0295488 -0.161281 0.986466 46.4867
-0.615616 0.776013 0.137187 -558.87 -0.786951 -0.614548 -0.0551235 162.616 0.0415316 -0.141895 0.98901 46.379
-0.690742 0.708942 0.142392 -557.202 -0.720828 -0.690689 -0.0579258 164.274 0.0572828 -0.142652 0.988114 46.2294
-0.75785 0.637251 0.139911 -555.361 -0.648927 -0.758435 -0.0605841 165.796 0.0675063 -0.136706 0.988309 46.0305
-0.809629 0.570512 0.137899 -553.325 -0.581719 -0.811236 -0.0591483 167.16 0.0781237 -0.128107 0.988679 45.8333
-0.853889 0.501934 0.137606 -551.179 -0.512818 -0.856545 -0.0578554 168.397 0.0888262 -0.119969 0.988796 45.5939
-0.891626 0.430058 0.141609 -548.893 -0.441097 -0.895624 -0.0573616 169.462 0.10216 -0.113609 0.988259 45.3024
-0.919731 0.36471 0.145191 -546.479 -0.376118 -0.92463 -0.0599574 170.381 0.112381 -0.109754 0.987585 45.0121
-0.940541 0.30836 0.142465 -544.024 -0.319179 -0.945789 -0.0600698 171.161 0.116219 -0.10197 0.987975 44.6702
-0.95243 0.271615 0.138214 -541.548 -0.281117 -0.958139 -0.0542574 171.836 0.117691 -0.0905306 0.988915 44.3786
-0.959358 0.246244 0.137823 -539.052 -0.25512 -0.965581 -0.0506634 172.444 0.120604 -0.0837657 0.98916 44.0566
-0.965089 0.238639 0.107959 -536.577 -0.245289 -0.967999 -0.0530146 173.049 0.0918525 -0.0776449 0.992741 43.7685
-0.963363 0.240755 0.118193 -534.566 -0.247362 -0.967895 -0.0446166 173.527 0.103657 -0.0722185 0.991988 43.429
-0.959437 0.246671 0.136504 -532.172 -0.25444 -0.966156 -0.0424661 174.144 0.121409 -0.0754755 0.989729 43.2258
-0.95781 0.259036 0.124499 -530.161 -0.265506 -0.96335 -0.0382499 174.644 0.110028 -0.0696915 0.991482 42.9478
-0.955177 0.264397 0.133158 -528.189 -0.272033 -0.961348 -0.042528 175.177 0.116767 -0.0768451 0.990182 42.6886
-0.953826 0.271144 0.129214 -525.526 -0.278401 -0.959567 -0.041516 175.903 0.112733 -0.0755723 0.990747 42.38
-0.952421 0.274495 0.132464 -523.495 -0.28204 -0.958498 -0.0416565 176.468 0.115532 -0.0770348 0.990312 42.1427
-0.951032 0.279282 0.13244 -521.422 -0.28644 -0.95734 -0.0380957 177.051 0.116151 -0.0741663 0.990459 41.8935
-0.950782 0.281778 0.128896 -519.323 -0.288646 -0.956691 -0.037745 177.643 0.112678 -0.0730927 0.990939 41.6601
-0.950877 0.282436 0.126739 -517.179 -0.289261 -0.956466 -0.0387452 178.253 0.110279 -0.0735027 0.991179 41.4017
-0.950084 0.283382 0.13052 -515.009 -0.290167 -0.956303 -0.0358818 178.875 0.114648 -0.0719632 0.990796 41.1503
-0.949611 0.283837 0.13295 -512.807 -0.290846 -0.956083 -0.0362415 179.503 0.116824 -0.0730832 0.99046 40.8906
-0.94952 0.282389 0.136629 -510.565 -0.290189 -0.956108 -0.0405941 180.134 0.119168 -0.0781931 0.98979 40.6106
-0.950079 0.281603 0.134353 -508.293 -0.289178 -0.956428 -0.0402636 180.77 0.11716 -0.0771055 0.990115 40.3449
-0.950398 0.281164 0.133003 -505.99 -0.2882 -0.956871 -0.0365978 181.424 0.116977 -0.0731141 0.99044 40.0679
-0.950692 0.280239 0.132857 -503.668 -0.287319 -0.957115 -0.0371211 182.085 0.116756 -0.073463 0.99044 39.7919
-0.950768 0.278736 0.135446 -501.276 -0.286267 -0.957342 -0.0393383 182.741 0.118704 -0.0761755 0.990003 39.5057
-0.950256 0.279895 0.136649 -498.903 -0.287571 -0.956937 -0.0396905 183.409 0.119655 -0.0770123 0.989824 39.224
-0.949659 0.282755 0.134901 -496.558 -0.290076 -0.956261 -0.0377005 184.077 0.118341 -0.0749341 0.990142 38.9491
-0.949074 0.284283 0.135798 -494.186 -0.292424 -0.955281 -0.0439021 184.756 0.117244 -0.0813768 0.989763 38.6599
-0.947084 0.289708 0.138205 -491.795 -0.297934 -0.953634 -0.0426367 185.45 0.119445 -0.0815566 0.989485 38.3716
-0.945462 0.299478 0.12812 -489.408 -0.307303 -0.950501 -0.0459668 186.17 0.108013 -0.0828316 0.990693 38.1062
-0.941706 0.309447 0.132032 -487.017 -0.318149 -0.946703 -0.0503497 186.924 0.109414 -0.0894203 0.989966 37.8345
-0.93851 0.319929 0.129782 -484.611 -0.328918 -0.942787 -0.0544638 187.703 0.104933 -0.0938026 0.990046 37.5746
-0.934729 0.332121 0.126402 -482.225 -0.340806 -0.938574 -0.0541236 188.519 0.100662 -0.0936694 0.990501 37.3318
-0.929102 0.345997 0.130595 -479.827 -0.354626 -0.933715 -0.0491652 189.386 0.104928 -0.091992 0.990216 37.0751
-0.924388 0.359573 0.127332 -477.439 -0.367385 -0.929049 -0.0435535 190.285 0.102637 -0.0870403 0.990903 36.821
-0.919391 0.372363 0.126753 -475.07 -0.380072 -0.923984 -0.0424182 191.216 0.101323 -0.0871742 0.991027 36.5709
-0.913711 0.386107 0.126698 -472.695 -0.393915 -0.918151 -0.0427773 192.192 0.0998115 -0.0889945 0.991018 36.3219
-0.90802 0.399789 0.125176 -470.333 -0.407299 -0.912396 -0.0405039 193.206 0.0980168 -0.0877622 0.991307 36.0831
-0.902742 0.411989 0.123781 -467.979 -0.419473 -0.906845 -0.0409268 194.252 0.0953886 -0.0888691 0.991465 35.8388
-0.89735 0.422826 0.126418 -465.625 -0.430248 -0.901938 -0.0373383 195.335 0.0982334 -0.0878965 0.991274 35.6003
-0.89358 0.432328 0.120865 -463.286 -0.439351 -0.897518 -0.0378401 196.431 0.0921188 -0.0869151 0.991948 35.3626
-0.888689 0.441049 0.12533 -460.945 -0.448286 -0.893185 -0.0354947 197.56 0.0962877 -0.0877273 0.99148 35.1249
-0.885034 0.449892 0.119632 -458.611 -0.457148 -0.888453 -0.0408241 198.711 0.0879211 -0.0908203 0.991979 34.8971
-0.879897 0.459557 0.120787 -456.268 -0.466806 -0.883494 -0.0391202 199.895 0.0887365 -0.0908057 0.991907 34.6737
