1 -0.000438056 0.000458285 0.00708914 0.000437913 1 0.000312318 0.00850311 -0.000458421 -0.000312117 1 -0.000513373
0.999943 0.000281507 -0.0107139 -1.87513 -0.000256842 0.999997 0.00230342 0.00455151 0.0107145 -0.00230054 0.99994 0.0498938
0.999872 0.000236312 -0.0159931 -3.94195 -0.000190573 0.999996 0.0028614 0.0254317 0.0159937 -0.00285799 0.999868 0.104546
0.999881 -0.000161529 -0.0154209 -6.05902 0.000224375 0.999992 0.00407377 0.0190899 0.0154201 -0.00407674 0.999873 0.146549
0.999921 -0.0041116 -0.0119014 -8.19873 0.0041451 0.999988 0.0027918 0.00219381 0.0118898 -0.00284091 0.999925 0.197008
0.999882 -0.0144009 -0.00535534 -10.3361 0.014409 0.999895 0.00148859 -0.0267684 0.00533334 -0.00156558 0.999985 0.249059
0.999707 -0.0229352 -0.00770605 -12.3983 0.0229431 0.999736 0.00093567 -0.0835405 0.00768256 -0.0011122 0.99997 0.294891
0.99954 -0.0300071 -0.00444606 -14.5156 0.0300014 0.999549 -0.00134229 -0.15564 0.00448434 0.00120828 0.999989 0.358193
0.999435 -0.0332064 -0.00512174 -16.6655 0.0331647 0.999418 -0.0080148 -0.239789 0.0053849 0.00784041 0.999955 0.406504
0.997632 -0.0687324 -0.00235085 -18.6727 0.0687142 0.997611 -0.00710008 -0.390444 0.00283324 0.00692174 0.999972 0.461185
0.990826 -0.13507 -0.00452026 -20.6488 0.134972 0.990695 -0.0175173 -0.721514 0.00684426 0.0167465 0.999836 0.495384
0.977957 -0.208771 -0.00377755 -22.7796 0.208729 0.977929 -0.00928411 -1.20636 0.00563243 0.00829098 0.99995 0.548618
0.958752 -0.28424 -0.00163335 -24.9965 0.284239 0.958681 0.0117594 -1.85465 -0.00177662 -0.0117386 0.99993 0.593047
0.943625 -0.331015 0.000334285 -26.8787 0.330996 0.94358 0.00996972 -2.56868 -0.00361555 -0.00929703 0.99995 0.670746
0.938861 -0.344239 -0.00635294 -28.9659 0.344285 0.938823 0.00888367 -3.36043 0.00290618 -0.0105278 0.99994 0.76193
0.950248 -0.311453 -0.00505702 -31.2202 0.311491 0.950181 0.0113928 -4.10412 0.00125676 -0.0124012 0.999922 0.840778
0.964351 -0.264563 -0.00577618 -33.3032 0.264615 0.964276 0.012273 -4.6589 0.00232284 -0.013364 0.999908 0.904045
0.977911 -0.208901 -0.00709878 -35.484 0.20898 0.977831 0.0131737 -5.10008 0.0041894 -0.0143662 0.999888 0.971454
0.988468 -0.151193 -0.00843051 -37.8432 0.151298 0.988393 0.0137092 -5.43389 0.00625994 -0.0148266 0.99987 1.04108
0.994105 -0.107874 -0.0109277 -39.8404 0.108045 0.99401 0.0164624 -5.58787 0.00908639 -0.017546 0.999805 1.09622
0.996729 -0.0799808 -0.011613 -41.9136 0.0802052 0.996571 0.0203513 -5.69752 0.00994551 -0.0212161 0.999725 1.14621
0.998013 -0.0611849 -0.0150784 -44.0674 0.0614738 0.997918 0.0195065 -5.79263 0.0138535 -0.0203946 0.999696 1.2177
0.998563 -0.0519893 -0.0129757 -46.3297 0.0522081 0.998489 0.0171378 -5.89837 0.0120652 -0.0177906 0.999769 1.25855
0.998543 -0.0527887 -0.0112159 -49.1916 0.0529645 0.998468 0.0159963 -6.03046 0.0103543 -0.016567 0.999809 1.32668
0.998418 -0.0553533 -0.00986196 -51.5079 0.0555123 0.998319 0.0166558 -6.14628 0.00892342 -0.0171769 0.999813 1.40015
0.998265 -0.0579797 -0.0102883 -53.8397 0.0581715 0.998117 0.0194386 -6.26666 0.00914188 -0.0200033 0.999758 1.47553
0.998136 -0.0605069 -0.00798356 -56.1944 0.0606571 0.997955 0.0201466 -6.39719 0.00674822 -0.0205933 0.999765 1.54087
0.998012 -0.0626256 -0.0071389 -58.5815 0.0627323 0.997904 0.0158521 -6.54117 0.00613119 -0.0162684 0.999849 1.62486
0.997878 -0.0649882 -0.00407489 -61.0002 0.0650422 0.997771 0.0149126 -6.68824 0.00309667 -0.015146 0.99988 1.70236
0.997472 -0.070984 -0.00328035 -63.4494 0.0710233 0.997376 0.0140094 -6.84795 0.0022773 -0.014207 0.999896 1.78075
0.996341 -0.0854402 -0.001899 -65.8956 0.08546 0.996204 0.0165875 -7.04719 0.000474555 -0.0166891 0.999861 1.87513
0.994694 -0.102731 -0.00543386 -68.3886 0.102806 0.994573 0.0159547 -7.27364 0.00376532 -0.0164287 0.999858 1.97074
0.99231 -0.123707 -0.00416215 -70.8128 0.123754 0.992216 0.0138842 -7.57072 0.00241217 -0.0142926 0.999895 2.05673
0.988754 -0.149421 -0.00628198 -73.197 0.149504 0.988633 0.0159276 -7.91585 0.00383066 -0.0166877 0.999853 2.14885
0.984547 -0.174958 -0.00751198 -75.5636 0.175064 0.984406 0.0172204 -8.33239 0.00438199 -0.0182694 0.999823 2.22615
0.979646 -0.200563 -0.00823188 -77.8853 0.200683 0.979487 0.0182266 -8.78808 0.00440744 -0.0195076 0.9998 2.31014
0.974253 -0.22527 -0.0091447 -80.1257 0.225395 0.974131 0.0162974 -9.29603 0.00523683 -0.017939 0.999825 2.3896
0.968156 -0.250223 -0.00784316 -82.3284 0.250319 0.968039 0.015545 -9.86063 0.00370276 -0.0170133 0.999848 2.46418
0.960917 -0.276747 -0.00708064 -84.4499 0.276813 0.960858 0.011214 -10.4817 0.00370005 -0.0127357 0.999912 2.54862
0.952862 -0.303193 -0.0113362 -86.5 0.303274 0.952883 0.00620247 -11.1345 0.00892153 -0.00934807 0.999917 2.62347
0.943751 -0.330188 -0.017588 -88.5018 0.33035 0.943831 0.00717805 -11.7973 0.01423 -0.0125845 0.99982 2.69923
0.932274 -0.361567 -0.011621 -90.4372 0.361622 0.93232 0.00299462 -12.5719 0.00975178 -0.00699423 0.999928 2.73363
0.920257 -0.391203 -0.00935275 -92.281 0.391126 0.920293 -0.00900078 -13.3584 0.0121284 0.00462493 0.999916 2.82323
0.901146 -0.433477 -0.00574603 -94.5105 0.433397 0.901131 -0.0114032 -14.4166 0.0101209 0.00778561 0.999918 2.90966
0.879319 -0.47623 -0.00162327 -96.605 0.476156 0.879234 -0.0149408 -15.5531 0.00854248 0.0123648 0.999887 2.9849
0.854003 -0.520267 -0.000235967 -98.538 0.520164 0.853842 -0.0195647 -16.7412 0.0103803 0.0165856 0.999809 3.06157
0.826564 -0.562828 -0.0040698 -100.379 0.562661 0.826459 -0.0194454 -17.9905 0.0143079 0.0137829 0.999803 3.13121
0.789792 -0.61337 -0.00219318 -102.091 0.613166 0.789612 -0.0232551 -19.3345 0.0159957 0.0170219 0.999727 3.18725
0.750204 -0.661206 -0.000214519 -103.69 0.660993 0.749971 -0.0251483 -20.753 0.0167891 0.0187245 0.999684 3.26039
0.722836 -0.691019 0.000820238 -105.202 0.690738 0.722507 -0.0294142 -22.2096 0.0197332 0.0218282 0.999567 3.32091
0.710041 -0.704066 0.011489 -106.783 0.704048 0.709543 -0.0293952 -23.7825 0.0125443 0.0289606 0.999502 3.3956
0.71097 -0.70263 0.0288598 -108.281 0.703222 0.710356 -0.0295478 -25.2357 0.000260491 0.0413025 0.999147 3.47799
0.716939 -0.696366 0.03275 -109.726 0.697122 0.716423 -0.0275501 -26.6283 -0.00427786 0.0425825 0.999084 3.55047
0.726952 -0.686108 0.0282255 -111.212 0.686656 0.726705 -0.0200934 -27.9988 -0.00672536 0.0339881 0.9994 3.6301
0.733241 -0.67951 0.0249644 -112.713 0.679938 0.733064 -0.0173661 -29.3467 -0.00650008 0.0297078 0.999537 3.70689
0.736684 -0.676032 0.0166589 -114.386 0.676236 0.736504 -0.016312 -30.8343 -0.00124189 0.0232821 0.999728 3.78131
0.739918 -0.672577 0.0127202 -116.07 0.672697 0.739781 -0.0142705 -32.3446 0.000187818 0.0191158 0.999817 3.85513
0.740373 -0.672101 0.0113056 -117.583 0.672196 0.740262 -0.0128419 -33.6694 0.000261953 0.0171074 0.999854 3.92384
0.738615 -0.674069 0.00891351 -119.173 0.674119 0.738473 -0.014873 -35.104 0.00344304 0.0169942 0.99985 3.98465
0.736441 -0.676456 0.00792209 -120.841 0.676492 0.736314 -0.014186 -36.5979 0.00376304 0.0158064 0.999868 4.05056
0.734926 -0.678109 0.00722298 -122.358 0.678139 0.734823 -0.0127402 -37.9508 0.00333161 0.0142613 0.999893 4.1288
0.733494 -0.679639 0.00879026 -123.944 0.679695 0.733408 -0.011296 -39.3937 0.00123036 0.0142603 0.999898 4.18896
0.736267 -0.676674 0.00476017 -125.63 0.676682 0.736201 -0.0104857 -40.922 0.00359097 0.0109414 0.999934 4.25384
0.74211 -0.670234 0.00762871 -127.384 0.670273 0.742014 -0.0122391 -42.4837 0.00254248 0.0141961 0.999896 4.32269
0.749457 -0.662032 0.00531424 -129.196 0.662028 0.749334 -0.0147513 -44.0561 0.00578369 0.0145737 0.999877 4.39574
0.757912 -0.652323 0.00668644 -131.47 0.65235 0.757816 -0.0123914 -45.9502 0.00301612 0.0137535 0.999901 4.48922
0.767026 -0.641584 0.00640375 -133.052 0.641609 0.766936 -0.0121449 -47.2644 0.00288071 0.0134242 0.999906 4.55408
0.776862 -0.62963 0.00719108 -134.709 0.62967 0.776798 -0.0100338 -48.5527 0.000731542 0.0123229 0.999924 4.64244
0.788144 -0.61546 0.00623464 -136.417 0.615489 0.788127 -0.00533981 -49.8516 -0.00162725 0.00804589 0.999966 4.70075
0.799783 -0.600278 0.00359684 -138.164 0.600289 0.799768 -0.00492174 -51.1203 7.7783e-05 0.00609547 0.999981 4.7759
0.812941 -0.582342 0.00215895 -139.947 0.582346 0.812933 -0.00361023 -52.3645 0.000347306 0.00419216 0.999991 4.84418
0.828901 -0.559339 0.00792975 -141.728 0.559355 0.828928 0.000337329 -53.5256 -0.00676188 0.00415593 0.999969 4.94994
0.845343 -0.534178 0.0070252 -143.49 0.534182 0.845368 0.00153576 -54.6041 -0.00675925 0.00245448 0.999974 5.04649
0.861038 -0.508424 0.010877 -145.263 0.50841 0.861105 0.00420802 -55.5943 -0.0115057 0.00190672 0.999932 5.13926
0.877596 -0.47924 0.0124177 -147.423 0.479219 0.877682 0.00486571 -56.7287 -0.0132306 0.00168066 0.999911 5.24742
0.892222 -0.451405 0.0131678 -149.447 0.451389 0.892317 0.00435394 -57.7283 -0.0137153 0.00205914 0.999904 5.36936
0.898705 -0.438441 0.00999545 -151.298 0.438448 0.898755 0.00159178 -58.5795 -0.00968136 0.00295194 0.999949 5.47472
0.903299 -0.4287 0.0163711 -153.208 0.428681 0.903443 0.00481054 -59.4589 -0.0168526 0.00267263 0.999854 5.58065
0.903855 -0.427556 0.0155308 -155.209 0.427572 0.903978 0.00243116 -60.3876 -0.0150789 0.00444312 0.999876 5.69057
0.89047 -0.454494 0.0223221 -157.126 0.454553 0.890716 0.0026679 -61.3732 -0.0210952 0.00777088 0.999747 5.81129
0.886029 -0.462959 0.0249396 -158.902 0.463219 0.886226 -0.00555908 -62.3172 -0.0195285 0.016478 0.999674 5.90902
0.908794 -0.416662 0.022072 -160.862 0.416858 0.908958 -0.00500132 -63.1706 -0.0179787 0.0137461 0.999744 6.01326
0.934534 -0.354981 0.0251868 -162.993 0.355082 0.934835 0.000512114 -63.9022 -0.0237273 0.00846478 0.999683 6.1376
0.955879 -0.293546 0.0112113 -165.046 0.29364 0.955883 -0.00792308 -64.5016 -0.00839095 0.0108656 0.999906 6.19945
0.972684 -0.231468 0.0175645 -167.403 0.231545 0.972821 -0.00243304 -64.9947 -0.016524 0.00643356 0.999843 6.31559
0.982282 -0.187166 0.00953358 -169.439 0.187124 0.982323 0.00512736 -65.3242 -0.0103247 -0.00325255 0.999941 6.38273
0.987087 -0.159616 0.0134887 -171.632 0.159532 0.987167 0.00708761 -65.6376 -0.0144469 -0.0048442 0.999884 6.47102
0.988411 -0.15144 0.0104388 -173.936 0.151348 0.988439 0.00904188 -65.9373 -0.0116874 -0.00735721 0.999905 6.58361
0.989314 -0.145328 0.0117058 -176.277 0.145161 0.989309 0.0140004 -66.2338 -0.0136154 -0.0121516 0.999833 6.67672
0.990012 -0.140479 0.0118985 -178.699 0.140261 0.98996 0.0174847 -66.5331 -0.0142353 -0.0156412 0.999776 6.79042
0.990708 -0.135444 0.0123878 -181.193 0.135221 0.990664 0.0173483 -66.8149 -0.0146219 -0.015512 0.999773 6.89802
0.991537 -0.129225 0.0124506 -183.782 0.129045 0.991535 0.0143417 -67.1202 -0.0141985 -0.0126137 0.99982 7.02576
0.992454 -0.122101 0.0112325 -185.796 0.121988 0.992478 0.0102777 -67.3391 -0.012403 -0.0088299 0.999884 7.11301
0.993586 -0.112543 0.0110413 -187.866 0.112459 0.993624 0.00797364 -67.5554 -0.0118683 -0.0066808 0.999907 7.19967
0.994844 -0.101019 0.00896555 -189.993 0.100989 0.99488 0.00378853 -67.7328 -0.00930237 -0.00286358 0.999953 7.28596
0.996165 -0.0869758 0.00947932 -192.172 0.0869597 0.99621 0.0021062 -67.9007 -0.00962658 -0.0012738 0.999953 7.37668
0.997651 -0.0680463 0.00786258 -194.399 0.0680413 0.997682 0.000912723 -68.0279 -0.00790647 -0.000375599 0.999969 7.47423
0.999034 -0.0430687 0.00871796 -196.641 0.0430708 0.999072 -5.3259e-05 -68.0988 -0.00870758 0.000428697 0.999962 7.55837
0.999759 -0.0188641 0.011265 -198.929 0.0188216 0.999815 0.00386399 -68.0813 -0.0113358 -0.00365104 0.999929 7.66154
0.999997 -0.000707198 -0.00249579 -201.294 0.000720721 0.999985 0.00542148 -68.0471 0.00249192 -0.00542326 0.999982 7.75068
0.999841 0.0156745 0.00850018 -203.617 -0.0157333 0.999852 0.00690358 -67.9745 -0.00839071 -0.00703622 0.99994 7.82102
0.999459 0.0326925 0.00360738 -206.021 -0.0327174 0.99944 0.00708867 -67.8738 -0.00337361 -0.00720286 0.999968 7.9385
0.998799 0.0486497 0.0058185 -208.413 -0.0486808 0.9988 0.00532834 -67.7288 -0.0055523 -0.00560519 0.999969 8.03066
0.99782 0.065944 -0.00239026 -210.874 -0.0659309 0.997811 0.00519738 -67.5321 0.00272776 -0.00502846 0.999984 8.12633
0.996795 0.0799921 -0.000915707 -213.361 -0.0799852 0.996778 0.00602349 -67.2956 0.00139459 -0.00593095 0.999981 8.20279
0.995673 0.0929207 -0.000647342 -215.869 -0.0929175 0.995666 0.00394943 -67.0297 0.00101152 -0.00387219 0.999992 8.30039
0.994302 0.106415 -0.00625686 -218.4 -0.106384 0.994312 0.00506812 -66.7306 0.0067606 -0.00437361 0.999968 8.39025
0.992789 0.119842 -0.00265957 -220.903 -0.119829 0.992785 0.00437664 -66.4069 0.00316489 -0.00402638 0.999987 8.48213
0.991015 0.133552 -0.00732349 -223.38 -0.133515 0.991032 0.00538213 -66.0441 0.00797661 -0.00435598 0.999959 8.57376
0.988967 0.148015 -0.00601998 -225.851 -0.147964 0.988959 0.00814102 -65.6487 0.00715851 -0.00716046 0.999949 8.65071
0.986164 0.165704 -0.00470033 -228.303 -0.165659 0.986144 0.00876918 -65.2066 0.00608829 -0.0078692 0.999951 8.73965
0.982885 0.184171 -0.00428737 -230.754 -0.184113 0.982839 0.0114122 -64.7288 0.00631558 -0.0104275 0.999926 8.83528
0.978838 0.204629 -0.00186375 -233.202 -0.204596 0.978784 0.0110907 -64.1857 0.0040937 -0.0104747 0.999937 8.92132
0.97353 0.228539 0.00313371 -235.616 -0.22856 0.97346 0.0116198 -63.587 -0.000394973 -0.0120284 0.999928 9.02534
0.967404 0.253211 0.00356832 -238.014 -0.253236 0.967293 0.0146908 -62.9298 0.00026825 -0.0151155 0.999886 9.12942
0.960201 0.279305 -0.00182317 -240.445 -0.279259 0.960128 0.0129494 -62.2147 0.00536731 -0.0119249 0.999914 9.23319
0.949124 0.314642 -0.0127796 -243.583 -0.314334 0.949068 0.0215354 -61.1407 0.0189046 -0.0164227 0.999686 9.35708
0.939465 0.342607 -0.005165 -245.935 -0.342444 0.939322 0.0201322 -60.2679 0.011749 -0.0171448 0.999784 9.43494
0.928858 0.370247 -0.0118121 -248.271 -0.369911 0.928767 0.0236037 -59.3352 0.0197099 -0.017555 0.999652 9.51731
0.860201 0.509885 -0.00849714 -259.57 -0.509546 0.860058 0.02575 -53.684 0.0204376 -0.0178205 0.999632 9.84823
0.846895 0.531724 -0.00613369 -261.595 -0.531371 0.846661 0.0284673 -52.1555 0.0203299 -0.0208496 0.999576 9.92365
0.831651 0.555259 -0.00662524 -263.686 -0.554759 0.831309 0.0341839 -50.747 0.0244885 -0.0247536 0.999394 9.98602
0.817683 0.575667 -0.00135761 -265.754 -0.575273 0.817206 0.0351425 -49.2698 0.0213399 -0.0279544 0.999381 10.0532
0.804312 0.594205 -0.00155888 -267.775 -0.593679 0.803705 0.0400322 -47.7379 0.0250402 -0.0312729 0.999197 10.1208
0.791098 0.611687 0.00187799 -269.795 -0.611338 0.790535 0.0363466 -46.1618 0.0207482 -0.0299018 0.999337 10.1938
0.777223 0.629221 0.00249457 -271.761 -0.628865 0.776637 0.0369168 -44.5545 0.0212914 -0.0302613 0.999315 10.2743
0.765221 0.643752 0.00457569 -273.694 -0.643422 0.764557 0.0382221 -42.8944 0.0211071 -0.0321924 0.999259 10.3416
0.752998 0.657999 0.00557201 -275.594 -0.657666 0.752283 0.0393205 -41.2046 0.0216811 -0.0332727 0.999211 10.4187
0.740914 0.671563 0.0070788 -277.48 -0.671193 0.740056 0.042629 -39.4736 0.0233893 -0.0363356 0.999066 10.4872
0.729254 0.684229 0.00434496 -279.341 -0.68368 0.728383 0.0451566 -37.6987 0.0277326 -0.0359012 0.99897 10.552
0.719181 0.694802 0.0052952 -281.157 -0.694176 0.718163 0.0485981 -35.9135 0.0299633 -0.0386267 0.998804 10.6046
0.710264 0.703918 0.00489316 -282.974 -0.703205 0.709194 0.0504674 -34.0702 0.0320547 -0.0392861 0.998714 10.6526
0.701134 0.713003 0.00623192 -284.78 -0.712111 0.699761 0.0568544 -32.2161 0.0361765 -0.0443004 0.998363 10.6887
0.696009 0.717935 0.0118782 -286.559 -0.717198 0.694308 0.0596901 -30.3268 0.0346065 -0.0500639 0.998146 10.734
0.697308 0.716574 0.0168567 -288.336 -0.716138 0.695509 0.0584302 -28.4572 0.0301456 -0.0528155 0.998149 10.7804
0.705896 0.708073 0.0185336 -290.094 -0.707866 0.704275 0.0540579 -26.6578 0.0252242 -0.0512786 0.998366 10.8405
0.717993 0.69587 0.0158687 -291.893 -0.69564 0.716599 0.0507129 -24.8798 0.0239181 -0.0474504 0.998587 10.8968
0.732352 0.680711 0.0171108 -293.735 -0.68067 0.731157 0.0457997 -23.1455 0.0186657 -0.0451883 0.998804 10.9581
0.748407 0.663009 0.0175008 -295.613 -0.66314 0.747577 0.037079 -21.4704 0.0115005 -0.0393556 0.999159 11.0386
0.765827 0.64289 0.0142413 -297.539 -0.64293 0.765077 0.0360235 -19.854 0.0122634 -0.0367439 0.999249 11.115
0.785771 0.61827 0.0175017 -299.508 -0.618464 0.785015 0.0353948 -18.2956 0.00814443 -0.0386364 0.99922 11.1909
0.823058 0.567813 0.0128084 -302.921 -0.567869 0.822323 0.0361873 -15.8405 0.0100149 -0.0370578 0.999263 11.3177
0.845458 0.53387 0.0135245 -305.077 -0.53399 0.844753 0.035304 -14.4856 0.0074229 -0.03707 0.999285 11.3922
0.897487 0.44082 0.0139476 -310.304 -0.44102 0.896698 0.0378624 -11.5856 0.00418375 -0.0401322 0.999186 11.5957
0.917785 0.396632 0.0188272 -312.771 -0.397062 0.917147 0.0343877 -10.5818 -0.00362804 -0.0390361 0.999231 11.6976
0.958107 0.286247 0.00966803 -318.623 -0.286411 0.957572 0.0320045 -8.58152 -9.66441e-05 -0.0334327 0.999441 11.9229
0.974225 0.225498 0.00594642 -322.987 -0.225569 0.973632 0.0340459 -7.52599 0.00188767 -0.0345097 0.999403 12.0958
0.980127 0.198156 0.0092342 -325.674 -0.198354 0.979597 0.0323286 -6.97093 -0.00263968 -0.0335177 0.999435 12.2
0.984514 0.17459 0.0158151 -328.399 -0.174979 0.984175 0.027974 -6.48613 -0.0106808 -0.0303081 0.999484 12.324
0.991059 0.133073 0.00967528 -334.884 -0.1333 0.990659 0.0287539 -5.52403 -0.00575852 -0.0297865 0.99954 12.628
0.992833 0.119031 0.0106775 -337.701 -0.119287 0.99247 0.0278085 -5.17679 -0.00728699 -0.0288829 0.999556 12.7654
0.994806 0.101291 0.0101016 -341.515 -0.101552 0.994377 0.0300327 -4.75667 -0.00700271 -0.0309025 0.999498 12.9344
0.996082 0.0878976 0.00976182 -344.426 -0.0881744 0.99556 0.0329371 -4.49084 -0.00682338 -0.0336688 0.99941 13.0758
0.999862 0.0166192 -0.00034466 -376.703 -0.0166202 0.999857 -0.0031884 -1.49043 0.000291622 0.00319369 0.999995 14.4349
0.999831 0.0183876 -0.000815266 -386.415 -0.018398 0.999711 -0.0154906 -1.43075 0.000530196 0.015503 0.99988 14.8188
0.999877 0.0156469 0.00145061 -388.472 -0.0156183 0.999716 -0.0179751 -1.37945 -0.00173145 0.0179502 0.999837 14.9111
0.999908 0.0134176 0.00210673 -391.435 -0.0133758 0.999735 -0.0187284 -1.36166 -0.00235746 0.0186985 0.999822 15.0308
0.999915 0.0122686 0.00447118 -394.411 -0.0121942 0.999793 -0.0163059 -1.33106 -0.0046703 0.01625 0.999857 15.1663
0.999886 0.0109071 0.0104725 -397.371 -0.0107401 0.999816 -0.0158687 -1.2957 -0.0106437 0.0157544 0.999819 15.3136
0.999946 0.00910154 0.0049218 -400.307 -0.0090193 0.999824 -0.0164801 -1.27784 -0.00507092 0.0164348 0.999852 15.46
0.999955 0.00790891 0.00529636 -403.224 -0.0078052 0.999783 -0.0193244 -1.26435 -0.00544804 0.0192822 0.999799 15.6006
0.999977 0.00679946 0.000697056 -406.157 -0.00678108 0.999697 -0.0236448 -1.26514 -0.000857617 0.0236395 0.99972 15.7298
0.999968 0.00662877 -0.00450327 -409.068 -0.0067539 0.999575 -0.0283626 -1.26592 0.00431335 0.0283921 0.999588 15.8317
0.999949 0.00364728 0.00940944 -411.919 -0.00340297 0.99966 -0.0258514 -1.25324 -0.00950053 0.0258181 0.999622 15.9859
0.999992 0.00147514 -0.00374998 -414.81 -0.00158716 0.999547 -0.0300455 -1.27815 0.00370396 0.0300512 0.999541 16.1027
0.999994 -9.50621e-05 0.00355176 -417.658 0.000215599 0.999423 -0.0339524 -1.30126 -0.00354648 0.033953 0.999417 16.2317
0.99999 0.00427192 -0.00097912 -421.443 -0.00430052 0.999499 -0.0313521 -1.30462 0.000844696 0.031356 0.999508 16.3743
0.999939 0.00561312 0.00949397 -424.212 -0.00540263 0.999742 -0.0220533 -1.29586 -0.00961531 0.0220007 0.999712 16.5075
0.999984 0.00481658 0.00293135 -426.994 -0.00474805 0.999725 -0.0229518 -1.29234 -0.00304109 0.0229375 0.999732 16.66
0.999989 0.00427528 0.00215732 -429.724 -0.00421441 0.999614 -0.0274729 -1.30525 -0.00227394 0.0274635 0.99962 16.7874
0.99999 0.00362813 0.00275452 -433.336 -0.00355168 0.999622 -0.027269 -1.31662 -0.00285241 0.0272589 0.999624 16.9534
0.999994 0.00353534 -9.43857e-05 -436.021 -0.0035366 0.999611 -0.0276502 -1.31731 -3.40384e-06 0.0276504 0.999618 17.0832
0.999985 0.00227013 0.0050516 -438.678 -0.00212847 0.999609 -0.0278731 -1.30446 -0.00511291 0.0278619 0.999599 17.2103
0.999986 0.00469362 0.00247113 -441.306 -0.00461831 0.99955 -0.0296475 -1.29958 -0.00260917 0.0296357 0.999557 17.3406
0.999974 0.00719966 -0.000403766 -443.919 -0.00720907 0.999428 -0.033046 -1.30183 0.000165615 0.0330481 0.999454 17.4582
0.999958 0.00907273 -0.00113936 -446.495 -0.00911067 0.999177 -0.0395152 -1.30431 0.000779911 0.039524 0.999218 17.5735
0.999941 0.0107102 0.00177739 -449.016 -0.0106245 0.99903 -0.042742 -1.29452 -0.00223344 0.0427205 0.999085 17.6871
0.999932 0.0115693 -0.00166735 -451.432 -0.0116309 0.998984 -0.0435434 -1.2809 0.00116189 0.0435598 0.99905 17.8056
0.999922 0.012474 0.000104666 -453.741 -0.0124575 0.998967 -0.0436913 -1.26382 -0.000649564 0.0436866 0.999045 17.9106
0.999889 0.0148309 0.00153847 -455.969 -0.0147547 0.999038 -0.0412912 -1.23843 -0.00214937 0.041264 0.999146 18.0273
0.999874 0.0156303 0.0028469 -458.099 -0.0155094 0.999141 -0.0384352 -1.21965 -0.00344521 0.0383862 0.999257 18.1259
0.999865 0.0164565 -0.000279671 -460.166 -0.0164549 0.999106 -0.0389393 -1.19319 -0.000361384 0.0389387 0.999242 18.2305
0.999837 0.0180174 -0.000991553 -462.774 -0.0180399 0.999327 -0.031934 -1.14616 0.000415519 0.0319467 0.999489 18.3564
0.999763 0.0217214 0.00130733 -465.169 -0.0216717 0.999304 -0.0303576 -1.11862 -0.00196583 0.0303221 0.999538 18.4754
0.999032 0.0433818 0.00729413 -467.399 -0.0431107 0.998494 -0.0339269 -1.04144 -0.00875496 0.0335796 0.999398 18.6063
0.996243 0.0856856 0.0125851 -469.495 -0.0852669 0.995885 -0.0307073 -0.851535 -0.0151645 0.0295188 0.999449 18.7332
0.988608 0.149436 0.017979 -471.483 -0.148824 0.988358 -0.0316226 -0.533923 -0.0224953 0.0285866 0.999338 18.8679
0.967769 0.251023 0.0202801 -473.83 -0.250224 0.967543 -0.03534 0.0617215 -0.028493 0.0291263 0.99917 19.0333
0.927303 0.374014 0.0149439 -476.012 -0.373423 0.927113 -0.0318958 0.982094 -0.0257842 0.0239967 0.999379 19.219
0.85372 0.520581 0.0125639 -477.983 -0.520103 0.853626 -0.0285655 2.25532 -0.0255955 0.0178524 0.999513 19.3808
0.735807 0.67706 0.013346 -479.664 -0.676842 0.735918 -0.0175838 3.91838 -0.0217269 0.00390513 0.999756 19.5487
0.606716 0.794617 0.0218956 -480.728 -0.794545 0.607045 -0.0139275 5.52521 -0.0243586 -0.00894699 0.999663 19.6863
0.470813 0.882052 0.0178752 -481.585 -0.882124 0.470977 -0.00620144 7.37097 -0.0138888 -0.0128484 0.999821 19.8244
0.361256 0.932232 0.0209342 -482.281 -0.932364 0.361458 -0.00670308 9.38877 -0.0138157 -0.0170968 0.999758 19.9649
0.283326 0.958797 0.0208472 -482.849 -0.958958 0.283494 -0.00556662 11.5281 -0.0112473 -0.0184145 0.999767 20.112
0.223207 0.974594 0.0185748 -483.29 -0.974771 0.223146 0.00528933 13.8293 0.00101004 -0.0192868 0.999813 20.2398
0.180483 0.983308 0.0230607 -483.654 -0.983576 0.180391 0.00603677 16.261 0.00177607 -0.0237715 0.999716 20.3708
0.15107 0.988004 0.0320401 -483.939 -0.98851 0.150823 0.00999467 18.8166 0.00504238 -0.0331818 0.999437 20.5001
0.129678 0.990785 0.0390886 -484.107 -0.991518 0.129226 0.0138703 20.8262 0.00869118 -0.0405557 0.999139 20.6026
0.106588 0.993466 0.0407969 -484.267 -0.994296 0.106336 0.0083099 22.8848 0.00391743 -0.0414499 0.999133 20.7138
0.0866144 0.995273 0.0439159 -484.374 -0.996215 0.0862015 0.0112134 25.0282 0.00737477 -0.0447209 0.998972 20.8218
0.0663922 0.996847 0.0434494 -484.447 -0.997714 0.0657743 0.0155002 27.2802 0.0125935 -0.0443792 0.998935 20.9291
0.045291 0.997936 0.0455273 -484.461 -0.998959 0.0449949 0.0075083 29.5574 0.00544431 -0.0458199 0.998935 21.0363
0.029072 0.998457 0.0473034 -484.439 -0.999521 0.0285355 0.011978 31.9243 0.0106097 -0.047629 0.998809 21.1439
0.0141863 0.998759 0.0477387 -484.404 -0.999845 0.0136698 0.0111288 34.3545 0.0104624 -0.0478892 0.998798 21.2672
0.001787 0.998917 0.0464964 -484.307 -0.99991 0.00116715 0.0133548 36.8445 0.0132861 -0.0465161 0.998829 21.3791
-0.0125465 0.998941 0.0442638 -484.193 -0.999762 -0.0133228 0.0172882 39.3956 0.0178596 -0.0440363 0.99887 21.4895
-0.026947 0.998555 0.0464914 -483.808 -0.999528 -0.0276024 0.0135118 45.6287 0.0147756 -0.0461053 0.998827 21.7589
-0.0247289 0.99859 0.0469786 -483.649 -0.999591 -0.0253747 0.013201 48.4171 0.0143744 -0.046633 0.998809 21.877
-0.0219419 0.998717 0.0456387 -483.493 -0.999667 -0.0225372 0.0125695 51.2412 0.0135819 -0.0453477 0.998879 22.0017
-0.0208035 0.998877 0.0425629 -483.336 -0.99968 -0.021394 0.0134674 54.1233 0.0143628 -0.0422691 0.999003 22.1384
-0.0182861 0.999025 0.0401827 -483.194 -0.999753 -0.0187774 0.0118827 57.0093 0.0126257 -0.0399555 0.999122 22.2693
-0.0158524 0.999016 0.0414207 -483.064 -0.999785 -0.0163912 0.0127011 59.9695 0.0133675 -0.0412105 0.999061 22.3962
-0.0130658 0.999025 0.0421793 -482.92 -0.99988 -0.0134031 0.00772475 62.931 0.00828255 -0.0420733 0.99908 22.5404
-0.0109005 0.998997 0.0434297 -482.784 -0.999865 -0.0114232 0.0118062 65.9246 0.0122905 -0.0432952 0.998987 22.6944
-0.00904719 0.999058 0.0424509 -482.71 -0.999915 -0.00943689 0.0089888 67.951 0.00938093 -0.042366 0.999058 22.7914
-0.00729166 0.999053 0.0429046 -482.629 -0.999939 -0.00764211 0.00800982 69.9827 0.00833011 -0.0428435 0.999047 22.896
-0.0051046 0.999121 0.041596 -482.553 -0.99994 -0.00550393 0.00949125 72.0255 0.00971186 -0.041545 0.999089 22.9876
-0.00358281 0.999138 0.041366 -482.485 -0.99997 -0.00386373 0.00671327 74.0827 0.00686731 -0.0413407 0.999122 23.091
-0.00185601 0.99917 0.0406876 -482.414 -0.999979 -0.00211013 0.00620348 76.1458 0.00628419 -0.0406752 0.999153 23.191
-0.00143441 0.999231 0.0391791 -482.346 -0.999969 -0.0017375 0.00770294 78.2187 0.00776509 -0.0391668 0.999203 23.2987
-0.00381668 0.999288 0.0375241 -482.281 -0.999977 -0.00402334 0.00543333 80.2879 0.00558044 -0.0375025 0.999281 23.4068
-0.00704489 0.999319 0.0362144 -482.194 -0.999941 -0.00733901 0.007995 82.3857 0.00825533 -0.036156 0.999312 23.5052
-0.0101043 0.999304 0.0359055 -482.096 -0.999907 -0.0104256 0.00877313 84.4662 0.00914136 -0.0358135 0.999317 23.6072
-0.0142686 0.999292 0.0348224 -482.001 -0.999872 -0.0145102 0.00669537 86.5738 0.00719591 -0.0347224 0.999371 23.7154
-0.01717 0.999239 0.0350333 -481.891 -0.999801 -0.017514 0.00953451 88.6874 0.0101408 -0.0348626 0.999341 23.8161
-0.0206861 0.999195 0.0343727 -481.775 -0.999716 -0.0210801 0.0111413 90.7934 0.0118569 -0.0341324 0.999347 23.9193
-0.0253808 0.999103 0.0338935 -481.645 -0.999634 -0.0256814 0.00846473 92.8996 0.00932757 -0.0336663 0.99939 24.0181
-0.0297964 0.99902 0.0327232 -481.518 -0.999531 -0.0300095 0.0060402 94.9904 0.0070163 -0.0325279 0.999446 24.1086
-0.0356291 0.998768 0.0345301 -481.369 -0.999333 -0.0358837 0.00678214 97.1067 0.00801285 -0.0342654 0.999381 24.2155
-0.0426713 0.998434 0.0361817 -481.197 -0.999056 -0.0429389 0.00664871 99.2259 0.0081919 -0.0358638 0.999323 24.3323
-0.0503099 0.99801 0.0380175 -481.016 -0.998708 -0.0505466 0.00529046 101.346 0.00720159 -0.0377022 0.999263 24.4354
-0.0590285 0.997529 0.0380987 -480.818 -0.998223 -0.0592945 0.00588805 103.451 0.00813254 -0.0376835 0.999257 24.54
-0.0686559 0.996893 0.0386227 -480.605 -0.997622 -0.0688399 0.00345326 105.577 0.00610131 -0.0382937 0.999248 24.6406
-0.0794302 0.996079 0.0389561 -480.367 -0.99679 -0.0797597 0.00697758 107.712 0.0100573 -0.0382768 0.999217 24.7503
-0.0896545 0.995218 0.0387585 -480.103 -0.995902 -0.0900453 0.00845451 109.815 0.0119041 -0.0378417 0.999213 24.8534
-0.0998364 0.994234 0.0391329 -479.823 -0.994955 -0.100143 0.00593962 111.914 0.00982424 -0.0383425 0.999216 24.9632
-0.109278 0.9935 0.0318699 -479.523 -0.993986 -0.109445 0.00355449 113.992 0.00701939 -0.0312898 0.999486 25.0767
-0.118521 0.992634 0.0251116 -479.223 -0.992942 -0.118593 0.00139026 116.085 0.00435808 -0.0247696 0.999684 25.1703
-0.126956 0.99155 0.0266765 -478.885 -0.991832 -0.127235 0.00902408 118.191 0.012342 -0.0253129 0.999603 25.2704
-0.13441 0.990571 0.0265301 -478.537 -0.99078 -0.134802 0.0135549 120.272 0.0170034 -0.0244636 0.999556 25.3537
-0.143372 0.989341 0.0254536 -478.17 -0.989606 -0.143605 0.0075606 122.343 0.0111353 -0.024105 0.999647 25.4622
-0.152612 0.987939 0.0261988 -477.789 -0.988252 -0.152772 0.00422626 124.438 0.00817774 -0.0252461 0.999648 25.5498
-0.161581 0.986447 0.0285338 -477.371 -0.986797 -0.161829 0.00662239 126.54 0.0111502 -0.0270871 0.999571 25.6417
-0.171342 0.984764 0.0296948 -476.937 -0.985156 -0.171574 0.00542093 128.62 0.0104332 -0.0283252 0.999544 25.7396
-0.182826 0.982599 0.0327699 -476.475 -0.983097 -0.183046 0.00381386 130.712 0.00974589 -0.0315187 0.999456 25.8298
-0.195034 0.980124 0.0363218 -475.98 -0.980746 -0.195266 0.00293161 132.812 0.00996576 -0.0350507 0.999336 25.9283
-0.207408 0.977593 0.0359653 -475.462 -0.978189 -0.207681 0.00396557 134.927 0.011346 -0.0343583 0.999345 26.0226
-0.22003 0.97486 0.0351436 -474.916 -0.975439 -0.220256 0.00262136 137.038 0.010296 -0.0337037 0.999379 26.1223
-0.233462 0.971742 0.0348342 -474.337 -0.972295 -0.233727 0.00369668 139.153 0.0117339 -0.0330061 0.999386 26.2101
-0.2463 0.968537 0.0356652 -473.726 -0.969082 -0.246664 0.00612826 141.259 0.0147328 -0.0330531 0.999345 26.2902
-0.26057 0.964726 0.0375127 -473.092 -0.965387 -0.260816 0.00172025 143.37 0.0114435 -0.035766 0.999295 26.3892
-0.273209 0.961222 0.037533 -472.408 -0.961878 -0.273473 0.00199973 145.479 0.0121864 -0.0355558 0.999293 26.4788
-0.285794 0.957515 0.0385488 -471.701 -0.958181 -0.28614 0.0036623 147.591 0.0145371 -0.03589 0.99925 26.5685
-0.295264 0.954583 0.0398909 -470.972 -0.955322 -0.295561 0.00163426 149.698 0.0133502 -0.0376262 0.999203 26.649
-0.304956 0.951537 0.0397418 -470.223 -0.952308 -0.305134 -0.00166078 151.809 0.0105463 -0.0383529 0.999209 26.7468
-0.311801 0.94927 0.0408144 -469.44 -0.950026 -0.312161 0.00259031 153.916 0.0151996 -0.0379671 0.999163 26.8402
-0.318873 0.946848 0.0424045 -468.649 -0.947622 -0.319356 0.00496871 156.021 0.0182467 -0.038599 0.999088 26.9301
-0.326261 0.944367 0.0415337 -467.858 -0.945163 -0.326596 0.00135364 158.088 0.0148431 -0.0388145 0.999136 27.0158
-0.33367 0.941566 0.0460136 -467.042 -0.942472 -0.334245 0.0052002 160.133 0.0202761 -0.0416314 0.998927 27.0947
-0.341504 0.938644 0.0481932 -466.218 -0.939512 -0.342357 0.010464 162.198 0.0263213 -0.0417046 0.998783 27.1771
-0.350193 0.935628 0.0443349 -465.378 -0.936419 -0.350815 0.00687279 164.239 0.0219837 -0.0391093 0.998993 27.2214
-0.360525 0.93179 0.042301 -464.505 -0.932717 -0.360521 -0.00798789 166.27 0.00780735 -0.0423346 0.999073 27.3123
-0.369257 0.927976 0.0501049 -463.596 -0.929262 -0.369335 -0.0080196 168.292 0.0110635 -0.0495219 0.998712 27.4058
-0.377127 0.924916 0.0480067 -462.688 -0.926047 -0.377387 -0.00388184 170.343 0.0145268 -0.0459205 0.998839 27.5079
-0.386565 0.921124 0.0458025 -461.76 -0.922092 -0.38697 -2.65775e-05 172.376 0.0176997 -0.0422444 0.998951 27.5841
-0.394679 0.917594 0.0474373 -460.794 -0.91864 -0.395096 -0.000638055 174.422 0.0181568 -0.0438296 0.998874 27.6562
-0.402212 0.914193 0.049773 -459.81 -0.915387 -0.402561 -0.00324189 176.451 0.017073 -0.0468655 0.998755 27.7323
-0.406529 0.912237 0.050568 -458.804 -0.913508 -0.40678 -0.00569435 178.497 0.0153755 -0.0485092 0.998704 27.81
-0.408302 0.910874 0.059989 -457.786 -0.912635 -0.408741 -0.00532029 180.546 0.0196738 -0.0569203 0.998185 27.8839
-0.407526 0.911187 0.0605132 -456.763 -0.913071 -0.407662 -0.0106439 182.595 0.0149703 -0.0595905 0.998111 27.9691
-0.407966 0.911211 0.057077 -455.76 -0.912924 -0.407929 -0.0128198 184.643 0.0116018 -0.0573369 0.998287 28.0604
-0.407182 0.911547 0.0573199 -454.75 -0.913182 -0.4075 -0.00655748 186.693 0.0173804 -0.0550136 0.998334 28.1435
-0.407129 0.911581 0.0571482 -453.745 -0.913231 -0.407363 -0.00803442 188.755 0.015956 -0.0554605 0.998333 28.2407
-0.407569 0.911555 0.05436 -452.736 -0.9131 -0.407573 -0.0115274 190.81 0.0116478 -0.0543344 0.998455 28.3217
-0.407723 0.911552 0.0532444 -451.733 -0.912982 -0.407935 -0.00731402 192.871 0.0150531 -0.0515933 0.998555 28.413
-0.407794 0.911611 0.0516728 -450.71 -0.912943 -0.408041 -0.00615022 194.932 0.015478 -0.0496823 0.998645 28.5004
-0.409052 0.911114 0.0504704 -449.687 -0.912374 -0.409323 -0.00532321 197.001 0.0158086 -0.0482253 0.998711 28.5798
-0.411252 0.910049 0.0517986 -448.664 -0.911341 -0.411637 -0.00350476 199.069 0.0181327 -0.0486475 0.998651 28.6629
-0.412773 0.909263 0.0534697 -447.631 -0.910653 -0.41315 -0.00432148 201.141 0.0181616 -0.0504761 0.99856 28.7419
-0.414337 0.908626 0.0521912 -446.604 -0.909975 -0.414624 -0.00571786 203.212 0.0164443 -0.0498618 0.998621 28.8342
-0.415452 0.908123 0.0520827 -445.564 -0.909467 -0.415735 -0.00579829 205.272 0.016387 -0.0497765 0.998626 28.9077
-0.416952 0.907429 0.0521852 -444.531 -0.908813 -0.417126 -0.00802692 207.337 0.0144839 -0.0507734 0.998605 28.9918
-0.419245 0.906304 0.0533485 -443.484 -0.907769 -0.419361 -0.00954045 209.387 0.0137257 -0.0524279 0.99853 29.0734
-0.419425 0.906071 0.0558317 -442.446 -0.907624 -0.419729 -0.00673775 211.448 0.0173293 -0.0535002 0.998417 29.1521
-0.418951 0.905776 0.0636334 -441.386 -0.907715 -0.419569 -0.00396297 213.5 0.0231091 -0.0594213 0.997965 29.2268
-0.417508 0.906133 0.0678935 -440.348 -0.908452 -0.417889 -0.00917564 215.542 0.0200576 -0.0655088 0.99765 29.317
-0.416564 0.907009 0.0617207 -439.324 -0.909054 -0.416306 -0.0175878 217.586 0.00974242 -0.0634339 0.997938 29.395
-0.414935 0.907753 0.0617485 -438.308 -0.909737 -0.415 -0.0123798 219.614 0.0143878 -0.0613118 0.998015 29.4864
-0.412782 0.908876 0.0596368 -437.309 -0.910739 -0.412783 -0.0128793 221.639 0.0129113 -0.0596298 0.998137 29.5698
-0.410977 0.909746 0.0588276 -436.311 -0.911564 -0.410949 -0.0131262 223.644 0.0122337 -0.0590197 0.998182 29.6636
-0.409174 0.910746 0.0558429 -435.322 -0.912399 -0.409068 -0.0138285 225.653 0.0102493 -0.0566092 0.998344 29.7529
-0.407686 0.911428 0.055595 -434.361 -0.913082 -0.407481 -0.015485 227.625 0.00854045 -0.0570758 0.998333 29.8518
-0.40695 0.911732 0.0560102 -433.371 -0.913412 -0.406729 -0.0158166 229.64 0.00836046 -0.057597 0.998305 29.9507
-0.407807 0.911514 0.0532598 -432.413 -0.913033 -0.407609 -0.0150113 231.595 0.00802616 -0.0547497 0.998468 30.0485
-0.408543 0.911138 0.0540356 -431.444 -0.91271 -0.40829 -0.0161408 233.562 0.00735562 -0.055913 0.998409 30.127
-0.410234 0.910373 0.0541124 -430.482 -0.911929 -0.410118 -0.0137501 235.51 0.00967472 -0.0549875 0.99844 30.2221
-0.414092 0.908723 0.0524423 -429.504 -0.910206 -0.413851 -0.015883 237.473 0.00727012 -0.0543103 0.998498 30.3187
-0.417938 0.907019 0.0514193 -428.536 -0.908469 -0.417476 -0.0199289 239.408 0.00339045 -0.0550419 0.998478 30.4111
-0.422157 0.905005 0.0524262 -427.541 -0.906503 -0.421818 -0.0179219 241.362 0.00589486 -0.0550904 0.998464 30.5116
-0.425949 0.903489 0.0476998 -426.552 -0.904729 -0.425684 -0.016078 243.286 0.00577878 -0.0500038 0.998732 30.6173
-0.431536 0.901131 0.0417064 -425.55 -0.902088 -0.431259 -0.0158792 245.222 0.00367704 -0.0444753 0.999004 30.71
-0.437362 0.898389 0.0401454 -424.54 -0.899262 -0.437239 -0.0122568 247.14 0.00654171 -0.0414619 0.999119 30.8049
-0.444222 0.895112 0.0379686 -423.521 -0.895864 -0.444258 -0.0079311 249.041 0.00976866 -0.0375379 0.999247 30.9005
-0.451424 0.891649 0.0343305 -422.475 -0.892277 -0.451401 -0.00885545 250.963 0.00760085 -0.0346299 0.999371 30.9754
-0.459409 0.887643 0.0321439 -421.409 -0.888212 -0.459294 -0.0112934 252.863 0.00473905 -0.0337389 0.999419 31.0652
-0.466015 0.884003 0.0369891 -420.314 -0.884735 -0.465991 -0.00979426 254.763 0.0085784 -0.0372898 0.999268 31.1544
-0.473121 0.879998 0.0419543 -419.203 -0.880954 -0.473033 -0.0126354 256.653 0.00872668 -0.0429379 0.99904 31.2322
-0.480615 0.875774 0.0450349 -418.068 -0.87692 -0.480239 -0.0195366 258.547 0.00451784 -0.0488816 0.998794 31.3262
-0.488034 0.87128 0.0519111 -416.915 -0.872807 -0.487542 -0.0226142 260.426 0.00560555 -0.0563449 0.998396 31.4214
-0.49495 0.867196 0.0547338 -415.74 -0.868901 -0.49439 -0.0242869 262.324 0.00599833 -0.059579 0.998206 31.5172
-0.502687 0.862943 0.0513408 -414.554 -0.864438 -0.502285 -0.0213965 264.199 0.00732373 -0.0551367 0.998452 31.6163
-0.509727 0.859269 0.0428426 -413.367 -0.860331 -0.509266 -0.0218748 266.084 0.00302201 -0.048009 0.998842 31.7211
-0.515503 0.855936 0.0403775 -412.151 -0.856801 -0.515549 -0.0100708 267.965 0.0121966 -0.039787 0.999134 31.8228
-0.522285 0.851483 0.0468534 -410.907 -0.852648 -0.522354 -0.0117333 269.871 0.0144833 -0.0460776 0.998833 31.8521
-0.528379 0.847899 0.0433862 -409.657 -0.848979 -0.527242 -0.0353559 271.717 -0.00710322 -0.0555153 0.998433 31.9717
-0.533391 0.844545 0.0473159 -408.389 -0.845868 -0.532468 -0.0313777 273.573 -0.00130566 -0.0567596 0.998387 32.0944
-0.537729 0.841612 0.0503649 -407.099 -0.843015 -0.537637 -0.0165048 275.445 0.0131874 -0.0513335 0.998594 32.1847
-0.542724 0.83872 0.0447166 -405.803 -0.839876 -0.54242 -0.0197348 277.323 0.00770322 -0.0482669 0.998805 32.2605
-0.547688 0.835411 0.0461187 -404.502 -0.836654 -0.54729 -0.0219748 279.164 0.00688232 -0.0506207 0.998694 32.3536
-0.552631 0.831937 0.0497884 -403.181 -0.833329 -0.55249 -0.0178159 281.018 0.0126859 -0.0513358 0.998601 32.4393
-0.558063 0.82851 0.046232 -401.859 -0.829769 -0.557645 -0.0226936 282.841 0.00697923 -0.0510263 0.998673 32.5214
-0.56384 0.824873 0.0408422 -400.514 -0.825879 -0.563314 -0.0245121 284.684 0.00278763 -0.0475517 0.998865 32.6367
-0.568687 0.821462 0.0423754 -399.181 -0.822537 -0.568248 -0.0229358 286.501 0.00523886 -0.0478987 0.998838 32.7273
-0.573243 0.818071 0.0463809 -397.825 -0.81929 -0.573119 -0.0172608 288.299 0.0124612 -0.047894 0.998775 32.82
-0.577748 0.814903 0.0462533 -396.466 -0.816133 -0.577564 -0.0186025 290.08 0.011555 -0.0484965 0.998757 32.8896
-0.579997 0.813008 0.0511968 -395.106 -0.814472 -0.579937 -0.0175474 291.856 0.0154248 -0.0518758 0.998534 32.9621
-0.580238 0.812917 0.049899 -393.741 -0.81433 -0.580102 -0.0186455 293.636 0.0137893 -0.0514531 0.99858 33.0439
-0.580734 0.812816 0.0455823 -392.392 -0.81405 -0.58037 -0.0222083 295.396 0.00840337 -0.0500034 0.998714 33.1204
-0.581126 0.81251 0.0460545 -391.042 -0.813762 -0.580795 -0.0216369 297.152 0.00916805 -0.0500512 0.998705 33.2052
-0.581194 0.812532 0.0447841 -389.694 -0.813759 -0.580532 -0.0279158 298.919 0.00331612 -0.052668 0.998607 33.287
-0.581397 0.812164 0.0486659 -388.333 -0.813607 -0.580687 -0.0290936 300.689 0.00463086 -0.0565099 0.998391 33.3834
-0.581931 0.81168 0.0503106 -386.998 -0.813196 -0.581414 -0.0258823 302.409 0.00824315 -0.0559741 0.998398 33.473
-0.581144 0.812335 0.0488213 -385.652 -0.813771 -0.580592 -0.0262615 304.162 0.0070121 -0.0549911 0.998462 33.5656
-0.578387 0.814304 0.0487682 -384.31 -0.815744 -0.577741 -0.027863 305.926 0.00548644 -0.055898 0.998421 33.6413
-0.572682 0.818088 0.0526059 -382.982 -0.819726 -0.572186 -0.0255471 307.676 0.00920058 -0.0577528 0.998289 33.734
-0.565118 0.823481 0.0502063 -381.679 -0.824985 -0.564532 -0.0265301 309.446 0.00649609 -0.0564121 0.998386 33.8221
-0.557641 0.828708 0.0477572 -380.392 -0.830073 -0.556984 -0.0273374 311.241 0.00394528 -0.0548864 0.998485 33.9078
-0.54942 0.834184 0.0476892 -379.121 -0.835528 -0.548891 -0.024734 313.035 0.00554347 -0.053435 0.998556 34.0044
-0.542504 0.838876 0.0444692 -377.875 -0.840053 -0.541667 -0.0301463 314.835 -0.00120156 -0.0537109 0.998556 34.1022
-0.536149 0.842977 0.0439722 -376.631 -0.844117 -0.535212 -0.0318552 316.637 -0.00331873 -0.0541968 0.998525 34.2028
-0.528383 0.847722 0.0466701 -375.41 -0.849006 -0.527639 -0.0280402 318.468 0.000854658 -0.0544392 0.998517 34.3093
-0.519707 0.853095 0.0461789 -374.193 -0.854341 -0.518804 -0.0307044 320.32 -0.00223599 -0.0554099 0.998461 34.4184
-0.510218 0.858838 0.0455617 -373.016 -0.860029 -0.509162 -0.0332422 322.187 -0.00535142 -0.0561451 0.998408 34.5152
-0.500358 0.864586 0.0461804 -371.835 -0.865816 -0.499507 -0.0292554 324.086 -0.00222632 -0.0546219 0.998505 34.6332
-0.491227 0.870107 0.0401145 -370.676 -0.871004 -0.490324 -0.030582 325.993 -0.0069405 -0.0499626 0.998727 34.7548
