1 -0.000438056 0.000458285 0.00708914 0.000437913 1 0.000312318 0.00850311 -0.000458421 -0.000312117 1 -0.000513373
0.999943 0.000281507 -0.0107139 -1.87513 -0.000256842 0.999997 0.00230342 0.00455151 0.0107145 -0.00230054 0.99994 0.0498938
0.999872 0.000236312 -0.0159931 -3.94195 -0.000190573 0.999996 0.0028614 0.0254317 0.0159937 -0.00285799 0.999868 0.104546
0.999881 -0.000161529 -0.0154209 -6.05902 0.000224375 0.999992 0.00407377 0.0190899 0.0154201 -0.00407674 0.999873 0.146549
0.999921 -0.0041116 -0.0119014 -8.19873 0.0041451 0.999988 0.0027918 0.00219381 0.0118898 -0.00284091 0.999925 0.197008
0.999882 -0.0144009 -0.00535534 -10.3361 0.014409 0.999895 0.00148859 -0.0267684 0.00533334 -0.00156558 0.999985 0.249059
0.999707 -0.0229352 -0.00770605 -12.3983 0.0229431 0.999736 0.00093567 -0.0835405 0.00768256 -0.0011122 0.99997 0.294891
0.99954 -0.0300071 -0.00444606 -14.5156 0.0300014 0.999549 -0.00134229 -0.15564 0.00448434 0.00120828 0.999989 0.358193
0.999435 -0.0332064 -0.00512174 -16.6655 0.0331647 0.999418 -0.0080148 -0.239789 0.0053849 0.00784041 0.999955 0.406504
0.997632 -0.0687324 -0.00235085 -18.6727 0.0687142 0.997611 -0.00710008 -0.390444 0.00283324 0.00692174 0.999972 0.461185
0.990826 -0.13507 -0.00452026 -20.6488 0.134972 0.990695 -0.0175173 -0.721514 0.00684426 0.0167465 0.999836 0.495384
0.977957 -0.208771 -0.00377755 -22.7796 0.208729 0.977929 -0.00928411 -1.20636 0.00563243 0.00829098 0.99995 0.548618
0.958752 -0.28424 -0.00163335 -24.9965 0.284239 0.958681 0.0117594 -1.85465 -0.00177662 -0.0117386 0.99993 0.593047
0.943625 -0.331015 0.000334285 -26.8787 0.330996 0.94358 0.00996972 -2.56868 -0.00361555 -0.00929703 0.99995 0.670746
0.938861 -0.344239 -0.00635294 -28.9659 0.344285 0.938823 0.00888367 -3.36043 0.00290618 -0.0105278 0.99994 0.76193
0.950248 -0.311453 -0.00505702 -31.2202 0.311491 0.950181 0.0113928 -4.10412 0.00125676 -0.0124012 0.999922 0.840778
0.964351 -0.264563 -0.00577618 -33.3032 0.264615 0.964276 0.012273 -4.6589 0.00232284 -0.013364 0.999908 0.904045
0.977911 -0.208901 -0.00709878 -35.484 0.20898 0.977831 0.0131737 -5.10008 0.0041894 -0.0143662 0.999888 0.971454
0.988468 -0.151193 -0.00843051 -37.8432 0.151298 0.988393 0.0137092 -5.43389 0.00625994 -0.0148266 0.99987 1.04108
0.994105 -0.107874 -0.0109277 -39.8404 0.108045 0.99401 0.0164624 -5.58787 0.00908639 -0.017546 0.999805 1.09622
0.996729 -0.0799808 -0.011613 -41.9136 0.0802052 0.996571 0.0203513 -5.69752 0.00994551 -0.0212161 0.999725 1.14621
0.998013 -0.0611849 -0.0150784 -44.0674 0.0614738 0.997918 0.0195065 -5.79263 0.0138535 -0.0203946 0.999696 1.2177
0.998563 -0.0519893 -0.0129757 -46.3297 0.0522081 0.998489 0.0171378 -5.89837 0.0120652 -0.0177906 0.999769 1.25855
0.998543 -0.0527887 -0.0112159 -49.1916 0.0529645 0.998468 0.0159963 -6.03046 0.0103543 -0.016567 0.999809 1.32668
0.998418 -0.0553533 -0.00986196 -51.5079 0.0555123 0.998319 0.0166558 -6.14628 0.00892342 -0.0171769 0.999813 1.40015
0.998265 -0.0579797 -0.0102883 -53.8397 0.0581715 0.998117 0.0194386 -6.26666 0.00914188 -0.0200033 0.999758 1.47553
0.998136 -0.0605069 -0.00798356 -56.1944 0.0606571 0.997955 0.0201466 -6.39719 0.00674822 -0.0205933 0.999765 1.54087
0.998012 -0.0626256 -0.0071389 -58.5815 0.0627323 0.997904 0.0158521 -6.54117 0.00613119 -0.0162684 0.999849 1.62486
0.997878 -0.0649882 -0.00407489 -61.0002 0.0650422 0.997771 0.0149126 -6.68824 0.00309667 -0.015146 0.99988 1.70236
0.997472 -0.070984 -0.00328035 -63.4494 0.0710233 0.997376 0.0140094 -6.84795 0.0022773 -0.014207 0.999896 1.78075
0.996341 -0.0854402 -0.001899 -65.8956 0.08546 0.996204 0.0165875 -7.04719 0.000474555 -0.0166891 0.999861 1.87513
0.994694 -0.102731 -0.00543386 -68.3886 0.102806 0.994573 0.0159547 -7.27364 0.00376532 -0.0164287 0.999858 1.97074
0.99231 -0.123707 -0.00416215 -70.8128 0.123754 0.992216 0.0138842 -7.57072 0.00241217 -0.0142926 0.999895 2.05673
0.988754 -0.149421 -0.00628198 -73.197 0.149504 0.988633 0.0159276 -7.91585 0.00383066 -0.0166877 0.999853 2.14885
0.984547 -0.174958 -0.00751198 -75.5636 0.175064 0.984406 0.0172204 -8.33239 0.00438199 -0.0182694 0.999823 2.22615
0.979646 -0.200563 -0.00823188 -77.8853 0.200683 0.979487 0.0182266 -8.78808 0.00440744 -0.0195076 0.9998 2.31014
0.974253 -0.22527 -0.0091447 -80.1257 0.225395 0.974131 0.0162974 -9.29603 0.00523683 -0.017939 0.999825 2.3896
0.968156 -0.250223 -0.00784316 -82.3284 0.250319 0.968039 0.015545 -9.86063 0.00370276 -0.0170133 0.999848 2.46418
0.960917 -0.276747 -0.00708064 -84.4499 0.276813 0.960858 0.011214 -10.4817 0.00370005 -0.0127357 0.999912 2.54862
0.952862 -0.303193 -0.0113362 -86.5 0.303274 0.952883 0.00620247 -11.1345 0.00892153 -0.00934807 0.999917 2.62347
0.943751 -0.330188 -0.017588 -88.5018 0.33035 0.943831 0.00717805 -11.7973 0.01423 -0.0125845 0.99982 2.69923
0.932274 -0.361567 -0.011621 -90.4372 0.361622 0.93232 0.00299462 -12.5719 0.00975178 -0.00699423 0.999928 2.73363
0.920257 -0.391203 -0.00935275 -92.281 0.391126 0.920293 -0.00900078 -13.3584 0.0121284 0.00462493 0.999916 2.82323
0.901146 -0.433477 -0.00574603 -94.5105 0.433397 0.901131 -0.0114032 -14.4166 0.0101209 0.00778561 0.999918 2.90966
0.879319 -0.47623 -0.00162327 -96.605 0.476156 0.879234 -0.0149408 -15.5531 0.00854248 0.0123648 0.999887 2.9849
0.854003 -0.520267 -0.000235967 -98.538 0.520164 0.853842 -0.0195647 -16.7412 0.0103803 0.0165856 0.999809 3.06157
0.826564 -0.562828 -0.0040698 -100.379 0.562661 0.826459 -0.0194454 -17.9905 0.0143079 0.0137829 0.999803 3.13121
0.789792 -0.61337 -0.00219318 -102.091 0.613166 0.789612 -0.0232551 -19.3345 0.0159957 0.0170219 0.999727 3.18725
0.750204 -0.661206 -0.000214519 -103.69 0.660993 0.749971 -0.0251483 -20.753 0.0167891 0.0187245 0.999684 3.26039
0.722836 -0.691019 0.000820238 -105.202 0.690738 0.722507 -0.0294142 -22.2096 0.0197332 0.0218282 0.999567 3.32091
0.710041 -0.704066 0.011489 -106.783 0.704048 0.709543 -0.0293952 -23.7825 0.0125443 0.0289606 0.999502 3.3956
0.71097 -0.70263 0.0288598 -108.281 0.703222 0.710356 -0.0295478 -25.2357 0.000260491 0.0413025 0.999147 3.47799
0.716939 -0.696366 0.03275 -109.726 0.697122 0.716423 -0.0275501 -26.6283 -0.00427786 0.0425825 0.999084 3.55047
0.726952 -0.686108 0.0282255 -111.212 0.686656 0.726705 -0.0200934 -27.9988 -0.00672536 0.0339881 0.9994 3.6301
0.733241 -0.67951 0.0249644 -112.713 0.679938 0.733064 -0.0173661 -29.3467 -0.00650008 0.0297078 0.999537 3.70689
0.736684 -0.676032 0.0166589 -114.386 0.676236 0.736504 -0.016312 -30.8343 -0.00124189 0.0232821 0.999728 3.78131
0.739918 -0.672577 0.0127202 -116.07 0.672697 0.739781 -0.0142705 -32.3446 0.000187818 0.0191158 0.999817 3.85513
0.740373 -0.672101 0.0113056 -117.583 0.672196 0.740262 -0.0128419 -33.6694 0.000261953 0.0171074 0.999854 3.92384
0.738615 -0.674069 0.00891351 -119.173 0.674119 0.738473 -0.014873 -35.104 0.00344304 0.0169942 0.99985 3.98465
0.736441 -0.676456 0.00792209 -120.841 0.676492 0.736314 -0.014186 -36.5979 0.00376304 0.0158064 0.999868 4.05056
0.734926 -0.678109 0.00722298 -122.358 0.678139 0.734823 -0.0127402 -37.9508 0.00333161 0.0142613 0.999893 4.1288
0.733494 -0.679639 0.00879026 -123.944 0.679695 0.733408 -0.011296 -39.3937 0.00123036 0.0142603 0.999898 4.18896
0.736267 -0.676675 0.00476001 -125.63 0.676682 0.736201 -0.0104857 -40.922 0.00359107 0.0109413 0.999934 4.25384
0.74211 -0.670235 0.00762837 -127.384 0.670273 0.742013 -0.0122391 -42.4837 0.00254271 0.0141958 0.999896 4.32269
0.749457 -0.662032 0.00531368 -129.196 0.662028 0.749334 -0.0147513 -44.0561 0.00578408 0.0145732 0.999877 4.39574
0.757912 -0.652323 0.00668564 -131.47 0.65235 0.757817 -0.0123914 -45.9502 0.00301669 0.013753 0.999901 4.48922
0.767027 -0.641583 0.00640268 -133.052 0.641608 0.766936 -0.0121449 -47.2644 0.00288151 0.0134235 0.999906 4.55408
0.776863 -0.629628 0.00718972 -134.709 0.629669 0.776799 -0.0100338 -48.5527 0.000732594 0.012322 0.999924 4.64244
0.788145 -0.615458 0.00623297 -136.417 0.615487 0.788129 -0.00533988 -49.8516 -0.00162592 0.00804492 0.999966 4.70075
0.799785 -0.600276 0.00359438 -138.164 0.600286 0.79977 -0.00492181 -51.1203 7.97642e-05 0.00609405 0.999981 4.7759
0.812944 -0.582338 0.00215562 -139.947 0.582342 0.812936 -0.00361033 -52.3645 0.000350049 0.00419031 0.999991 4.84418
0.828904 -0.559334 0.00792548 -141.728 0.55935 0.828932 0.000337104 -53.5255 -0.00675824 0.00415369 0.999969 4.94993
0.845347 -0.534172 0.00701988 -143.489 0.534175 0.845373 0.00153541 -54.6041 -0.00675459 0.00245189 0.999974 5.04648
0.861043 -0.508415 0.0108706 -145.263 0.508401 0.86111 0.00420746 -55.5943 -0.0114999 0.00190382 0.999932 5.13924
0.877602 -0.47923 0.01241 -147.423 0.479208 0.877688 0.00486491 -56.7286 -0.0132235 0.00167753 0.999911 5.24739
0.892229 -0.451392 0.0131588 -149.447 0.451376 0.892323 0.00435286 -57.7283 -0.0137068 0.00205582 0.999904 5.36933
0.898713 -0.438425 0.00998492 -151.297 0.438432 0.898763 0.00159045 -58.5793 -0.00967137 0.00294835 0.999949 5.47466
0.903308 -0.428682 0.0163588 -153.207 0.428663 0.903452 0.004808 -59.4587 -0.0168405 0.00266933 0.999855 5.58059
0.903865 -0.427537 0.0155151 -155.209 0.427553 0.903987 0.00242754 -60.3874 -0.0150634 0.00443939 0.999877 5.69051
0.89048 -0.454475 0.0223026 -157.126 0.454533 0.890726 0.00266275 -61.3729 -0.0210756 0.00776614 0.999748 5.81122
0.88604 -0.46294 0.0249155 -158.902 0.463199 0.886237 -0.00556594 -62.3167 -0.0195044 0.0164725 0.999674 5.90894
0.908804 -0.416641 0.022043 -160.861 0.416837 0.908967 -0.00501002 -63.1701 -0.017949 0.0137415 0.999744 6.01315
0.934543 -0.35496 0.0251524 -162.992 0.35506 0.934843 0.000501218 -63.9016 -0.0236915 0.00846222 0.999684 6.13745
0.955886 -0.293525 0.0111707 -165.046 0.293619 0.95589 -0.00793595 -64.501 -0.00834858 0.0108658 0.999906 6.19924
0.97269 -0.231448 0.0175173 -167.403 0.231524 0.972826 -0.00244851 -64.9939 -0.0164746 0.00643732 0.999844 6.31531
0.982286 -0.187146 0.009481 -169.438 0.187104 0.982327 0.0051092 -65.3234 -0.0102696 -0.00324476 0.999942 6.38233
0.987091 -0.159597 0.0134309 -171.631 0.159514 0.98717 0.00706653 -65.6367 -0.0143864 -0.00483289 0.999885 6.47049
0.988415 -0.151422 0.0103758 -173.935 0.151331 0.988442 0.00901848 -65.9364 -0.0116215 -0.00734381 0.999906 6.58292
0.989318 -0.145311 0.0116381 -176.276 0.145146 0.989312 0.0139747 -66.2328 -0.0135444 -0.0121362 0.999835 6.67586
0.990015 -0.140464 0.0118264 -178.698 0.140248 0.989963 0.0174566 -66.532 -0.0141597 -0.0156237 0.999778 6.78937
0.99071 -0.13543 0.0123115 -181.192 0.135209 0.990666 0.017318 -66.8139 -0.014542 -0.0154925 0.999774 6.89676
0.99154 -0.129213 0.0123706 -183.781 0.129034 0.991537 0.0143092 -67.1191 -0.0141148 -0.0125919 0.999821 7.02427
0.992456 -0.122092 0.0111491 -185.795 0.121979 0.99248 0.010243 -67.3379 -0.0123158 -0.00880579 0.999885 7.11134
0.993587 -0.112535 0.0109548 -187.865 0.112452 0.993625 0.00793682 -67.5542 -0.0117781 -0.00665404 0.999908 7.1978
0.994845 -0.101016 0.00887565 -189.992 0.100986 0.994881 0.00374826 -67.7316 -0.00920885 -0.00283263 0.999954 7.28384
0.996166 -0.086976 0.00938729 -192.171 0.0869603 0.99621 0.00206255 -67.8995 -0.0095311 -0.00123832 0.999954 7.3743
0.997652 -0.0680503 0.00776963 -194.398 0.0680456 0.997682 0.00086575 -68.0267 -0.00781054 -0.000335028 0.999969 7.47158
0.999035 -0.0430765 0.00862531 -196.64 0.043079 0.999072 -0.000103509 -68.0976 -0.00861284 0.000474979 0.999963 7.55545
0.999759 -0.0188756 0.0111738 -198.927 0.0188341 0.999815 0.00381045 -68.0801 -0.0112437 -0.00359908 0.99993 7.65836
0.999996 -0.00072169 -0.00258451 -201.292 0.000735552 0.999985 0.00536625 -68.046 0.0025806 -0.00536813 0.999982 7.74722
0.999842 0.0156576 0.00841536 -203.615 -0.0157155 0.999853 0.00684701 -67.9735 -0.00830692 -0.00697818 0.999941 7.81729
0.99946 0.0326738 0.00352793 -206.019 -0.032698 0.999441 0.00703044 -67.8729 -0.00329624 -0.00714199 0.999969 7.93451
0.9988 0.0486297 0.00574562 -208.411 -0.0486601 0.998801 0.00526917 -67.7279 -0.0054825 -0.00554243 0.99997 8.02642
0.997822 0.0659236 -0.0024551 -210.872 -0.0659103 0.997812 0.00513697 -67.5313 0.00278838 -0.00496397 0.999984 8.12185
0.996797 0.0799722 -0.000971003 -213.359 -0.079965 0.99678 0.00596193 -67.2949 0.00144466 -0.00586518 0.999982 8.19811
0.995675 0.0929018 -0.000691503 -215.867 -0.0928984 0.995668 0.00388654 -67.0291 0.00104957 -0.00380549 0.999992 8.29551
0.994304 0.106398 -0.0062884 -218.398 -0.106368 0.994314 0.00500365 -66.7301 0.00678503 -0.00430626 0.999968 8.38522
0.992791 0.119828 -0.00267755 -220.9 -0.119816 0.992787 0.00431274 -66.4065 0.00317503 -0.00396084 0.999987 8.47702
0.991016 0.133542 -0.00732759 -223.377 -0.133505 0.991034 0.00531867 -66.0438 0.00797215 -0.00429262 0.999959 8.56861
0.988968 0.148009 -0.00600983 -225.848 -0.147959 0.988961 0.00807803 -65.6484 0.00713911 -0.00709971 0.999949 8.64556
0.986165 0.165702 -0.00467555 -228.3 -0.165658 0.986145 0.0087066 -65.2064 0.00605347 -0.0078116 0.999951 8.73453
0.982884 0.184174 -0.00424759 -230.751 -0.184117 0.982839 0.0113499 -64.7287 0.00626506 -0.0103736 0.999927 8.83023
0.978836 0.204637 -0.00180863 -233.199 -0.204605 0.978782 0.0110288 -64.1856 0.00402715 -0.0104253 0.999938 8.91639
0.973526 0.228552 0.00320452 -235.613 -0.228574 0.973458 0.0115579 -63.5869 -0.000477869 -0.0119844 0.999928 9.02056
0.967399 0.253229 0.00365519 -238.011 -0.253256 0.967289 0.014629 -62.9297 0.000168862 -0.0150778 0.999886 9.12483
0.960193 0.279331 -0.00171811 -240.442 -0.279287 0.960121 0.0128899 -62.2146 0.00525016 -0.011897 0.999915 9.22886
0.949114 0.314677 -0.012656 -243.579 -0.314372 0.949057 0.0214785 -61.1406 0.01877 -0.0164069 0.999689 9.35313
0.93945 0.342651 -0.00502307 -245.931 -0.342491 0.939307 0.0200772 -60.2678 0.0115977 -0.0171412 0.999786 9.43133
0.928839 0.3703 -0.0116516 -248.267 -0.369968 0.928746 0.0235514 -59.3351 0.0195425 -0.0175648 0.999655 9.51407
0.860167 0.509945 -0.0083178 -259.565 -0.509611 0.860021 0.0256998 -53.6832 0.020259 -0.0178673 0.999635 9.84709
0.846853 0.531794 -0.0059354 -261.59 -0.531446 0.846615 0.0284192 -52.1547 0.0201382 -0.0209126 0.999578 9.92294
0.8316 0.555339 -0.00640761 -263.681 -0.554844 0.831253 0.0341381 -50.746 0.0242846 -0.024834 0.999397 9.98579
0.817621 0.575756 -0.00112097 -265.749 -0.575369 0.81714 0.0350984 -49.2687 0.0211241 -0.0280522 0.999383 10.0535
0.804241 0.594302 -0.00130222 -267.77 -0.593786 0.803629 0.0399907 -47.7366 0.024813 -0.0313889 0.999199 10.1216
0.791014 0.611795 0.00215377 -269.789 -0.611454 0.790446 0.0363071 -46.1603 0.02051 -0.0300363 0.999338 10.1951
0.777127 0.629338 0.0027901 -271.755 -0.628992 0.776537 0.0368796 -44.5528 0.0210431 -0.0304151 0.999316 10.2762
0.765113 0.643878 0.00489121 -273.688 -0.643559 0.764443 0.0381867 -42.8925 0.0208485 -0.0323649 0.999259 10.3442
0.752877 0.658134 0.00590762 -275.587 -0.657812 0.752157 0.0392871 -41.2023 0.0214128 -0.0334645 0.99921 10.4219
0.740781 0.671706 0.00743507 -277.473 -0.671349 0.739916 0.0425974 -39.4711 0.0231116 -0.0365469 0.999065 10.4911
0.72911 0.684381 0.00472193 -279.333 -0.683846 0.728229 0.0451277 -37.6959 0.0274459 -0.0361321 0.99897 10.5566
0.719024 0.694962 0.00569324 -281.149 -0.694352 0.717995 0.048571 -35.9103 0.0296673 -0.0388768 0.998804 10.6099
0.710094 0.704087 0.0053126 -282.966 -0.703391 0.709012 0.0504422 -34.0666 0.031749 -0.0395556 0.998713 10.6586
0.700951 0.713178 0.00667415 -284.771 -0.712307 0.699563 0.0568306 -32.2122 0.0358613 -0.0445895 0.998362 10.6955
0.695813 0.718117 0.0123426 -286.55 -0.717405 0.694097 0.0596661 -30.3224 0.0342803 -0.050371 0.998142 10.7416
0.697097 0.716767 0.0173424 -288.326 -0.716357 0.695285 0.0584058 -28.4523 0.0298054 -0.0531379 0.998142 10.7888
0.705673 0.708282 0.0190399 -290.084 -0.708101 0.704041 0.054034 -26.6525 0.0248664 -0.0516125 0.998358 10.8497
0.71776 0.696097 0.0163964 -291.881 -0.695892 0.716355 0.0506905 -24.874 0.0235398 -0.0477937 0.99858 10.9069
0.73211 0.680958 0.0176596 -293.723 -0.680942 0.730905 0.0457771 -23.1391 0.0182648 -0.045539 0.998796 10.9692
0.748154 0.663279 0.0180693 -295.6 -0.663432 0.747318 0.0370564 -21.4633 0.0110752 -0.0397116 0.99915 11.0507
0.765569 0.643183 0.0148325 -297.526 -0.643246 0.764813 0.0360022 -19.8463 0.0118119 -0.0371031 0.999242 11.1282
0.785507 0.618587 0.018116 -299.494 -0.618805 0.784748 0.0353718 -18.2872 0.00766408 -0.0389951 0.99921 11.2053
0.822805 0.568165 0.0134472 -302.906 -0.568245 0.822064 0.0361659 -15.8306 0.00949377 -0.0373988 0.999255 11.334
0.845206 0.534253 0.0141874 -305.061 -0.534397 0.844497 0.0352817 -14.4749 0.00686817 -0.037402 0.999277 11.4099
0.897266 0.441248 0.0146371 -310.286 -0.441476 0.896475 0.0378389 -11.5724 0.00357458 -0.0404135 0.999177 11.6169
0.917569 0.397097 0.0195408 -312.753 -0.397555 0.916935 0.0343604 -10.5675 -0.00427322 -0.0392966 0.999218 11.7204
0.957943 0.286768 0.0104073 -318.603 -0.286956 0.95741 0.0319809 -8.56413 -0.00079299 -0.0336223 0.999434 11.9498
0.97409 0.226062 0.0067158 -322.967 -0.226159 0.973496 0.0340228 -7.50619 0.00115346 -0.0346601 0.999398 12.1259
0.979997 0.198761 0.0100321 -325.653 -0.198985 0.97947 0.0323016 -6.94958 -0.00340586 -0.0336517 0.999428 12.2321
0.984385 0.175239 0.0166403 -328.378 -0.175652 0.984056 0.0279406 -6.46311 -0.0114787 -0.0304272 0.999471 12.3581
0.990956 0.13377 0.0105328 -334.862 -0.134022 0.990562 0.0287227 -5.49667 -0.00659116 -0.0298746 0.999532 12.6674
0.992733 0.119776 0.0115688 -337.678 -0.120057 0.992378 0.027773 -5.14746 -0.00815404 -0.0289601 0.999547 12.807
0.994714 0.102085 0.0110312 -341.492 -0.102375 0.994294 0.0299939 -4.72446 -0.00790636 -0.0309647 0.999489 12.9793
0.995997 0.0887419 0.0107324 -344.403 -0.0890507 0.995484 0.0328948 -4.4563 -0.00776474 -0.0337188 0.999401 13.1233
0.999845 0.0175796 0.000648833 -376.676 -0.0175774 0.99984 -0.0032257 -1.4276 -0.000705435 0.00321379 0.999995 14.5129
0.999811 0.0194472 0.000224292 -386.387 -0.0194413 0.99969 -0.0155297 -1.35874 -0.000526232 0.0155224 0.999879 14.9064
0.999856 0.0167981 0.00254626 -388.444 -0.0167496 0.999697 -0.018019 -1.30538 -0.00284817 0.0179737 0.999834 15.0008
0.999887 0.0146616 0.00326159 -391.407 -0.0145978 0.999717 -0.0187754 -1.28433 -0.00353594 0.0187257 0.999818 15.1237
0.999891 0.0136042 0.00569009 -394.382 -0.0135096 0.999775 -0.0163555 -1.25022 -0.00591131 0.0162769 0.99985 15.2628
0.999855 0.0123397 0.0117538 -397.342 -0.0121518 0.999799 -0.0159263 -1.21107 -0.011948 0.0157812 0.999804 15.4137
0.999924 0.0106359 0.00626486 -400.279 -0.0105311 0.999808 -0.0165294 -1.18918 -0.00643946 0.0164622 0.999844 15.564
0.999932 0.00955255 0.00669832 -403.195 -0.00942121 0.999768 -0.0193721 -1.17142 -0.00688182 0.0193077 0.99979 15.7085
0.999961 0.00855889 0.00215535 -406.128 -0.00850547 0.999683 -0.0236814 -1.1676 -0.00235735 0.0236621 0.999717 15.8418
0.999959 0.00850911 -0.00298983 -409.039 -0.00859059 0.99956 -0.0283858 -1.16351 0.00274698 0.0284104 0.999593 15.9481
0.999924 0.0056415 0.0109918 -411.889 -0.00535527 0.99965 -0.0258973 -1.14573 -0.0111341 0.0258364 0.999604 16.1067
0.999991 0.00359805 -0.0021115 -414.78 -0.0036599 0.999541 -0.0300609 -1.16514 0.00200237 0.0300684 0.999546 16.2283
0.999984 0.00216038 0.00524635 -417.628 -0.0019809 0.999421 -0.0339791 -1.18248 -0.00531671 0.0339682 0.999409 16.3621
0.999978 0.0066541 0.000786243 -421.413 -0.00662617 0.999486 -0.0313623 -1.17768 -0.000994527 0.0313564 0.999508 16.5114
0.999903 0.00811324 0.0113478 -424.182 -0.00786118 0.999725 -0.0220831 -1.16263 -0.0115238 0.0219918 0.999692 16.6497
0.99996 0.00745707 0.00484964 -426.963 -0.00734385 0.999709 -0.0229596 -1.15242 -0.00501944 0.0229231 0.999725 16.8074
0.999966 0.00706727 0.00412993 -429.693 -0.0069512 0.999598 -0.0274727 -1.15837 -0.00432242 0.027443 0.999614 16.9402
0.999967 0.0065674 0.00479422 -433.304 -0.00643432 0.999608 -0.0272648 -1.16 -0.0049714 0.027233 0.999617 17.1136
0.999976 0.00662665 0.00201092 -435.99 -0.00656857 0.999597 -0.0276316 -1.15307 -0.00219321 0.0276177 0.999616 17.249
0.999959 0.00551667 0.00722301 -438.646 -0.0053134 0.999598 -0.0278646 -1.1323 -0.00737382 0.027825 0.999586 17.382
0.999956 0.0081023 0.00470358 -441.273 -0.0079595 0.999529 -0.0296247 -1.11918 -0.00494139 0.0295859 0.99955 17.5182
0.99994 0.0107779 0.00188352 -443.887 -0.0107099 0.999398 -0.0330069 -1.11283 -0.00223813 0.0329847 0.999453 17.6419
0.999917 0.0128315 0.00119023 -446.462 -0.0127745 0.999139 -0.0394665 -1.10641 -0.00169562 0.0394481 0.99922 17.7634
0.999884 0.0146457 0.00415991 -448.982 -0.0144549 0.998983 -0.0426973 -1.08751 -0.00478101 0.0426322 0.999079 17.8832
0.999877 0.0156793 0.000777157 -451.398 -0.0156307 0.998932 -0.0434788 -1.06476 -0.00145804 0.0434613 0.999054 18.0079
0.999856 0.0167596 0.00261374 -453.706 -0.0166297 0.998909 -0.0436273 -1.03856 -0.00334206 0.0435776 0.999044 18.1189
0.999805 0.0192881 0.00412353 -455.934 -0.0191019 0.998967 -0.0412268 -1.00399 -0.00491446 0.0411401 0.999141 18.2416
0.99978 0.0202604 0.005511 -458.064 -0.0200343 0.999063 -0.0383702 -0.976057 -0.00628323 0.0382513 0.999248 18.3461
0.999771 0.021272 0.00244922 -460.131 -0.0211608 0.999021 -0.0388525 -0.940375 -0.00327329 0.0387917 0.999242 18.4565
0.999734 0.0230007 0.00183975 -462.737 -0.0229305 0.99923 -0.0318358 -0.881204 -0.00257057 0.0317851 0.999491 18.59
0.99963 0.02689 0.00421578 -465.133 -0.0267504 0.999184 -0.0302629 -0.842077 -0.00502611 0.0301389 0.999533 18.7161
0.998758 0.0487495 0.0102529 -467.361 -0.0483774 0.998255 -0.0338558 -0.753697 -0.0118854 0.0333178 0.999374 18.8538
0.995708 0.0912216 0.0156307 -469.456 -0.0907126 0.995405 -0.0306583 -0.552868 -0.0183555 0.0291088 0.999408 18.9873
0.98767 0.155124 0.0210891 -471.442 -0.154422 0.9875 -0.0315976 -0.224525 -0.025727 0.0279513 0.999278 19.1283
0.966184 0.256788 0.023438 -473.785 -0.255898 0.966058 -0.0353229 0.384275 -0.0317129 0.0281307 0.999101 19.3013
0.924926 0.379712 0.0181932 -475.96 -0.379046 0.92483 -0.0318414 1.3173 -0.0289162 0.0225548 0.999327 19.4942
0.850345 0.525985 0.0159053 -477.923 -0.525453 0.850346 -0.0284901 2.60234 -0.0285103 0.0158689 0.999468 19.6625
0.731322 0.681825 0.016831 -479.593 -0.681601 0.731514 -0.0175071 4.2758 -0.0242489 0.00133129 0.999705 19.8361
0.601292 0.798623 0.0254784 -480.647 -0.798592 0.601712 -0.0139019 5.88937 -0.026433 -0.0119878 0.999579 19.9772
0.464657 0.885228 0.021587 -481.491 -0.885355 0.464874 -0.00614398 7.7407 -0.0154741 -0.0162573 0.999748 20.118
0.354558 0.934707 0.0247188 -482.172 -0.934914 0.354812 -0.00666246 9.76314 -0.014998 -0.0207477 0.999672 20.2608
0.276246 0.960769 0.0247168 -482.725 -0.96101 0.276458 -0.00552131 11.9063 -0.0121378 -0.0222279 0.999679 20.4095
0.215853 0.976164 0.0226037 -483.148 -0.976426 0.215787 0.00535517 14.2106 0.000349948 -0.0232268 0.99973 20.5385
0.172857 0.984572 0.0271744 -483.492 -0.984946 0.172755 0.00607167 16.6449 0.00128348 -0.0278148 0.999612 20.6703
0.143209 0.989028 0.0362636 -483.758 -0.989681 0.142938 0.00996044 19.2024 0.0046677 -0.0373158 0.999293 20.8002
0.121597 0.991629 0.0434228 -483.909 -0.992544 0.121105 0.0137786 21.2133 0.00840452 -0.0447745 0.998962 20.9029
0.0982524 0.994136 0.0451658 -484.051 -0.995155 0.0979804 0.00820278 23.2729 0.00372932 -0.0457529 0.998946 21.0141
0.0780654 0.995773 0.0483891 -484.14 -0.996922 0.0776171 0.0110773 25.4171 0.00727469 -0.0491049 0.998767 21.122
0.0576408 0.997181 0.0480414 -484.193 -0.998258 0.0569629 0.0153643 27.6695 0.0125844 -0.0488433 0.998727 21.229
0.0362839 0.998083 0.0501289 -484.187 -0.999326 0.0359599 0.00734993 29.9465 0.00553321 -0.0503618 0.998716 21.3356
0.0198705 0.998448 0.052026 -484.143 -0.999744 0.0192816 0.0117982 32.3131 0.0107767 -0.0522471 0.998576 21.4423
0.00476847 0.998608 0.0525344 -484.085 -0.999931 0.0041993 0.0109394 34.7427 0.0107035 -0.0525829 0.998559 21.5648
-0.00783042 0.998648 0.0513947 -483.964 -0.999877 -0.00851792 0.0131714 37.2316 0.0135913 -0.0512853 0.998592 21.6754
-0.0223521 0.998535 0.0492828 -483.825 -0.999584 -0.0232205 0.0171206 39.7814 0.0182399 -0.0488796 0.998638 21.7844
-0.0369762 0.997985 0.0515543 -483.376 -0.9992 -0.037709 0.0133153 46.0103 0.0152325 -0.0510207 0.998581 22.0499
-0.0349724 0.998028 0.0521198 -483.189 -0.999278 -0.0356947 0.012992 48.7968 0.0148267 -0.0516278 0.998556 22.1663
-0.0324018 0.99818 0.050855 -483.003 -0.999377 -0.0330707 0.0123667 51.619 0.014026 -0.0504226 0.998629 22.2893
-0.0314708 0.998358 0.047871 -482.815 -0.999395 -0.0321407 0.0132895 54.4993 0.0148063 -0.0474238 0.998765 22.4242
-0.0291745 0.998536 0.0455557 -482.641 -0.999489 -0.0297372 0.0117232 57.3835 0.0130607 -0.0451904 0.998893 22.5534
-0.026949 0.998537 0.0468839 -482.478 -0.999542 -0.0275639 0.0125192 60.342 0.0137932 -0.046525 0.998822 22.6786
-0.0244027 0.998565 0.0476674 -482.3 -0.999664 -0.0247888 0.00752542 63.3016 0.00869624 -0.0474677 0.998835 22.821
-0.0224272 0.998545 0.049045 -482.13 -0.999668 -0.0230213 0.0115823 66.2933 0.0126946 -0.048769 0.998729 22.9732
-0.0208024 0.998625 0.0481147 -482.031 -0.999736 -0.0212479 0.00876636 68.3187 0.00977665 -0.0479196 0.998803 23.0691
-0.0192647 0.998631 0.0486372 -481.926 -0.999776 -0.0196653 0.00777157 70.3491 0.0087174 -0.0484766 0.998786 23.1724
-0.0172814 0.998725 0.0474276 -481.825 -0.9998 -0.0177397 0.00925808 72.3908 0.0100876 -0.0472581 0.998832 23.2629
-0.015988 0.998755 0.047244 -481.731 -0.999846 -0.0163116 0.00647229 74.4469 0.00723486 -0.0471332 0.998862 23.3651
-0.0144691 0.998807 0.0466389 -481.634 -0.999873 -0.0147628 0.00595925 76.5088 0.00664067 -0.0465468 0.998894 23.4641
-0.0142432 0.998875 0.0452296 -481.539 -0.999866 -0.0145954 0.00746595 78.5806 0.00811769 -0.0451171 0.998949 23.5706
-0.0168435 0.998906 0.0436256 -481.447 -0.99984 -0.0170866 0.005206 80.6486 0.00594571 -0.043531 0.999034 23.6776
-0.0202593 0.998894 0.0424298 -481.332 -0.999757 -0.0206069 0.00777249 82.7449 0.00863824 -0.0422621 0.999069 23.7748
-0.0235182 0.998832 0.0422118 -481.206 -0.999678 -0.0238991 0.00854178 84.8239 0.00954062 -0.0419973 0.999072 23.8754
-0.0278994 0.998762 0.0411811 -481.081 -0.999582 -0.0281889 0.00646583 86.9297 0.00761868 -0.0409835 0.999131 23.9823
-0.0309873 0.998657 0.0415113 -480.942 -0.999464 -0.0313984 0.00928847 89.0415 0.0105794 -0.0412012 0.999095 24.0816
-0.0346963 0.998558 0.0409538 -480.796 -0.999322 -0.0351695 0.0108904 91.1456 0.012315 -0.0405482 0.999102 24.1833
-0.0396117 0.998393 0.0405176 -480.636 -0.999167 -0.0399754 0.00820662 93.2496 0.00981315 -0.0401587 0.999145 24.2806
-0.0442469 0.998244 0.0393928 -480.479 -0.998992 -0.0445084 0.00578483 95.3383 0.00752798 -0.0390972 0.999207 24.3696
-0.0502762 0.997881 0.0412896 -480.298 -0.998699 -0.0505857 0.00648552 97.452 0.00856044 -0.0409098 0.999126 24.4748
-0.0575194 0.997417 0.0430185 -480.094 -0.998306 -0.0578429 0.00631222 99.5683 0.00878423 -0.0425826 0.999054 24.5898
-0.065366 0.99685 0.0449129 -479.881 -0.997831 -0.0656515 0.00491046 101.685 0.0078436 -0.0444945 0.998979 24.6909
-0.0742771 0.996218 0.0450826 -479.651 -0.997199 -0.0745986 0.00549019 103.787 0.00883252 -0.0445485 0.998968 24.7935
-0.0841167 0.99541 0.0456485 -479.404 -0.996432 -0.0843421 0.00303038 105.909 0.00686656 -0.0452307 0.998953 24.892
-0.0950573 0.994403 0.0461165 -479.133 -0.995412 -0.0954566 0.00653143 108.04 0.010897 -0.045284 0.998915 24.9994
-0.105461 0.993358 0.0460225 -478.834 -0.994341 -0.105936 0.00799338 110.139 0.0128157 -0.0449191 0.998908 25.1001
-0.11585 0.992181 0.0464364 -478.52 -0.993208 -0.116225 0.00545456 112.233 0.010809 -0.0454891 0.998906 25.2073
-0.125503 0.991318 0.0392172 -478.186 -0.99206 -0.125722 0.00317032 114.305 0.00807328 -0.038508 0.999226 25.318
-0.134957 0.990318 0.0325051 -477.851 -0.990836 -0.135064 0.00110099 116.393 0.00548058 -0.0320586 0.999471 25.4089
-0.143522 0.989053 0.0342764 -477.478 -0.989555 -0.143896 0.00869089 118.493 0.013528 -0.032671 0.999375 25.5059
-0.151131 0.987919 0.0342874 -477.094 -0.988345 -0.151655 0.0132063 120.568 0.0182466 -0.0318919 0.999325 25.5861
-0.160324 0.986506 0.0331899 -476.691 -0.986986 -0.160645 0.00721401 122.632 0.0124484 -0.0316013 0.999423 25.6913
-0.16977 0.984898 0.0339568 -476.273 -0.985437 -0.169996 0.00384961 124.72 0.00956399 -0.0328088 0.999416 25.7756
-0.178898 0.983194 0.0364123 -475.818 -0.983787 -0.179235 0.00618547 126.814 0.0126079 -0.0347154 0.999318 25.8637
-0.188843 0.981286 0.0376311 -475.347 -0.981934 -0.189158 0.00494379 128.886 0.0119695 -0.0360176 0.999279 25.9578
-0.200502 0.978845 0.0407549 -474.847 -0.979627 -0.200798 0.00326073 130.969 0.0113753 -0.0392709 0.999164 26.044
-0.212871 0.976072 0.0443677 -474.313 -0.97701 -0.21318 0.00229172 133.059 0.0116952 -0.0428599 0.999013 26.1381
-0.225393 0.973269 0.0441089 -473.756 -0.974179 -0.225754 0.00330919 135.164 0.0131785 -0.0422241 0.999021 26.2279
-0.238177 0.970254 0.0433409 -473.171 -0.971145 -0.238483 0.00195749 137.265 0.0122353 -0.0416241 0.999058 26.3228
-0.251742 0.966833 0.0431303 -472.551 -0.967696 -0.252101 0.00301497 139.369 0.0137881 -0.040978 0.999065 26.4056
-0.264697 0.963324 0.0440858 -471.9 -0.964184 -0.26518 0.00540641 141.462 0.0168988 -0.0410757 0.999013 26.4803
-0.279126 0.959156 0.0459258 -471.224 -0.960156 -0.279462 0.000939215 143.561 0.0137354 -0.0438338 0.998944 26.5738
-0.291891 0.955343 0.0460294 -470.499 -0.95634 -0.292253 0.00119336 145.656 0.0145923 -0.0436714 0.998939 26.6573
-0.304583 0.951318 0.0471551 -469.75 -0.952333 -0.305048 0.00281033 147.754 0.0170581 -0.0440514 0.998884 26.7409
-0.314206 0.948113 0.0485341 -468.979 -0.949221 -0.31461 0.00072994 149.845 0.0159614 -0.0458402 0.998821 26.8149
-0.324061 0.944798 0.048395 -468.187 -0.945943 -0.324321 -0.00258963 151.941 0.0132489 -0.0466181 0.998825 26.9061
-0.331018 0.942318 0.0496297 -467.361 -0.943453 -0.331502 0.00161023 154.031 0.0179697 -0.0462903 0.998766 26.9925
-0.338211 0.939669 0.0513445 -466.527 -0.940834 -0.338845 0.00392642 156.12 0.0210874 -0.0469787 0.998673 27.0754
-0.345775 0.936959 0.050476 -465.692 -0.938149 -0.346231 0.000300868 158.169 0.0177582 -0.04725 0.998725 27.1541
-0.353275 0.933895 0.0551101 -464.833 -0.93523 -0.354017 0.00402268 160.197 0.0232667 -0.0501195 0.998472 27.2256
-0.361186 0.930721 0.0574768 -463.965 -0.93203 -0.362263 0.00920822 162.244 0.029392 -0.0502442 0.998304 27.3006
-0.370041 0.927467 0.053622 -463.082 -0.928675 -0.370851 0.0056694 164.267 0.0251439 -0.0476995 0.998545 27.3374
-0.380615 0.923307 0.0513434 -462.164 -0.924667 -0.380665 -0.00917441 166.278 0.0110739 -0.0509675 0.998639 27.4203
-0.389433 0.919149 0.0592148 -461.211 -0.920942 -0.389586 -0.00940798 168.279 0.0144219 -0.0581972 0.998201 27.5056
-0.397391 0.91586 0.0572836 -460.257 -0.917473 -0.397762 -0.00525744 170.31 0.0179702 -0.0546454 0.998344 27.5993
-0.4069 0.911801 0.0552416 -459.283 -0.913226 -0.407451 -0.00138632 172.322 0.0212442 -0.0510121 0.998472 27.667
-0.415119 0.907984 0.0569364 -458.272 -0.909506 -0.415685 -0.00206672 174.346 0.0217911 -0.0526419 0.998376 27.7302
-0.422775 0.904293 0.0592857 -457.241 -0.905996 -0.42326 -0.00475574 176.351 0.0207927 -0.0557232 0.99823 27.7972
-0.427254 0.902132 0.0600976 -456.189 -0.903929 -0.427621 -0.00725952 178.374 0.01915 -0.0574257 0.998166 27.8656
-0.429151 0.900548 0.0695927 -455.123 -0.902928 -0.429734 -0.00713796 180.398 0.0234782 -0.0659004 0.99755 27.9299
-0.428618 0.900765 0.0700646 -454.052 -0.90329 -0.428847 -0.0125086 182.423 0.0187797 -0.0686501 0.997464 28.0055
-0.429275 0.900711 0.0666519 -453 -0.903042 -0.429303 -0.0146394 184.448 0.015428 -0.0664738 0.997669 28.0874
-0.428627 0.900985 0.0671158 -451.942 -0.903233 -0.429069 -0.00842071 186.473 0.0212104 -0.0642306 0.99771 28.1609
-0.428775 0.900925 0.0669814 -450.887 -0.903194 -0.429117 -0.00992927 188.509 0.0197973 -0.0647546 0.997705 28.2485
-0.429441 0.900811 0.0641831 -449.828 -0.902962 -0.429513 -0.0133901 190.54 0.0155055 -0.0637051 0.997848 28.32
-0.429742 0.900734 0.0632432 -448.774 -0.902753 -0.430061 -0.00918679 192.576 0.0189236 -0.061041 0.997956 28.4017
-0.429993 0.900716 0.061774 -447.701 -0.902625 -0.430354 -0.00802072 194.611 0.0193603 -0.0592075 0.998058 28.4793
-0.431417 0.90011 0.0606655 -446.626 -0.901937 -0.431808 -0.00720004 196.654 0.019715 -0.0578227 0.998132 28.5489
-0.433751 0.89889 0.0621103 -445.552 -0.900763 -0.434278 -0.00545179 198.695 0.0220726 -0.0583113 0.998054 28.6221
-0.435437 0.897953 0.0638316 -444.466 -0.899947 -0.435952 -0.00634738 200.741 0.0221279 -0.0602089 0.997941 28.6911
-0.437184 0.897191 0.0625904 -443.386 -0.89914 -0.437593 -0.00774843 202.786 0.0204373 -0.059665 0.998009 28.7734
-0.438468 0.896567 0.0625516 -442.294 -0.898515 -0.438872 -0.00786372 204.818 0.0204018 -0.0596515 0.998011 28.8368
-0.440153 0.895733 0.0626673 -441.207 -0.897732 -0.440426 -0.0101322 206.856 0.0185245 -0.0607181 0.997983 28.9108
-0.442608 0.894438 0.0638604 -440.107 -0.896539 -0.442811 -0.0117138 208.878 0.0178008 -0.0624379 0.99789 28.9821
-0.442926 0.89409 0.0664851 -439.014 -0.896303 -0.443351 -0.00901607 210.91 0.0214151 -0.0635842 0.997747 29.0506
-0.442571 0.89364 0.0744226 -437.9 -0.896321 -0.443358 -0.00648815 212.934 0.0271978 -0.069578 0.997206 29.1148
-0.441362 0.893879 0.0786088 -436.807 -0.897005 -0.441862 -0.0118543 214.948 0.0241379 -0.0757445 0.996835 29.1947
-0.440729 0.894725 0.0722849 -435.729 -0.897534 -0.440485 -0.0201409 216.963 0.0138199 -0.0737549 0.997181 29.2626
-0.439248 0.895434 0.0725221 -434.657 -0.898176 -0.43938 -0.0149778 218.964 0.0184531 -0.0717166 0.997254 29.3439
-0.437319 0.896541 0.0704672 -433.603 -0.899147 -0.437375 -0.0154622 220.961 0.016958 -0.0701223 0.997394 29.4174
-0.435726 0.897375 0.0697201 -432.549 -0.899933 -0.435745 -0.0157293 222.937 0.0162651 -0.069597 0.997443 29.5012
-0.434148 0.898362 0.0667866 -431.505 -0.900728 -0.434073 -0.0163916 224.918 0.0142647 -0.067273 0.997633 29.5807
-0.432879 0.898991 0.06656 -430.488 -0.901365 -0.432683 -0.018083 226.863 0.0125429 -0.0678225 0.997619 29.67
-0.432335 0.899218 0.0670321 -429.442 -0.901628 -0.432117 -0.0184689 228.848 0.0123582 -0.0684228 0.99758 29.759
-0.433364 0.898917 0.0643742 -428.428 -0.901139 -0.433172 -0.0176295 230.776 0.0120377 -0.0656501 0.99777 29.8472
-0.434278 0.898418 0.0651832 -427.402 -0.900707 -0.434019 -0.0188239 232.715 0.011379 -0.0668858 0.997696 29.916
-0.436098 0.89752 0.0653952 -426.385 -0.899794 -0.436003 -0.0164801 234.635 0.0137212 -0.0660292 0.997723 30.0014
-0.440112 0.895678 0.0637313 -425.35 -0.897871 -0.439865 -0.018608 236.568 0.0113664 -0.0654121 0.997794 30.0882
-0.44413 0.893769 0.0626565 -424.325 -0.895931 -0.443615 -0.0226665 238.474 0.00753673 -0.0662028 0.997778 30.1707
-0.448438 0.891535 0.0637864 -423.272 -0.893757 -0.448072 -0.0207342 240.398 0.0100956 -0.0663075 0.997748 30.2612
-0.452353 0.889873 0.059185 -422.226 -0.891782 -0.452074 -0.018797 242.292 0.0100291 -0.061283 0.99807 30.3568
-0.458062 0.887323 0.053269 -421.167 -0.888884 -0.457759 -0.0184651 244.198 0.00799987 -0.0558081 0.998409 30.4393
-0.463942 0.884345 0.0518835 -420.099 -0.885798 -0.463834 -0.0148415 246.084 0.0109403 -0.0528439 0.998543 30.5239
-0.470832 0.88081 0.0499053 -419.023 -0.882108 -0.47093 -0.010496 247.954 0.0142569 -0.0489637 0.998699 30.609
-0.478122 0.877072 0.0463088 -417.919 -0.878209 -0.478142 -0.0113536 249.843 0.0121843 -0.0460972 0.998863 30.6731
-0.486187 0.872741 0.0441153 -416.794 -0.873804 -0.486083 -0.0137672 251.71 0.0094285 -0.0452416 0.998932 30.7518
-0.492806 0.868755 0.0490666 -415.641 -0.870037 -0.49283 -0.0124605 253.575 0.0133563 -0.0488304 0.998718 30.8296
-0.49996 0.864363 0.0540032 -414.472 -0.865942 -0.499905 -0.0154978 255.43 0.0136007 -0.0545119 0.99842 30.8957
-0.507546 0.859742 0.0569283 -413.277 -0.861572 -0.507134 -0.022537 257.288 0.00949429 -0.0604865 0.998124 30.9777
-0.514986 0.854824 0.0637615 -412.065 -0.857132 -0.514446 -0.0258742 259.13 0.010684 -0.0679769 0.99763 31.0607
-0.521936 0.850381 0.0665887 -410.831 -0.852911 -0.521321 -0.027683 260.99 0.011173 -0.0712431 0.997396 31.144
-0.529675 0.845831 0.063353 -409.585 -0.848107 -0.529248 -0.0247364 262.827 0.0126066 -0.0668324 0.997685 31.2304
-0.536799 0.841921 0.0549106 -408.338 -0.843668 -0.536283 -0.0249936 264.673 0.00840497 -0.0597428 0.998178 31.3224
-0.542503 0.838387 0.0528897 -407.062 -0.839868 -0.54263 -0.013165 266.514 0.0176621 -0.0515624 0.998514 31.411
-0.549277 0.833529 0.0593669 -405.757 -0.8354 -0.549436 -0.0150825 268.379 0.0200466 -0.0578795 0.998122 31.4269
-0.555688 0.829557 0.0551924 -404.446 -0.83139 -0.554346 -0.0386288 270.184 -0.00144915 -0.0673519 0.997728 31.5329
-0.560679 0.825907 0.059306 -403.118 -0.828022 -0.559613 -0.0348295 271.997 0.00442249 -0.0686349 0.997632 31.6416
-0.564887 0.822767 0.0629017 -401.766 -0.82495 -0.564848 -0.020115 273.826 0.01898 -0.0632534 0.997817 31.7178
-0.570004 0.819647 0.0572133 -400.409 -0.82153 -0.569693 -0.0232082 275.66 0.0135715 -0.0602312 0.998092 31.7794
-0.575023 0.816036 0.058598 -399.046 -0.818036 -0.574599 -0.0255434 277.458 0.012826 -0.0626234 0.997955 31.8581
-0.579929 0.812269 0.0624616 -397.663 -0.814453 -0.579829 -0.0215598 279.267 0.0187047 -0.0633752 0.997814 31.9292
-0.585465 0.808562 0.0588038 -396.28 -0.810592 -0.585018 -0.0263673 281.044 0.0130816 -0.063103 0.997921 31.9966
-0.591315 0.80467 0.0534166 -394.873 -0.806391 -0.590717 -0.0280548 282.84 0.00897923 -0.0596639 0.998178 32.0969
-0.596161 0.800975 0.0550592 -393.478 -0.802782 -0.595679 -0.0265821 284.611 0.0115061 -0.0600478 0.998129 32.1726
-0.600654 0.797306 0.0593121 -392.061 -0.799288 -0.600578 -0.0210981 286.362 0.0187998 -0.0600801 0.998017 32.25
-0.605206 0.793865 0.0591963 -390.641 -0.795866 -0.605055 -0.0224871 288.095 0.0179653 -0.0607216 0.997993 32.3043
-0.607489 0.791727 0.0642272 -389.22 -0.794027 -0.607497 -0.0216552 289.823 0.0218728 -0.0641534 0.9977 32.3614
-0.607891 0.791521 0.06295 -387.793 -0.793762 -0.607802 -0.0227616 291.555 0.0202449 -0.063804 0.997757 32.4277
-0.608595 0.791316 0.0585708 -386.384 -0.793341 -0.608212 -0.0262262 293.266 0.0148702 -0.0624277 0.997939 32.4889
-0.60911 0.790879 0.0591184 -384.972 -0.792932 -0.608767 -0.0257252 294.974 0.0156438 -0.0625463 0.997919 32.5583
-0.609402 0.790761 0.0576819 -383.561 -0.792801 -0.608639 -0.0320091 296.693 0.00979594 -0.0652367 0.997822 32.6249
-0.609723 0.790219 0.0615704 -382.138 -0.792536 -0.608911 -0.0333769 298.413 0.0111158 -0.0691474 0.997545 32.7058
-0.610334 0.789604 0.0633819 -380.741 -0.792007 -0.609761 -0.030281 300.085 0.0147378 -0.0686805 0.99753 32.7801
-0.609726 0.790189 0.061935 -379.333 -0.792497 -0.609104 -0.0306625 301.789 0.0134957 -0.067779 0.997609 32.8574
-0.607204 0.792133 0.0618774 -377.928 -0.794456 -0.606461 -0.0323165 303.503 0.0119273 -0.0687816 0.99756 32.9179
-0.601736 0.795976 0.0658469 -376.537 -0.798544 -0.601179 -0.030196 305.203 0.0155505 -0.0707517 0.997373 32.9955
-0.594548 0.801552 0.0634681 -375.17 -0.80396 -0.593867 -0.0311484 306.925 0.0127246 -0.069545 0.997498 33.0689
-0.58744 0.806962 0.0610455 -373.817 -0.809205 -0.586658 -0.031923 308.672 0.0100522 -0.0681512 0.997624 33.1402
-0.579545 0.812644 0.0611262 -372.481 -0.814859 -0.578915 -0.0293757 310.418 0.0115149 -0.0668338 0.997698 33.2226
-0.573041 0.817489 0.0577619 -371.168 -0.819514 -0.572007 -0.0347227 312.171 0.00465475 -0.0672342 0.997726 33.3066
-0.567016 0.821715 0.057253 -369.857 -0.823703 -0.565847 -0.0364686 313.925 0.0024296 -0.0678377 0.997693 33.3934
-0.55952 0.826632 0.0601411 -368.567 -0.828791 -0.558595 -0.0328133 315.71 0.00646998 -0.0682042 0.99765 33.4865
-0.55124 0.832215 0.0596011 -367.281 -0.834341 -0.550104 -0.0355148 317.515 0.0032308 -0.0693048 0.99759 33.5824
-0.542161 0.838205 0.0589387 -366.034 -0.840274 -0.540822 -0.0380854 319.336 -4.80444e-05 -0.0701731 0.997535 33.6667
-0.532627 0.844238 0.0597584 -364.781 -0.846345 -0.531537 -0.0341831 321.189 0.00290513 -0.068783 0.997627 33.772
-0.523915 0.850076 0.0537006 -363.549 -0.851768 -0.522726 -0.0353385 323.05 -0.00196969 -0.0642549 0.997932 33.8815
-0.516475 0.854658 0.0530412 -362.36 -0.856302 -0.515394 -0.0334103 324.925 -0.00121724 -0.0626748 0.998033 33.9852
