0.999994 -0.00139266 -0.00308755 0.00563351 0.00140517 0.999991 0.00405503 -0.00590392 0.00308188 -0.00405934 0.999987 -0.0544914
0.998679 0.0510637 -0.00565093 0.0116325 -0.0509834 0.998608 0.0135356 -0.0249578 0.00633423 -0.0132296 0.999892 0.00976852
0.987722 0.123867 0.0951906 0.0524318 -0.121236 0.992076 -0.0329712 -0.0432516 -0.0985203 0.0210258 0.994913 0.152929
0.970952 0.231861 0.0591036 0.0941339 -0.232945 0.972415 0.0120646 -0.0765232 -0.054676 -0.025482 0.998179 0.640422
0.934469 0.353267 0.0443861 0.213607 -0.354775 0.934391 0.0323675 -0.201744 -0.0300396 -0.0459935 0.99849 1.00101
0.884783 0.465923 -0.00867758 0.446843 -0.463966 0.882501 0.0769947 -0.370907 0.0435315 -0.0640974 0.996994 1.15
0.835906 0.542006 -0.0865446 0.648719 -0.534623 0.839715 0.0951696 -0.532994 0.124255 -0.0332841 0.991692 1.22455
0.830866 0.522095 -0.192557 0.85668 -0.49748 0.851951 0.163382 -0.73253 0.24935 -0.0399549 0.967589 1.26446
0.876291 0.408262 -0.255806 1.00005 -0.385328 0.912622 0.136543 -0.815905 0.2892 -0.0210815 0.957037 1.32107
0.908488 0.284097 -0.306493 1.14852 -0.264217 0.958681 0.105452 -0.867692 0.323788 -0.0148214 0.946014 1.34059
0.916993 0.114776 -0.382033 1.30729 -0.107443 0.993384 0.0405536 -0.92987 0.38416 0.00385926 0.923258 1.32411
0.918247 0.137788 -0.371264 1.61733 -0.113388 0.989745 0.0868819 -1.14877 0.379428 -0.0376819 0.924454 1.32131
0.872815 0.317262 -0.370862 1.75703 -0.269053 0.946773 0.176726 -1.36373 0.40719 -0.0544676 0.911718 1.3081
0.831174 0.437916 -0.342605 1.81997 -0.371258 0.895807 0.244329 -1.48002 0.413904 -0.0758853 0.907152 1.31637
0.780538 0.551249 -0.294762 1.87988 -0.467846 0.827884 0.309398 -1.58735 0.414584 -0.103594 0.904095 1.32489
0.717236 0.655287 -0.237005 1.93542 -0.55558 0.743049 0.373107 -1.69723 0.420598 -0.135931 0.897006 1.32201
0.568639 0.811229 -0.136221 2.03402 -0.681429 0.557315 0.4744 -1.88816 0.460765 -0.176938 0.869706 1.31787
0.397406 0.917427 -0.0198756 2.14818 -0.782438 0.35009 0.515003 -2.05339 0.479436 -0.189114 0.856958 1.29994
0.287303 0.956239 0.0553542 2.20245 -0.829715 0.219582 0.513183 -2.12667 0.47857 -0.193367 0.856493 1.29362
0.13866 0.982565 0.123856 2.28896 -0.859917 0.0574179 0.507194 -2.25608 0.491239 -0.176833 0.852886 1.28488
0.192501 0.97629 0.0990043 2.54521 -0.880203 0.127187 0.457238 -2.47734 0.433805 -0.175162 0.883816 1.21755
0.327596 0.944543 0.0227787 2.78915 -0.848015 0.283315 0.447888 -2.55579 0.416596 -0.166043 0.8938 1.17505
0.40097 0.912799 -0.0775929 2.95451 -0.814563 0.394007 0.425729 -2.58089 0.419177 -0.1075 0.901518 1.15432
0.525735 0.836317 -0.155487 3.08525 -0.748812 0.541722 0.381861 -2.59066 0.403588 -0.0843271 0.911047 1.1561
0.649773 0.722391 -0.236527 3.18215 -0.658003 0.690338 0.300775 -2.58362 0.380561 -0.0398 0.923899 1.16359
0.737949 0.610205 -0.288239 3.25801 -0.546479 0.790928 0.275309 -2.57708 0.395971 -0.0456472 0.917128 1.17273
0.843291 0.432033 -0.319699 3.32636 -0.374649 0.899028 0.226686 -2.59973 0.385354 -0.0713872 0.920003 1.15373
0.913509 0.237131 -0.330561 3.39234 -0.195119 0.96838 0.155463 -2.60393 0.356974 -0.077518 0.930892 1.1184
0.941098 0.0801379 -0.328502 3.47665 -0.0549937 0.99485 0.0851464 -2.59435 0.333633 -0.0620655 0.940658 1.07113
0.949956 0.0680534 -0.304881 3.87611 -0.0458452 0.995786 0.0794266 -2.68676 0.309002 -0.0614744 0.949073 0.980648
0.933766 0.199446 -0.297157 4.01645 -0.167695 0.977358 0.12903 -2.80436 0.316163 -0.0706525 0.94607 0.970182
0.898612 0.344463 -0.27174 4.1454 -0.302336 0.934992 0.185426 -2.94809 0.317947 -0.0844689 0.944338 0.957869
0.855732 0.454515 -0.247265 4.25695 -0.402917 0.885167 0.232674 -3.11527 0.324625 -0.0994794 0.940597 0.946957
0.791428 0.583748 -0.181327 4.35234 -0.528048 0.802339 0.27824 -3.26437 0.307908 -0.124458 0.943241 0.940909
0.692462 0.710261 -0.12659 4.44594 -0.643656 0.687466 0.336299 -3.41115 0.325887 -0.151394 0.933208 0.928954
0.560306 0.823556 -0.0883895 4.56489 -0.745206 0.54781 0.380228 -3.56517 0.361559 -0.147176 0.92066 0.899214
0.397282 0.91677 -0.0412342 4.66146 -0.836612 0.380281 0.394293 -3.70603 0.377156 -0.122149 0.918059 0.91197
0.265805 0.963904 0.0154123 4.71635 -0.872125 0.233622 0.429906 -3.81935 0.410787 -0.127712 0.902742 0.915923
0.292112 0.954685 0.0569923 4.89164 -0.874776 0.242624 0.419405 -4.03407 0.386572 -0.172369 0.906008 0.826021
0.439249 0.898364 0.00154696 5.03269 -0.83273 0.40651 0.375913 -4.10318 0.337078 -0.166407 0.926654 0.806882
0.55622 0.828611 -0.0634226 5.17947 -0.769203 0.542221 0.338116 -4.11653 0.314556 -0.139282 0.938965 0.795618
0.685915 0.717173 -0.123223 5.45503 -0.658804 0.683935 0.313386 -4.07633 0.309028 -0.133776 0.941597 0.750249
0.757755 0.631682 -0.163661 5.62656 -0.590992 0.770681 0.238285 -4.0566 0.276651 -0.0838387 0.957306 0.741908
0.830386 0.530526 -0.170297 5.83923 -0.503561 0.845382 0.178201 -4.08531 0.238506 -0.0622203 0.969146 0.707105
0.901648 0.412378 -0.130288 6.2581 -0.396077 0.908373 0.134093 -4.24536 0.173647 -0.0693009 0.982367 0.649164
0.905067 0.401345 -0.14063 6.84417 -0.384379 0.913505 0.133273 -4.36141 0.181954 -0.0665657 0.981051 0.551513
0.879141 0.442045 -0.178064 7.25906 -0.415666 0.894021 0.167179 -4.55627 0.233094 -0.0729589 0.969713 0.512318
0.926576 0.332085 -0.176569 7.6207 -0.314753 0.941647 0.119297 -4.641 0.205882 -0.0549621 0.977032 0.475849
0.899889 0.373834 -0.224606 8.01834 -0.348718 0.926068 0.144202 -4.69842 0.261908 -0.051442 0.963721 0.431569
0.88313 0.401569 -0.242535 8.53399 -0.368392 0.913723 0.171457 -4.88659 0.290462 -0.0620709 0.954871 0.374997
0.908396 0.29354 -0.297743 8.98698 -0.258833 0.954061 0.150909 -4.96663 0.328363 -0.0600195 0.942643 0.325768
0.939434 0.20797 -0.27242 9.27666 -0.201939 0.978104 0.0503216 -5.00523 0.276921 0.00773843 0.960862 0.297939
0.965193 0.0658086 -0.253125 9.60823 -0.0627778 0.997826 0.0200412 -5.12385 0.253894 -0.00345295 0.967226 0.237741
0.97163 0.00964818 -0.236307 9.91377 -0.00870507 0.999949 0.00503404 -5.19127 0.236344 -0.00283416 0.971665 0.20183
0.959318 0.171833 -0.224015 10.1749 -0.161766 0.984836 0.0626851 -5.30567 0.231389 -0.023897 0.972568 0.155909
0.934766 0.296928 -0.195053 10.3247 -0.28531 0.954583 0.0858425 -5.39505 0.211684 -0.0245921 0.977029 0.141259
0.880733 0.433235 -0.191356 10.4665 -0.413323 0.900359 0.136083 -5.50151 0.231245 -0.0407609 0.972041 0.123415
0.827306 0.531219 -0.182675 10.5972 -0.498347 0.84412 0.197766 -5.61178 0.259257 -0.0725774 0.963078 0.118071
0.768422 0.627909 -0.123523 10.7114 -0.584131 0.767051 0.265374 -5.7231 0.261379 -0.131765 0.9562 0.112585
0.670637 0.737476 -0.0798442 10.9193 -0.688472 0.658891 0.303101 -5.82012 0.276138 -0.1483 0.949608 0.0861665
0.612327 0.787053 -0.0748529 11.2398 -0.747059 0.60699 0.271047 -5.90095 0.258763 -0.11005 0.959651 0.0695161
0.683559 0.71683 -0.137482 11.5764 -0.676635 0.692969 0.248915 -6.02606 0.273701 -0.0771237 0.958718 0.00350738
0.765749 0.626754 -0.144247 11.7466 -0.598204 0.776466 0.198125 -6.05087 0.236178 -0.065425 0.969505 0.0171781
0.835283 0.502966 -0.222098 12.1106 -0.47109 0.862978 0.1826 -6.08215 0.283508 -0.0478944 0.957773 -0.0678154
0.875931 0.40273 -0.265619 12.6285 -0.380815 0.915207 0.131822 -6.17333 0.296185 -0.0143153 0.955023 -0.156738
0.916604 0.326005 -0.231426 12.8867 -0.310369 0.945118 0.102094 -6.22162 0.252007 -0.0217523 0.967481 -0.176465
0.901588 0.366977 -0.229055 13.3279 -0.342455 0.928983 0.140414 -6.24206 0.264317 -0.048155 0.963233 -0.254507
0.867654 0.446506 -0.218652 13.5689 -0.415469 0.892736 0.174377 -6.28278 0.273059 -0.060456 0.960096 -0.266288
0.852064 0.468752 -0.232936 13.9409 -0.434071 0.881464 0.186022 -6.33305 0.292523 -0.0573918 0.954535 -0.30231
0.813456 0.54808 -0.194672 14.3318 -0.515792 0.834452 0.194034 -6.32408 0.268791 -0.0574275 0.961485 -0.37472
0.75827 0.600898 -0.252881 14.4357 -0.524746 0.792723 0.310211 -6.41871 0.38687 -0.102525 0.916417 -0.308466
0.682116 0.67736 -0.275501 14.4201 -0.566757 0.727791 0.386143 -6.47915 0.462065 -0.107252 0.880337 -0.251491
0.600313 0.752165 -0.271794 14.3935 -0.618219 0.652021 0.438947 -6.49875 0.507376 -0.0954776 0.856419 -0.209314
0.504803 0.835227 -0.218105 14.3415 -0.664559 0.537268 0.519331 -6.53555 0.55094 -0.117216 0.826272 -0.17471
0.407903 0.902609 -0.13752 14.2866 -0.708628 0.407952 0.575692 -6.56917 0.575726 -0.137376 0.806019 -0.158403
0.315112 0.947549 -0.0534246 14.2398 -0.759963 0.285647 0.583834 -6.61177 0.568472 -0.143373 0.810113 -0.153099
0.282342 0.958917 0.0276061 14.2117 -0.864544 0.241872 0.440524 -6.65214 0.415749 -0.148245 0.897316 -0.195841
0.295576 0.952256 0.0764465 14.219 -0.928818 0.267737 0.256152 -6.65608 0.223454 -0.146717 0.963609 -0.276014
0.319789 0.939376 0.123723 14.2214 -0.94665 0.311276 0.0834365 -6.61467 0.0398664 -0.143804 0.988803 -0.35297
0.376422 0.914026 0.151205 14.2496 -0.922511 0.384828 -0.0296872 -6.57779 -0.0853227 -0.128313 0.988057 -0.397528
0.471909 0.861072 0.18936 14.2825 -0.868223 0.491216 -0.0699693 -6.53684 -0.153265 -0.131387 0.979412 -0.425382
0.650474 0.737309 0.182372 14.3442 -0.745807 0.665472 -0.0303245 -6.4634 -0.143722 -0.116289 0.982762 -0.435509
0.738433 0.634486 0.228353 14.3824 -0.64313 0.764469 -0.0443895 -6.41665 -0.202733 -0.114082 0.972566 -0.443826
0.843477 0.5236 0.119954 14.3995 -0.52862 0.848771 0.0121908 -6.37256 -0.0954301 -0.0736926 0.992705 -0.444214
0.911057 0.41132 -0.0281381 14.4033 -0.409567 0.910766 0.0525318 -6.34017 0.0472346 -0.036335 0.998223 -0.416996
0.943053 0.319728 -0.0917896 14.3941 -0.312092 0.945925 0.0884527 -6.33311 0.115107 -0.0547688 0.991842 -0.398126
0.969444 0.191378 -0.153471 14.3969 -0.186217 0.981362 0.0474628 -6.31161 0.159694 -0.0174336 0.987013 -0.36627
0.969274 0.0774226 -0.23348 14.4063 -0.0734788 0.996969 0.025556 -6.26397 0.234751 -0.00761496 0.972026 -0.331261
0.938248 0.0319958 -0.34448 14.4261 -0.0215975 0.999189 0.0339818 -6.22926 0.345288 -0.0244435 0.938178 -0.269471
0.876662 0.0456837 -0.478933 14.4417 -0.0350413 0.998901 0.0311404 -6.20573 0.479829 -0.0105172 0.877299 -0.16301
0.839858 0.12767 -0.527579 14.4435 -0.0987783 0.991665 0.0827293 -6.24317 0.533743 -0.0173675 0.845468 -0.0943081
0.80702 0.242912 -0.53825 14.4439 -0.186325 0.969661 0.158244 -6.28674 0.560359 -0.0274168 0.827796 -0.0751695
0.803312 0.385209 -0.454208 14.4418 -0.283402 0.918022 0.277341 -6.3454 0.523807 -0.0940684 0.846627 -0.0868336
0.786145 0.484869 -0.383247 14.4407 -0.378521 0.867922 0.321611 -6.3764 0.488567 -0.107766 0.865845 -0.101254
0.775532 0.559401 -0.292608 14.441 -0.46256 0.818944 0.339661 -6.40164 0.429636 -0.128069 0.893874 -0.115077
0.728761 0.644775 -0.230592 14.4317 -0.543549 0.749498 0.377898 -6.42228 0.416488 -0.150059 0.896672 -0.1118
0.639671 0.754583 -0.146375 14.4055 -0.662261 0.637712 0.393361 -6.45971 0.390169 -0.154683 0.907657 -0.1038
0.5232 0.849374 -0.0694686 14.3678 -0.767498 0.505055 0.394798 -6.51579 0.370417 -0.153241 0.916138 -0.10522
0.401828 0.915713 -0.00225265 14.3209 -0.840434 0.369769 0.396157 -6.57017 0.363599 -0.157294 0.91818 -0.114567
0.273414 0.960102 0.058729 14.2392 -0.904701 0.235937 0.354754 -6.61829 0.326744 -0.150127 0.933113 -0.12999
0.207007 0.971106 0.118745 14.2 -0.944096 0.166453 0.284564 -6.64444 0.256577 -0.171013 0.951274 -0.184189
0.3061 0.948219 0.0847602 14.221 -0.940589 0.287487 0.180673 -6.63143 0.14695 -0.135029 0.979884 -0.256736
0.442615 0.89632 0.0264854 14.2681 -0.884462 0.431513 0.177552 -6.59105 0.147714 -0.102012 0.983755 -0.275199
0.570429 0.821061 -0.0216875 14.3274 -0.80504 0.564144 0.183443 -6.5278 0.162853 -0.0871819 0.982791 -0.261873
0.68149 0.730089 -0.0504228 14.3719 -0.719131 0.680853 0.138887 -6.4677 0.135731 -0.0583898 0.989024 -0.259434
0.786202 0.614925 -0.0612671 14.397 -0.607254 0.787146 0.107905 -6.41237 0.114579 -0.0476301 0.992272 -0.285446
0.869122 0.493747 -0.0289998 14.4209 -0.491034 0.868401 0.0690345 -6.34792 0.059269 -0.0457595 0.997193 -0.325473
0.935052 0.354043 -0.0182022 14.4169 -0.353338 0.934903 0.0333035 -6.29831 0.0288081 -0.0247089 0.99928 -0.389412
0.966691 0.255817 0.00810602 14.3789 -0.255673 0.966639 -0.0155237 -6.2854 -0.0118068 0.0129342 0.999847 -0.431372
0.914936 0.403404 -0.0125482 14.2633 -0.403294 0.915011 0.0104637 -6.34561 0.0157028 -0.00451298 0.999867 -0.448395
0.909418 0.415703 0.0122724 14.0714 -0.41565 0.90752 0.0603511 -6.46 0.0139507 -0.0599854 0.998102 -0.414226
0.904386 0.426652 -0.0073575 13.7507 -0.424618 0.901514 0.083495 -6.51695 0.0422562 -0.0723875 0.996481 -0.340654
0.872626 0.485806 -0.0501667 13.4695 -0.483182 0.873715 0.056194 -6.51906 0.0711307 -0.0247967 0.997159 -0.278799
0.910002 0.413358 -0.0321228 13.1279 -0.410511 0.90917 0.069935 -6.5358 0.0581132 -0.0504543 0.997034 -0.261964
0.899208 0.436401 0.0312875 12.7625 -0.437475 0.895785 0.0786384 -6.54288 0.00629096 -0.0843998 0.996412 -0.238701
0.849085 0.527952 -0.0179061 12.6225 -0.526807 0.848779 0.0452579 -6.5146 0.0390923 -0.0289948 0.998815 -0.221024
0.856406 0.516248 0.00755339 12.3928 -0.516161 0.855735 0.0359893 -6.45786 0.0121157 -0.0347202 0.999324 -0.173134
0.93151 0.362369 0.0312721 12.1978 -0.363592 0.929987 0.0540884 -6.50119 -0.00948264 -0.0617541 0.998046 -0.161017
0.951991 0.304448 0.0320172 11.9329 -0.304514 0.952503 -0.00289147 -6.60479 -0.0313768 -0.00699705 0.999483 -0.124387
0.971292 0.237887 0.00145317 11.7562 -0.237885 0.971292 -0.00141904 -6.80966 -0.00174903 0.00103262 0.999998 -0.0851398
0.988065 0.150329 -0.0335917 11.6999 -0.148124 0.987111 0.0605896 -7.07777 0.0422671 -0.0548908 0.997597 -0.130697
0.994854 0.0723934 0.0708788 11.6618 -0.0810962 0.98835 0.128796 -7.26226 -0.0607291 -0.133881 0.989135 -0.137663
0.991762 0.117506 0.0510033 11.5935 -0.120694 0.990579 0.0646981 -7.45849 -0.0429204 -0.0703208 0.996601 -0.101442
0.99555 0.0834132 0.0438476 11.3477 -0.0855408 0.995123 0.0491171 -7.75394 -0.0395368 -0.0526493 0.99783 -0.0463937
0.998756 0.0228437 -0.0443223 11.2438 -0.0210875 0.998989 0.0396936 -7.99812 0.0451842 -0.0387096 0.998228 -0.0194645
0.999232 0.036534 -0.0141489 11.1645 -0.0348768 0.994012 0.103555 -8.20433 0.0178474 -0.102982 0.994523 0.00725583
0.99508 0.0979707 -0.0147389 11.0165 -0.0971612 0.994103 0.0481552 -8.45931 0.0193698 -0.0464862 0.998731 0.033788
0.995998 0.0855041 -0.0260374 10.8253 -0.0851191 0.996249 0.0155564 -8.75034 0.0272699 -0.0132779 0.99954 0.08402
0.993304 0.112992 -0.0240994 10.759 -0.111412 0.992016 0.0590918 -8.95499 0.0305839 -0.0560111 0.997962 0.109452
0.974623 0.208898 -0.0804476 10.693 -0.202851 0.976158 0.0772473 -9.09468 0.0946663 -0.0589681 0.993761 0.167612
0.945697 0.247324 -0.210921 10.5848 -0.231928 0.968058 0.0952498 -9.16857 0.227742 -0.0411588 0.972851 0.25051
0.90807 0.268725 -0.321241 10.4662 -0.248554 0.963119 0.103068 -9.21411 0.33709 -0.0137472 0.941372 0.329628
0.942533 0.275692 -0.188745 10.3825 -0.268106 0.961186 0.0651271 -9.37013 0.199374 -0.0107808 0.979864 0.330797
0.908863 0.399765 -0.118978 10.3596 -0.376326 0.908958 0.17937 -9.48518 0.179852 -0.118248 0.976561 0.318464
0.877036 0.477848 -0.049691 10.3167 -0.459171 0.864163 0.205874 -9.592 0.141318 -0.157742 0.977316 0.314869
0.795149 0.603615 -0.0581929 10.2752 -0.58734 0.790463 0.173781 -9.63493 0.150896 -0.104003 0.983063 0.331608
0.709527 0.704469 -0.0171834 10.1647 -0.694544 0.703235 0.151885 -9.71112 0.119082 -0.0958316 0.988249 0.329068
0.678352 0.734698 -0.00755412 10.111 -0.723633 0.669846 0.166315 -9.77749 0.127251 -0.107354 0.986044 0.351935
0.810723 0.581762 -0.0654295 10.0781 -0.576312 0.812744 0.0855091 -9.86051 0.102923 -0.0316164 0.994187 0.349252
0.890575 0.444771 -0.0951575 10.0574 -0.444918 0.895329 0.0208413 -9.94001 0.0944669 0.0237766 0.995244 0.345586
0.951132 0.308641 0.00941186 10.0277 -0.308766 0.9503 0.0399062 -9.9896 0.0033726 -0.0408621 0.999159 0.320128
0.978721 0.199679 0.0472663 9.96712 -0.199605 0.979856 -0.00631935 -10.0274 -0.047576 -0.00324972 0.998862 0.289559
0.997842 0.0485432 0.0442242 9.87408 -0.0462175 0.997568 -0.0521733 -10.0467 -0.0466493 0.0500167 0.997658 0.275413
0.993977 -0.106946 0.0239134 9.76518 0.107453 0.993988 -0.0210047 -10.0178 -0.0215233 0.0234478 0.999493 0.303395
0.953674 -0.2261 -0.198455 9.71975 0.208654 0.972327 -0.10509 -10.0265 0.216724 0.0588131 0.97446 0.380896
0.916794 -0.303256 -0.259854 9.70259 0.2707 0.950276 -0.153936 -10.0275 0.293616 0.0707853 0.953299 0.399146
0.930027 -0.3314 -0.158818 9.70745 0.306826 0.938095 -0.160737 -10.1788 0.202254 0.100761 0.974136 0.382785
0.918969 -0.393985 0.0164818 9.65661 0.392512 0.909923 -0.134069 -10.201 0.0378241 0.129675 0.990835 0.323308
0.889312 -0.439515 0.126295 9.60336 0.451555 0.887627 -0.0906463 -10.1704 -0.0722622 0.137642 0.987843 0.287456
0.928725 -0.335795 0.157199 9.57726 0.348213 0.935574 -0.0587323 -10.205 -0.127349 0.109285 0.985819 0.250572
0.969756 -0.156541 0.187263 9.56359 0.156076 0.987593 0.0173199 -10.2679 -0.187651 0.0124313 0.982157 0.222594
0.970825 -0.0015876 0.239786 9.54356 0.00407803 0.999943 -0.00989026 -10.3508 -0.239756 0.0105796 0.970776 0.19797
0.962131 0.11702 0.246193 9.53552 -0.109185 0.992989 -0.045285 -10.4394 -0.249766 0.0166895 0.968162 0.188725
0.932541 0.294349 0.209108 9.4868 -0.290997 0.955552 -0.047339 -10.6671 -0.213748 -0.0167044 0.976746 0.198698
0.916507 0.341103 0.208959 9.43683 -0.349743 0.936834 0.00471321 -10.8455 -0.194152 -0.0774016 0.977913 0.229137
0.904169 0.41358 0.106906 9.39277 -0.418195 0.908039 0.0240564 -10.949 -0.0871255 -0.0664586 0.993978 0.292072
0.907438 0.41994 -0.0143823 9.35363 -0.419509 0.907387 0.0257199 -11.0895 0.0238512 -0.0173057 0.999566 0.361115
0.946743 0.321982 0.00216067 9.30285 -0.321734 0.945705 0.0461429 -11.2639 0.0128138 -0.0443806 0.998933 0.365002
0.978623 0.205167 -0.014276 9.19984 -0.20465 0.978334 0.0313199 -11.3957 0.0203925 -0.0277288 0.999407 0.384858
0.965602 0.227851 -0.125284 9.01905 -0.220779 0.972959 0.0678818 -11.604 0.137363 -0.0378869 0.989796 0.432599
0.928252 0.264739 -0.261268 8.92292 -0.244185 0.963601 0.108845 -11.9792 0.280574 -0.0372376 0.95911 0.496214
0.954686 0.273916 -0.116383 8.86886 -0.26774 0.961225 0.0660519 -12.283 0.129963 -0.0318985 0.991006 0.467219
0.963219 0.266641 0.0333429 8.76148 -0.267188 0.963555 0.0131056 -12.4291 -0.0286332 -0.0215324 0.999358 0.432203
0.966444 0.244092 0.0800315 8.57084 -0.242443 0.969706 -0.0298619 -12.6509 -0.0848961 0.0094568 0.996345 0.446337
0.978224 0.195451 0.0698314 8.54345 -0.199294 0.978503 0.0530467 -12.9231 -0.0579622 -0.0658085 0.996147 0.461796
0.979643 0.194542 0.049527 8.47038 -0.193219 0.980688 -0.0302837 -13.0741 -0.054462 0.0200977 0.998314 0.487289
0.97556 0.219678 0.00494791 8.32963 -0.219661 0.975569 -0.00378467 -13.2447 -0.00565844 0.00260531 0.999981 0.489052
0.944921 0.327296 -0.00110241 8.25958 -0.32726 0.944857 0.0120532 -13.4522 0.00498658 -0.0110285 0.999927 0.530238
0.967612 0.244726 -0.0619306 8.25386 -0.24387 0.969577 0.0211436 -13.6736 0.0652209 -0.00535586 0.997856 0.533883
0.976612 0.214981 0.00354572 8.20878 -0.214868 0.975228 0.0525542 -13.9257 0.00784028 -0.0520869 0.998612 0.547812
0.973761 0.226691 -0.020038 8.01684 -0.22595 0.973556 0.033709 -14.1542 0.0271496 -0.0282969 0.999231 0.580059
0.995485 0.0896964 -0.0310455 7.85736 -0.0884859 0.995337 0.0383871 -14.4497 0.0343439 -0.0354667 0.998781 0.555832
0.997769 -0.0220291 0.0630259 7.76735 0.0182276 0.998016 0.0602682 -14.5595 -0.0642285 -0.0589849 0.99619 0.525253
0.995508 -0.0848674 0.0419737 7.60119 0.0863001 0.995703 -0.0335849 -14.6628 -0.0389431 0.0370564 0.998554 0.558559
0.983959 -0.124513 0.127751 7.29562 0.127041 0.991827 -0.0117982 -14.8583 -0.125238 0.0278386 0.991736 0.581155
0.976618 -0.208081 0.0540349 7.13139 0.209335 0.977666 -0.0186283 -15.0228 -0.0489519 0.0295042 0.998365 0.594013
0.95352 -0.282625 0.104512 6.93649 0.282666 0.959105 0.0147331 -15.1657 -0.104402 0.0154939 0.994414 0.603189
0.951319 -0.265143 0.157136 6.55431 0.269855 0.962858 -0.00905572 -15.3403 -0.148898 0.0510188 0.987535 0.651627
0.938893 -0.333499 0.0851975 6.2976 0.336233 0.941574 -0.0196285 -15.5009 -0.0736737 0.0470753 0.996171 0.697471
0.946784 -0.312168 0.0784306 5.91974 0.315898 0.94793 -0.0404664 -15.6354 -0.0617144 0.063089 0.996098 0.755904
0.945593 -0.312621 0.0901213 5.51057 0.320005 0.943673 -0.0841307 -15.7332 -0.058744 0.108393 0.992371 0.791163
0.947422 -0.299954 0.111439 5.2477 0.301588 0.953436 0.0022975 -15.8624 -0.106939 0.031432 0.993769 0.812486
0.983093 -0.147875 0.107983 4.91721 0.150801 0.988373 -0.0194116 -15.9053 -0.103857 0.0353675 0.993963 0.838055
0.989946 -0.115449 0.0817162 4.61124 0.117945 0.992669 -0.0263886 -15.8959 -0.0780706 0.0357613 0.996306 0.894357
0.995216 -0.0525784 0.0823425 4.24492 0.0540001 0.998426 -0.0151332 -15.9405 -0.0814172 0.0195073 0.996489 0.980247
0.997016 0.0351972 0.0687107 3.9166 -0.0356714 0.999347 0.00568644 -15.9202 -0.0684658 -0.00812048 0.99762 0.99213
0.995429 -0.0293097 0.0908908 3.59266 0.031729 0.999177 -0.025288 -15.918 -0.0900748 0.0280563 0.99554 1.02938
0.979708 -0.145806 0.137527 3.40091 0.144964 0.989305 0.0161736 -15.9567 -0.138414 0.00409098 0.990366 1.02187
0.96562 -0.233917 0.113404 3.26346 0.239604 0.970078 -0.0392279 -15.8482 -0.100835 0.0650514 0.992774 1.05742
0.918493 -0.375804 0.123051 3.22435 0.385945 0.91971 -0.0719788 -15.7781 -0.0861209 0.113603 0.989787 1.06245
0.854217 -0.505713 0.120698 3.24468 0.511199 0.859282 -0.0175978 -15.7971 -0.0948143 0.0767331 0.992533 1.06215
0.769815 -0.624335 0.132631 3.26552 0.629321 0.777126 0.0054772 -15.8229 -0.106491 0.0792509 0.99115 1.04362
0.687101 -0.715965 0.123636 3.36043 0.720458 0.693403 0.0115287 -15.7927 -0.0939837 0.0811531 0.992261 1.01793
0.621336 -0.772739 0.129678 3.56867 0.779463 0.626446 -0.0017666 -15.7542 -0.0798714 0.102177 0.991555 1.01912
0.510901 -0.848465 0.138156 3.7507 0.849851 0.522702 0.0673489 -15.8208 -0.129358 0.0830036 0.988118 0.976103
0.464278 -0.859661 0.213141 3.83122 0.851608 0.499408 0.159232 -15.8846 -0.24333 0.107585 0.963958 0.937656
0.463858 -0.865795 0.18771 3.8793 0.855959 0.492629 0.157006 -15.9191 -0.228406 0.0878433 0.969595 0.943518
0.470372 -0.87343 0.125978 3.88314 0.879243 0.476047 0.01764 -15.8928 -0.0753788 0.102468 0.991876 1.02785
0.399372 -0.906242 0.138664 3.74218 0.911868 0.408309 0.0422057 -15.8243 -0.0948665 0.109588 0.98944 1.04557
0.369142 -0.908964 0.193699 3.40637 0.916311 0.390782 0.0875468 -15.6967 -0.155271 0.145171 0.977147 1.05348
0.279242 -0.938534 0.202925 3.26161 0.929901 0.317004 0.18653 -15.5973 -0.239392 0.136613 0.961264 1.00201
0.219947 -0.945578 0.239802 3.01065 0.935064 0.274409 0.224399 -15.4064 -0.27799 0.174874 0.944532 0.986392
0.39908 -0.875607 0.272118 2.85787 0.882192 0.447567 0.146361 -15.3618 -0.249946 0.18165 0.951068 1.00178
0.569158 -0.750942 0.33488 2.74872 0.762963 0.634171 0.125356 -15.3673 -0.306506 0.184153 0.933885 1.00585
0.682882 -0.647541 0.338176 2.64894 0.665228 0.742507 0.0784557 -15.4181 -0.301902 0.171388 0.937807 1.01978
0.786131 -0.538719 0.302953 2.52695 0.552048 0.832443 0.0477649 -15.5047 -0.277923 0.129695 0.951808 1.03936
0.866568 -0.408327 0.28693 2.31277 0.42182 0.906536 0.0161248 -15.6217 -0.266696 0.10706 0.957816 1.09563
0.925734 -0.273597 0.261079 2.15749 0.288617 0.95723 -0.0202525 -15.6557 -0.244372 0.0941003 0.965105 1.11092
0.955232 -0.159004 0.249501 2.02584 0.175852 0.983313 -0.0466075 -15.6578 -0.237926 0.088396 0.967252 1.12168
0.965706 -0.052315 0.254314 1.79108 0.0607914 0.997823 -0.0255804 -15.6666 -0.252422 0.0401632 0.966783 1.14322
0.976824 0.0122112 0.213694 1.40708 -0.00135744 0.998705 -0.0508641 -15.6387 -0.214039 0.0493952 0.975576 1.18985
0.979404 0.00289276 0.201889 1.13402 0.0172081 0.995063 -0.0977377 -15.5084 -0.201175 0.0991988 0.974519 1.24301
0.978487 -0.0773766 0.191247 0.926682 0.082157 0.996471 -0.0171821 -15.5376 -0.189242 0.0325247 0.981392 1.27181
0.981824 -0.03995 0.185541 0.707389 0.0362589 0.999072 0.0232459 -15.4586 -0.186298 -0.0160958 0.982361 1.29606
0.987561 0.0747805 0.138314 0.616373 -0.0720805 0.997099 -0.0244345 -15.2993 -0.13974 0.0141608 0.990087 1.30483
0.982808 0.114735 0.144653 0.37595 -0.119182 0.992619 0.0224301 -14.9697 -0.141012 -0.0392845 0.989228 1.35238
0.989357 0.0760886 0.124029 0.310185 -0.0752806 0.9971 -0.0111948 -14.4933 -0.124521 0.00173868 0.992215 1.37101
0.99571 -0.0136876 0.0915125 0.363766 0.00890446 0.998583 0.0524735 -14.1514 -0.092101 -0.0514335 0.99442 1.34541
0.987997 -0.0881922 0.126826 0.446658 0.0902306 0.995867 -0.0104068 -13.8497 -0.125383 0.0217254 0.99187 1.31635
0.992028 -0.0325812 0.121737 0.433642 0.0380052 0.998373 -0.0425017 -13.4106 -0.120154 0.0467895 0.991652 1.31328
0.996282 0.00727317 0.0858404 0.474917 -0.00575732 0.999823 -0.0178933 -12.8118 -0.0859554 0.0173326 0.996148 1.31321
0.991934 0.0774443 0.100343 0.430647 -0.0760003 0.996943 -0.0181402 -12.3624 -0.101441 0.0103678 0.994787 1.29656
0.988597 0.11594 0.0960926 0.448696 -0.117848 0.992927 0.014404 -11.9715 -0.093743 -0.0255641 0.995268 1.28581
0.994184 0.0886337 0.0611795 0.506716 -0.0872392 0.995871 -0.0251057 -11.4649 -0.0631521 0.0196224 0.997811 1.28316
0.986947 0.136829 0.0849266 0.504037 -0.13943 0.989905 0.0254542 -11.1218 -0.0805864 -0.0369633 0.996062 1.28352
0.990177 0.124669 0.0632946 0.551175 -0.122549 0.991796 -0.0363605 -10.8314 -0.0673084 0.0282467 0.997332 1.26876
0.997949 0.0150121 0.0622276 0.540628 -0.0146232 0.999871 -0.00670162 -10.5574 -0.0623201 0.00577791 0.998039 1.26711
0.996334 0.0394356 0.0759206 0.446953 -0.0414541 0.998823 0.0251965 -10.2132 -0.0748376 -0.0282513 0.996795 1.27862
0.996029 0.0568712 0.0684976 0.443905 -0.0558398 0.998297 -0.0168801 -9.67104 -0.0693409 0.0129881 0.997508 1.26833
0.976952 0.178116 0.117641 0.448165 -0.176196 0.983995 -0.0266077 -9.2909 -0.120498 0.00526649 0.9927 1.24476
0.984993 0.148369 0.0881751 0.525267 -0.146663 0.988856 -0.0255667 -8.7236 -0.0909858 0.012251 0.995777 1.2341
0.992932 0.0933877 0.0732395 0.558641 -0.0932728 0.995628 -0.00499485 -8.29338 -0.0733858 -0.0018717 0.997302 1.21654
0.976034 0.182316 0.118818 0.559067 -0.179313 0.983148 -0.0355851 -8.07086 -0.123304 0.0134267 0.992278 1.2123
0.973943 0.20135 0.104372 0.619347 -0.199847 0.979514 -0.0247661 -7.66461 -0.107221 0.00326228 0.99423 1.19071
0.974102 0.202304 0.100987 0.541159 -0.204228 0.978882 0.00898542 -7.26524 -0.0970364 -0.029377 0.994847 1.19829
0.978161 0.170071 0.11949 0.487791 -0.171399 0.985201 0.00084991 -6.85075 -0.117577 -0.0213118 0.992835 1.17069
0.984347 0.125227 0.124014 0.485249 -0.126511 0.991962 0.00250336 -6.53766 -0.122704 -0.0181534 0.992277 1.16738
0.975026 0.172284 0.140155 0.383454 -0.169281 0.98501 -0.0331606 -6.16454 -0.143767 0.00860687 0.989574 1.1873
0.985711 0.1336 0.102591 0.374209 -0.132631 0.991032 -0.0162379 -5.73416 -0.10384 0.0023992 0.994591 1.17026
0.991612 0.0542561 0.117311 0.391012 -0.0545315 0.998512 -0.000862921 -5.34814 -0.117183 -0.00554145 0.993095 1.17433
0.985911 0.138729 0.0934528 0.358982 -0.135728 0.990026 -0.0377713 -4.92957 -0.0977606 0.0245549 0.994907 1.17269
0.970809 0.225602 0.0814515 0.35124 -0.224499 0.974213 -0.0225748 -4.58299 -0.084444 0.00363004 0.996422 1.16571
0.973328 0.207966 0.0968694 0.332481 -0.207289 0.97813 -0.0171127 -4.1473 -0.0983097 -0.00342367 0.99515 1.15508
0.958411 0.258821 0.120252 0.291226 -0.259782 0.965635 -0.00788355 -3.65112 -0.11816 -0.0236837 0.992712 1.13715
0.975403 0.192159 0.108001 0.401581 -0.1927 0.981242 -0.00550463 -3.227 -0.107033 -0.0154425 0.994136 1.1208
0.972335 0.17526 0.154429 0.354903 -0.170891 0.984427 -0.0412317 -2.69481 -0.15925 0.0137005 0.987143 1.09155
0.969229 0.103313 0.223433 0.359219 -0.0933266 0.994124 -0.0548329 -2.36116 -0.227785 0.0322934 0.973176 1.03488
0.961655 0.12611 0.243549 0.26728 -0.115918 0.99169 -0.0557965 -2.06957 -0.248562 0.0254253 0.968282 1.0197
0.935466 0.26591 0.2328 0.284217 -0.266197 0.963427 -0.0307877 -1.95713 -0.232473 -0.0331698 0.972037 1.02732
0.917304 0.337044 0.212026 0.378764 -0.332886 0.941295 -0.0561252 -1.81875 -0.218496 -0.0190967 0.975651 1.05209
0.894904 0.406879 0.183293 0.413221 -0.404214 0.913104 -0.0534093 -1.68128 -0.189097 -0.0262934 0.981606 1.1016
0.900073 0.398441 0.176393 0.423396 -0.394627 0.917025 -0.057752 -1.59143 -0.184767 -0.0176283 0.982624 1.12737
0.899505 0.372611 0.228148 0.445022 -0.360977 0.927987 -0.0923878 -1.42963 -0.246143 0.000747022 0.969233 1.07845
0.855548 0.404614 0.322993 0.400847 -0.387498 0.914185 -0.118793 -1.28042 -0.343341 -0.0235259 0.938916 1.01232
0.848275 0.391683 0.356391 0.2438 -0.377168 0.919277 -0.11258 -1.21395 -0.371717 -0.0389205 0.92753 1.01709
0.810899 0.495101 0.311959 0.197239 -0.492329 0.865358 -0.0936342 -1.17154 -0.316314 -0.0776584 0.94547 1.03172
0.784065 0.589106 0.195439 0.196046 -0.589106 0.805475 -0.0645389 -1.04322 -0.195441 -0.0645314 0.97859 1.04721
0.837136 0.520965 0.16673 0.149505 -0.529403 0.848339 0.00736079 -0.797061 -0.137609 -0.0944294 0.985975 1.03972
0.878853 0.473122 0.061424 0.110173 -0.475731 0.878771 0.0379596 -0.688284 -0.0360181 -0.0625822 0.99739 1.0366
0.936083 0.337833 0.09807 0.036991 -0.342321 0.939012 0.0327491 -0.405864 -0.0810252 -0.0642273 0.994641 1.01522
0.953202 0.274184 0.127393 0.0364209 -0.280872 0.959011 0.0375397 -0.206045 -0.111878 -0.071564 0.991142 0.932787
0.983325 0.123433 0.133554 0.0233776 -0.12621 0.991925 0.0124973 -0.151695 -0.130933 -0.0291447 0.990963 0.794063
0.99492 -0.0223218 0.0981616 0.00166911 0.0231616 0.999704 -0.00742393 -0.132587 -0.0979668 0.0096598 0.995143 0.558116
0.998266 -0.00403606 0.0587305 -0.017094 0.00513391 0.999815 -0.0185541 -0.0828833 -0.0586447 0.0188235 0.998101 0.193486
0.998621 -0.0416424 0.0319607 -0.00535132 0.0414361 0.999116 0.00708989 -0.0541517 -0.0322277 -0.00575579 0.999464 0.0419073
0.998951 0.0110827 0.0444196 -0.00743246 -0.0108143 0.999922 -0.00627823 -0.0589762 -0.0444857 0.00579128 0.998993 0.0253797
