0.999994 -0.00139266 -0.00308755 0.00563351 0.00140517 0.999991 0.00405503 -0.00590392 0.00308188 -0.00405934 0.999987 -0.0544914
0.99868 0.0510614 -0.00565081 0.0115925 -0.0509811 0.998608 0.0135354 -0.0249234 0.00633408 -0.0132295 0.999892 0.00976838
0.987723 0.123874 0.0951777 0.052298 -0.121243 0.992075 -0.0329687 -0.0429621 -0.0985074 0.0210243 0.994914 0.153162
0.970949 0.231877 0.0590788 0.0938191 -0.232961 0.972411 0.0120686 -0.0759268 -0.0546505 -0.025481 0.99818 0.640853
0.934461 0.353291 0.0443503 0.213133 -0.354798 0.934382 0.0323718 -0.2008 -0.0300034 -0.0459856 0.998491 1.0016
0.884765 0.465956 -0.00872247 0.446211 -0.463996 0.882484 0.0770001 -0.369622 0.0435761 -0.0640798 0.996993 1.15074
0.835875 0.542046 -0.0865982 0.64793 -0.534659 0.839691 0.0951778 -0.531369 0.124306 -0.0332562 0.991686 1.22545
0.830821 0.522145 -0.192614 0.855731 -0.497525 0.851922 0.163395 -0.730566 0.249408 -0.0399218 0.967575 1.26553
0.876243 0.408323 -0.255873 0.998945 -0.385386 0.912595 0.136561 -0.813602 0.289269 -0.0210509 0.957016 1.32229
0.908439 0.284173 -0.306568 1.14726 -0.264287 0.958659 0.105476 -0.865052 0.323868 -0.0147963 0.945987 1.34198
0.916946 0.114864 -0.38212 1.30588 -0.107525 0.993374 0.0405859 -0.926896 0.38425 0.00387229 0.923221 1.32566
0.918195 0.137892 -0.371354 1.61576 -0.113483 0.989731 0.086916 -1.14547 0.379526 -0.0376634 0.924414 1.32305
0.872737 0.317376 -0.370947 1.75528 -0.269156 0.946737 0.176763 -1.3601 0.407289 -0.0544251 0.911676 1.31
0.831076 0.438039 -0.342687 1.81806 -0.371367 0.895752 0.244365 -1.47606 0.414004 -0.0758231 0.907112 1.31843
0.780418 0.551379 -0.294838 1.87781 -0.46796 0.827808 0.309429 -1.58305 0.414683 -0.103511 0.90406 1.32709
0.717092 0.655419 -0.237074 1.93318 -0.555695 0.742951 0.373131 -1.69259 0.420692 -0.135828 0.896978 1.32438
0.568458 0.811348 -0.136272 2.03161 -0.681531 0.557184 0.474407 -1.88318 0.460838 -0.176806 0.869694 1.3204
0.397191 0.91752 -0.019919 2.14559 -0.782519 0.34993 0.514989 -2.04809 0.479483 -0.188962 0.856965 1.30263
0.287065 0.956313 0.0553103 2.1997 -0.829782 0.219404 0.513151 -2.12103 0.478598 -0.193203 0.856514 1.29647
0.138398 0.982607 0.123811 2.28604 -0.859959 0.0572214 0.507145 -2.25011 0.49124 -0.17666 0.852921 1.28789
0.192229 0.976349 0.0989434 2.54211 -0.880258 0.126978 0.457189 -2.47108 0.433812 -0.174981 0.883849 1.22075
0.327319 0.944641 0.0227137 2.78589 -0.848106 0.283101 0.447851 -2.54923 0.416628 -0.165854 0.89382 1.17844
0.400685 0.912918 -0.0776646 2.95111 -0.814679 0.393784 0.425714 -2.57402 0.419225 -0.107305 0.901519 1.15789
0.525455 0.836477 -0.155572 3.08169 -0.748968 0.541504 0.381864 -2.58348 0.403663 -0.0841336 0.911031 1.15984
0.649509 0.722593 -0.236638 3.17844 -0.658202 0.690138 0.300799 -2.57611 0.380668 -0.0396159 0.923863 1.1675
0.737701 0.610449 -0.288357 3.25416 -0.546717 0.790749 0.275348 -2.56925 0.396104 -0.0454751 0.917079 1.17681
0.843088 0.432329 -0.319835 3.32235 -0.374933 0.898897 0.226737 -2.59157 0.385524 -0.0712423 0.919944 1.15797
0.913362 0.237468 -0.330725 3.3882 -0.19544 0.968306 0.155519 -2.59544 0.357173 -0.0774081 0.930825 1.12281
0.940999 0.0804965 -0.328696 3.47238 -0.0553391 0.994826 0.0852034 -2.58554 0.333854 -0.0619866 0.940585 1.07571
0.949864 0.0684306 -0.305084 3.87168 -0.0462103 0.995765 0.0794774 -2.67773 0.309231 -0.0613947 0.949003 0.985465
0.933623 0.199837 -0.297344 4.01183 -0.168073 0.977287 0.129081 -2.79504 0.316385 -0.0705375 0.946005 0.975175
0.898409 0.344859 -0.271907 4.14057 -0.302718 0.93486 0.185468 -2.93847 0.318155 -0.0843153 0.944282 0.963035
0.855478 0.454912 -0.247413 4.25191 -0.4033 0.884983 0.232709 -3.10535 0.324818 -0.0992954 0.94055 0.95229
0.791189 0.58405 -0.181396 4.34762 -0.528354 0.802147 0.278211 -3.25409 0.307995 -0.124276 0.943236 0.945623
0.692169 0.710539 -0.126634 4.44105 -0.643943 0.687221 0.33625 -3.40057 0.325945 -0.151197 0.93322 0.933805
0.559956 0.823792 -0.0884113 4.55982 -0.745459 0.54751 0.380163 -3.5543 0.361581 -0.146968 0.920684 0.904204
0.396879 0.916944 -0.041246 4.65621 -0.836813 0.379928 0.394207 -3.69486 0.377136 -0.121937 0.918096 0.917097
0.265365 0.964025 0.0154224 4.71094 -0.872283 0.233236 0.429794 -3.80788 0.410735 -0.127505 0.902795 0.921182
0.291531 0.954865 0.0569522 4.88539 -0.874971 0.24213 0.419284 -4.02242 0.38657 -0.172066 0.906067 0.83236
0.438809 0.898579 0.0015388 5.02693 -0.83297 0.406127 0.375795 -4.09116 0.337056 -0.166184 0.926702 0.812435
0.555682 0.828965 -0.0635107 5.17292 -0.769558 0.541759 0.33805 -4.10436 0.314639 -0.138973 0.938983 0.802336
0.685426 0.717622 -0.123323 5.44838 -0.659249 0.683521 0.313352 -4.06398 0.309163 -0.133479 0.941595 0.757205
0.757303 0.632185 -0.16381 5.61979 -0.591494 0.770299 0.238273 -4.04401 0.276815 -0.0835524 0.957284 0.749071
0.829988 0.531088 -0.170486 5.83232 -0.504123 0.845049 0.178191 -4.07251 0.238704 -0.0619509 0.969114 0.714482
0.901329 0.413005 -0.130509 6.25097 -0.3967 0.908107 0.134056 -4.23248 0.173881 -0.0690555 0.982342 0.656803
0.904743 0.401998 -0.140849 6.83685 -0.385029 0.913236 0.133242 -4.34858 0.182192 -0.0663183 0.981024 0.559474
0.878767 0.442711 -0.178254 7.25149 -0.41633 0.893712 0.167176 -4.54338 0.233318 -0.0726964 0.969679 0.520536
0.926274 0.332806 -0.176793 7.61294 -0.315474 0.941406 0.119292 -4.62804 0.206135 -0.0547238 0.976992 0.484323
0.899533 0.37457 -0.224804 8.01041 -0.349454 0.925785 0.144238 -4.6854 0.262147 -0.0511883 0.963669 0.440315
0.882739 0.402327 -0.242703 8.5258 -0.369149 0.913407 0.171511 -4.87362 0.290691 -0.0618061 0.954819 0.384033
0.908072 0.294362 -0.297919 8.97859 -0.259647 0.953823 0.151016 -4.95368 0.328615 -0.0597796 0.94257 0.335091
0.939168 0.208824 -0.272683 9.26812 -0.202805 0.977921 0.0504094 -4.99218 0.277189 0.00795851 0.960782 0.307501
0.965054 0.0667179 -0.253415 9.59946 -0.0636972 0.997767 0.0201159 -5.11073 0.254191 -0.0032711 0.967149 0.247542
0.971547 0.010595 -0.236609 9.90482 -0.00966329 0.99994 0.00509711 -5.17808 0.236649 -0.00266565 0.971591 0.211869
0.959086 0.172808 -0.224258 10.1657 -0.162748 0.984671 0.0627405 -5.29237 0.231663 -0.023676 0.972508 0.166163
0.934409 0.297908 -0.19527 10.3153 -0.2863 0.954284 0.0858716 -5.38156 0.211925 -0.0243336 0.976983 0.151697
0.880224 0.434199 -0.191512 10.4568 -0.414294 0.899908 0.136112 -5.48781 0.231443 -0.0404666 0.972006 0.134031
0.826681 0.532165 -0.182753 10.5873 -0.4993 0.843551 0.19779 -5.59787 0.259419 -0.0722606 0.963058 0.128859
0.767681 0.628817 -0.123512 10.7013 -0.58505 0.766365 0.265334 -5.70898 0.261502 -0.131431 0.956213 0.12354
0.669748 0.738291 -0.0797739 10.9089 -0.689309 0.658055 0.303011 -5.80588 0.276206 -0.147953 0.949642 0.0973189
0.611347 0.787819 -0.0748088 11.2292 -0.74785 0.606059 0.270948 -5.88674 0.258797 -0.109698 0.959683 0.080901
0.682633 0.717718 -0.13745 11.5655 -0.677544 0.692088 0.248894 -6.01191 0.273763 -0.0767748 0.958728 0.0151192
0.764909 0.627775 -0.144269 11.7355 -0.599241 0.775669 0.19811 -6.03659 0.236274 -0.0650845 0.969504 0.0289866
0.834574 0.504129 -0.222125 12.0994 -0.472263 0.862317 0.182694 -6.06797 0.283643 -0.04757 0.957749 -0.0557569
0.875324 0.403994 -0.265702 12.617 -0.382084 0.914654 0.131982 -6.15949 0.296345 -0.0140063 0.954978 -0.1444
0.916094 0.327353 -0.231542 12.875 -0.311727 0.944658 0.10221 -6.20779 0.252187 -0.0214558 0.967441 -0.163914
0.901015 0.368353 -0.229104 13.3161 -0.343837 0.928454 0.140534 -6.22848 0.264478 -0.047849 0.963204 -0.241705
0.866954 0.447872 -0.218636 13.5569 -0.416845 0.892073 0.174488 -6.26918 0.273188 -0.0601358 0.960079 -0.253299
0.851311 0.470143 -0.232885 13.9288 -0.435471 0.880743 0.186163 -6.31962 0.292635 -0.0570677 0.95452 -0.289107
0.812558 0.549439 -0.194594 14.3198 -0.517167 0.833581 0.194118 -6.31086 0.268866 -0.0570944 0.961484 -0.361294
0.757723 0.601774 -0.252435 14.4266 -0.525699 0.792077 0.310249 -6.40293 0.386648 -0.102377 0.916527 -0.302243
0.681511 0.678192 -0.274951 14.4109 -0.567674 0.727034 0.386223 -6.46303 0.461832 -0.107132 0.880474 -0.245213
0.599109 0.753335 -0.271211 14.3809 -0.619404 0.650719 0.439208 -6.48453 0.507353 -0.0951444 0.85647 -0.195548
0.50405 0.835878 -0.217352 14.3322 -0.66534 0.536264 0.519369 -6.51866 0.550687 -0.117175 0.826447 -0.168298
0.407075 0.903112 -0.136671 14.2772 -0.709315 0.406835 0.575637 -6.55186 0.575467 -0.137385 0.806203 -0.151923
0.314192 0.947905 -0.0525346 14.2304 -0.760544 0.284437 0.583668 -6.59406 0.568205 -0.143429 0.810291 -0.146555
0.281247 0.959217 0.0283398 14.2022 -0.865044 0.240629 0.440223 -6.63406 0.41545 -0.148327 0.897441 -0.189422
0.29433 0.9526 0.0769608 14.2095 -0.929292 0.266465 0.255758 -6.63764 0.223128 -0.146796 0.963672 -0.269528
0.318451 0.939792 0.124013 14.212 -0.947115 0.309984 0.0829619 -6.59586 0.0395247 -0.143874 0.988806 -0.346405
0.374493 0.914857 0.15097 14.2365 -0.923277 0.382939 -0.0302938 -6.56061 -0.0855267 -0.128042 0.988074 -0.382956
0.470062 0.862151 0.189045 14.2693 -0.869193 0.489397 -0.0706675 -6.51935 -0.153444 -0.131098 0.979422 -0.41067
0.648856 0.738786 0.182156 14.3312 -0.74719 0.663886 -0.0310213 -6.44559 -0.143849 -0.115977 0.98278 -0.420782
0.737016 0.636217 0.228112 14.3695 -0.644725 0.763077 -0.0451995 -6.39855 -0.202824 -0.113757 0.972585 -0.428951
0.842275 0.525557 0.119846 14.3866 -0.530525 0.84759 0.011608 -6.35412 -0.0954793 -0.0733583 0.992725 -0.429194
0.910083 0.41347 -0.0281518 14.3904 -0.411727 0.909806 0.0522858 -6.32143 0.0472313 -0.0359936 0.998235 -0.401689
0.942284 0.32201 -0.0917058 14.3811 -0.314397 0.945171 0.0883591 -6.31398 0.11513 -0.0544274 0.991858 -0.382689
0.968964 0.19379 -0.153476 14.3839 -0.188649 0.980894 0.0475226 -6.29211 0.159753 -0.0170947 0.987009 -0.3507
0.96906 0.079922 -0.233528 14.3934 -0.0759843 0.996775 0.0258251 -6.2441 0.234838 -0.0072817 0.972007 -0.315546
0.938153 0.0345531 -0.344493 14.4133 -0.0241102 0.999112 0.0345534 -6.20903 0.345381 -0.0241106 0.938153 -0.253618
0.876519 0.0482892 -0.478938 14.4289 -0.0374874 0.998782 0.0320959 -6.18514 0.479905 -0.0101786 0.877262 -0.147024
0.839543 0.130307 -0.527435 14.4306 -0.101191 0.991328 0.0838445 -6.22217 0.533787 -0.0170191 0.845448 -0.0782111
0.806488 0.245504 -0.537871 14.4311 -0.188676 0.969018 0.159393 -6.26509 0.560338 -0.0270653 0.827821 -0.0594446
0.802512 0.387712 -0.453491 14.4289 -0.285773 0.917003 0.278278 -6.32331 0.523745 -0.0937254 0.846704 -0.071008
0.785073 0.487278 -0.382388 14.4278 -0.380875 0.866613 0.322362 -6.35386 0.488462 -0.107435 0.865946 -0.0853178
0.77421 0.561715 -0.291677 14.428 -0.464904 0.817408 0.34016 -6.37867 0.429492 -0.127753 0.893988 -0.0990292
0.727186 0.64693 -0.229527 14.4186 -0.545795 0.747698 0.378228 -6.39884 0.416304 -0.149767 0.896806 -0.0956385
0.637725 0.756447 -0.145239 14.3923 -0.664275 0.635562 0.393447 -6.43576 0.389931 -0.154432 0.907802 -0.0875319
0.520912 0.850873 -0.0683029 14.3544 -0.769191 0.502586 0.394655 -6.4913 0.370129 -0.153043 0.916287 -0.0888522
0.399241 0.916845 -0.00106879 14.3071 -0.841799 0.367024 0.395812 -6.54531 0.363291 -0.157125 0.918331 -0.0976028
0.270636 0.960821 0.0598243 14.2255 -0.905664 0.233045 0.354207 -6.59254 0.326388 -0.150042 0.933252 -0.113419
0.204063 0.971619 0.119645 14.1862 -0.944839 0.163489 0.283816 -6.61811 0.2562 -0.170962 0.951385 -0.167505
0.303119 0.949123 0.0853534 14.2073 -0.941614 0.284533 0.180011 -6.60471 0.146567 -0.134935 0.979955 -0.239924
0.439769 0.897702 0.0270853 14.2545 -0.885942 0.428665 0.177066 -6.56404 0.147342 -0.101864 0.983826 -0.258251
0.567799 0.822898 -0.0210518 14.314 -0.806968 0.561492 0.18311 -6.50055 0.162501 -0.0869814 0.982867 -0.244779
0.679105 0.732342 -0.0499178 14.3587 -0.721445 0.67845 0.138644 -6.44017 0.135401 -0.0581406 0.989083 -0.242194
0.784128 0.617606 -0.0608783 14.3837 -0.60998 0.785063 0.107701 -6.38468 0.11431 -0.0473164 0.992318 -0.267548
0.867418 0.496749 -0.0287326 14.4079 -0.494065 0.866705 0.0687158 -6.31988 0.0590373 -0.0454096 0.997222 -0.307424
0.933864 0.357178 -0.0179463 14.405 -0.35649 0.933719 0.0329281 -6.26907 0.0285179 -0.0243527 0.999297 -0.37309
0.965774 0.259259 0.00809392 14.3662 -0.25911 0.965716 -0.0159798 -6.2563 -0.0119594 0.0133357 0.99984 -0.413046
0.913474 0.406707 -0.0124596 14.2503 -0.406603 0.913549 0.0100779 -6.31567 0.0154812 -0.00413978 0.999872 -0.429965
0.907909 0.418978 0.0125807 14.0583 -0.418944 0.906036 0.0598682 -6.42876 0.0136849 -0.0596255 0.998127 -0.396228
0.902807 0.429989 -0.00698331 13.7372 -0.427988 0.899957 0.0830838 -6.48433 0.0420098 -0.0720199 0.996518 -0.322021
0.870834 0.489043 -0.0498543 13.4562 -0.486449 0.871917 0.0559331 -6.48484 0.0708225 -0.0244569 0.997189 -0.260526
0.90844 0.416806 -0.0317799 13.1143 -0.413993 0.907615 0.0696092 -6.50005 0.0578575 -0.0500791 0.997068 -0.243048
0.89752 0.439834 0.0316719 12.7489 -0.440932 0.894139 0.0780656 -6.50533 0.00601682 -0.0840306 0.996445 -0.219635
0.84706 0.531206 -0.0176109 12.6093 -0.530084 0.846758 0.0448647 -6.47598 0.0387445 -0.0286679 0.998838 -0.202291
0.854397 0.519562 0.00781962 12.3798 -0.519488 0.85374 0.0354928 -6.41796 0.0117648 -0.0343871 0.999339 -0.154225
0.930058 0.366053 0.0315842 12.1845 -0.367283 0.928569 0.0534962 -6.46022 -0.00974573 -0.0613549 0.998068 -0.14151
0.950772 0.30822 0.0321418 11.9194 -0.30827 0.951292 -0.00349578 -6.56228 -0.0316537 -0.00658469 0.999477 -0.105244
0.97032 0.241819 0.00155401 11.7417 -0.241816 0.97032 -0.00190456 -6.76614 -0.00196845 0.00147225 0.999997 -0.0654858
0.987487 0.154183 -0.0331265 11.6855 -0.152015 0.986542 0.060224 -7.03332 0.0419662 -0.0544347 0.997635 -0.112737
0.994504 0.0764574 0.0715236 11.6455 -0.0851724 0.988108 0.128016 -7.2175 -0.0608853 -0.133404 0.98919 -0.117969
0.991245 0.121625 0.0513911 11.5764 -0.124804 0.990116 0.0639885 -7.41306 -0.0431006 -0.0698421 0.996627 -0.0817134
0.995187 0.0874108 0.0442872 11.3307 -0.0895323 0.994806 0.0484239 -7.70691 -0.0398244 -0.052156 0.997845 -0.0283479
0.998663 0.0270771 -0.0440274 11.2246 -0.025348 0.998903 0.0393694 -7.95045 0.0450451 -0.0382008 0.998254 0.000283362
0.999085 0.0405866 -0.013474 11.1458 -0.0389861 0.993908 0.103083 -8.15577 0.0175757 -0.102464 0.994581 0.0253409
0.994654 0.102255 -0.014398 10.9953 -0.101466 0.993695 0.04769 -8.40989 0.0191838 -0.0459742 0.998758 0.0535737
0.995621 0.0898387 -0.0258334 10.803 -0.0894689 0.995875 0.015132 -8.69971 0.0270863 -0.0127545 0.999552 0.103801
0.992809 0.117338 -0.023701 10.7358 -0.115788 0.991541 0.058651 -8.90369 0.0303825 -0.055485 0.997997 0.129274
0.973729 0.213207 -0.079964 10.6692 -0.207214 0.975257 0.0770492 -9.04271 0.0944128 -0.0584554 0.993815 0.187507
0.944686 0.251634 -0.210354 10.5608 -0.236274 0.966969 0.0956382 -9.11577 0.227471 -0.040647 0.972936 0.270521
0.907034 0.272969 -0.320588 10.4426 -0.252754 0.961932 0.103936 -9.16042 0.336755 -0.0132433 0.941499 0.349016
0.941367 0.279977 -0.188258 10.3582 -0.272427 0.959952 0.0653885 -9.31569 0.199026 -0.0102679 0.97994 0.350399
0.907198 0.403825 -0.117974 10.3347 -0.380518 0.907222 0.179315 -9.43026 0.17944 -0.117783 0.976693 0.33814
0.874936 0.481794 -0.048593 10.2908 -0.463286 0.862052 0.205504 -9.53651 0.1409 -0.157291 0.977449 0.335235
0.792491 0.607196 -0.0571963 10.2497 -0.591058 0.787764 0.17343 -9.57888 0.150363 -0.103636 0.983184 0.351489
0.70635 0.707675 -0.0162786 10.1388 -0.697875 0.700049 0.151334 -9.6542 0.118491 -0.0955343 0.988349 0.349066
0.674977 0.737809 -0.00660499 10.0844 -0.726885 0.666466 0.165713 -9.71997 0.126667 -0.107052 0.986152 0.372503
0.808013 0.585585 -0.064852 10.0511 -0.580198 0.810011 0.0851651 -9.80248 0.102402 -0.0311875 0.994254 0.369916
0.888504 0.448962 -0.0948324 10.0307 -0.449145 0.893221 0.0206192 -9.88151 0.0939636 0.0242733 0.99528 0.365738
0.949667 0.313108 0.00982951 10.0007 -0.313248 0.948863 0.03918 -9.93058 0.00294072 -0.0402871 0.999184 0.3404
0.977739 0.204397 0.0474152 9.93928 -0.204285 0.978885 -0.00723624 -9.9677 -0.0478931 -0.00261107 0.998849 0.310586
0.997598 0.0533214 0.044208 9.84681 -0.0509523 0.997289 -0.0530869 -9.98621 -0.0469188 0.0507069 0.997611 0.295978
0.994478 -0.102158 0.024048 9.73805 0.102685 0.994474 -0.0218351 -9.9564 -0.0216845 0.0241839 0.999472 0.324155
0.954725 -0.221375 -0.198729 9.69259 0.203875 0.973367 -0.104837 -9.96465 0.216645 0.059574 0.974431 0.401808
0.918173 -0.298604 -0.260373 9.67543 0.266011 0.951691 -0.153373 -9.9652 0.293592 0.0715605 0.953248 0.42021
0.93157 -0.32677 -0.159369 9.67954 0.302108 0.939633 -0.160688 -10.1161 0.202256 0.101545 0.974054 0.403884
0.920931 -0.389396 0.0159972 9.62787 0.387873 0.911787 -0.134903 -10.1376 0.0379448 0.130442 0.99073 0.345173
0.891573 -0.434993 0.12601 9.57461 0.447105 0.889733 -0.0920467 -10.1064 -0.0720754 0.138406 0.987749 0.309657
0.930456 -0.331022 0.157088 9.54847 0.343595 0.93718 -0.0603017 -10.1405 -0.127258 0.110083 0.985742 0.272751
0.970504 -0.151494 0.187539 9.53447 0.151272 0.988369 0.0155824 -10.2029 -0.187718 0.0132466 0.982134 0.244878
0.970786 0.00355144 0.23992 9.514 -0.000715768 0.999929 -0.0119053 -10.2853 -0.239945 0.0113858 0.97072 0.220343
0.961504 0.12215 0.246148 9.5055 -0.113948 0.992358 -0.0473487 -10.3735 -0.250051 0.0174777 0.968075 0.211163
0.930973 0.29931 0.209051 9.45559 -0.295664 0.954022 -0.0492371 -10.6006 -0.214177 -0.0159706 0.976664 0.221112
0.914622 0.346002 0.209161 9.40451 -0.354385 0.935095 0.00279173 -10.7784 -0.194619 -0.0766769 0.977877 0.25171
0.901939 0.418339 0.107228 9.36007 -0.422872 0.905907 0.0226427 -10.8814 -0.0876665 -0.0657662 0.993977 0.314559
0.905201 0.42475 -0.0140599 9.32001 -0.424343 0.905158 0.024927 -11.0214 0.0233142 -0.0165977 0.99959 0.383792
0.945014 0.327021 0.00259344 9.26829 -0.326798 0.94401 0.0452488 -11.1951 0.0123491 -0.0436082 0.998972 0.387685
0.977513 0.210414 -0.0139205 9.16454 -0.209922 0.977242 0.0305 -11.326 0.0200213 -0.0268919 0.999438 0.407593
0.964422 0.233095 -0.124729 8.98259 -0.226116 0.971748 0.0676557 -11.5331 0.136976 -0.0370453 0.989881 0.455329
0.926965 0.269961 -0.260493 8.88441 -0.249481 0.962183 0.109373 -11.9075 0.280169 -0.0363972 0.959261 0.518772
0.953235 0.279153 -0.115834 8.82866 -0.273069 0.959745 0.0657531 -12.2106 0.129526 -0.0310474 0.99109 0.489657
0.961733 0.27192 0.0336022 8.72043 -0.272441 0.962098 0.011966 -12.3558 -0.0290748 -0.0206627 0.999364 0.454675
0.965076 0.249437 0.0800527 8.52852 -0.247686 0.968336 -0.0312722 -12.5762 -0.0853183 0.0103522 0.9963 0.468786
0.977094 0.200859 0.070311 8.49959 -0.204654 0.977469 0.0516733 -12.8479 -0.0583478 -0.0648791 0.996186 0.484138
0.978542 0.200004 0.0495443 8.42562 -0.198616 0.979569 -0.0315635 -12.9983 -0.0548449 0.0210459 0.998273 0.509652
0.974314 0.225134 0.00511303 8.28387 -0.22511 0.974321 -0.00483534 -13.1678 -0.00607034 0.00356015 0.999975 0.511426
0.943067 0.332601 -0.000848986 8.21261 -0.332572 0.943014 0.0110188 -13.3746 0.00446545 -0.0101091 0.999939 0.552569
0.966232 0.250197 -0.0616256 8.20558 -0.249399 0.968185 0.020437 -13.5957 0.0647783 -0.00437754 0.99789 0.556136
0.975379 0.220501 0.00402769 8.15902 -0.220412 0.974048 0.0514583 -13.8473 0.00742341 -0.051079 0.998667 0.569959
0.972562 0.231833 -0.0194015 7.97098 -0.231134 0.972371 0.0327406 -14.0755 0.0264558 -0.0273579 0.999276 0.599198
0.995016 0.0949755 -0.0303829 7.80987 -0.093819 0.994884 0.0374606 -14.3699 0.0337853 -0.0344234 0.998836 0.574863
0.997823 -0.0166986 0.0637922 7.7189 0.0129441 0.998185 0.0588211 -14.4788 -0.0646586 -0.0578674 0.996228 0.544505
0.995939 -0.0795062 0.0422513 7.55245 0.0810013 0.996102 -0.034936 -14.5811 -0.039309 0.0382165 0.998496 0.577746
0.984572 -0.119156 0.128141 7.24578 0.121882 0.992451 -0.0136229 -14.7747 -0.125551 0.0290309 0.991662 0.6004
0.977713 -0.202778 0.054391 7.08062 0.204108 0.978742 -0.020083 -14.938 -0.0491624 0.030737 0.998318 0.613283
0.954992 -0.277409 0.105046 6.8849 0.277611 0.960606 0.0129889 -15.0796 -0.104511 0.0167576 0.994383 0.622519
0.952714 -0.25985 0.157521 6.50142 0.264828 0.964232 -0.0111049 -15.2518 -0.149001 0.0522957 0.987453 0.671213
0.940839 -0.327956 0.0852446 6.23819 0.330805 0.943457 -0.0213777 -15.409 -0.0734137 0.0483123 0.996131 0.71953
0.948619 -0.306568 0.0783508 5.85954 0.310393 0.949671 -0.042198 -15.5411 -0.061471 0.0643493 0.996032 0.778013
0.947458 -0.307024 0.0897776 5.44979 0.314489 0.945362 -0.0859484 -15.6362 -0.0584842 0.109667 0.992246 0.81337
0.949176 -0.294296 0.111601 5.18615 0.296111 0.955153 0.00032704 -15.7636 -0.106693 0.0327359 0.993753 0.834723
0.983956 -0.141997 0.108011 4.8554 0.145099 0.989186 -0.0213849 -15.8043 -0.103806 0.0367142 0.99392 0.860442
0.99062 -0.109532 0.0816972 4.54948 0.112156 0.993289 -0.028232 -15.7929 -0.0780566 0.03713 0.996257 0.916957
0.99551 -0.046618 0.0823839 4.1829 0.0481743 0.998694 -0.0170041 -15.8351 -0.0814837 0.0208966 0.996456 1.00299
0.996776 0.0411702 0.06887 3.85468 -0.0415349 0.99913 0.00387169 -15.8126 -0.0686506 -0.00671972 0.997618 1.01511
0.995591 -0.0233209 0.0908566 3.53075 0.0258949 0.999293 -0.0272552 -15.8082 -0.0901567 0.0294877 0.995491 1.05256
0.980544 -0.139867 0.137732 3.33876 0.139284 0.990155 0.01391 -15.8454 -0.138321 0.00554445 0.990372 1.04517
0.967032 -0.228075 0.11327 3.20195 0.233944 0.971369 -0.0413727 -15.7359 -0.100591 0.0665075 0.992703 1.08105
0.920792 -0.370248 0.12271 3.16325 0.380536 0.921785 -0.0741999 -15.6653 -0.0856397 0.115018 0.989665 1.08634
0.857276 -0.500514 0.120677 3.18345 0.506181 0.862199 -0.0198334 -15.6842 -0.0941208 0.0780871 0.992494 1.08616
0.773595 -0.619622 0.132741 3.20411 0.624822 0.780761 0.00314772 -15.7098 -0.105589 0.0805043 0.991146 1.06775
0.691442 -0.711749 0.123775 3.29918 0.716432 0.697596 0.00922832 -15.6798 -0.0929134 0.0822957 0.992267 1.04224
0.626046 -0.768919 0.12973 3.50764 0.775806 0.630958 -0.00412561 -15.6423 -0.0786816 0.103228 0.991541 1.04363
0.516047 -0.845269 0.13862 3.68924 0.846938 0.527713 0.064919 -15.7096 -0.128026 0.0839012 0.988216 1.00065
0.469441 -0.856599 0.214155 3.76936 0.849162 0.504456 0.15636 -15.7736 -0.24197 0.108451 0.964204 0.962252
0.469061 -0.86277 0.188706 3.81721 0.85349 0.497755 0.154256 -15.8081 -0.227017 0.0887037 0.969843 0.968209
0.475734 -0.8705 0.12612 3.82119 0.876477 0.481204 0.0152083 -15.7817 -0.0739283 0.103306 0.991898 1.05274
0.404946 -0.903721 0.13895 3.68064 0.909565 0.413664 0.0396762 -15.7121 -0.0933347 0.110317 0.989504 1.07073
0.374753 -0.906546 0.194253 3.3456 0.914295 0.3961 0.0846765 -15.5822 -0.153707 0.145872 0.97729 1.07903
0.284948 -0.936566 0.204081 3.20144 0.928583 0.322527 0.183605 -15.4816 -0.23778 0.137188 0.961582 1.02788
0.225696 -0.943871 0.241184 2.95165 0.934181 0.279915 0.221253 -15.2888 -0.276345 0.175374 0.944922 1.01276
0.404511 -0.872832 0.273013 2.79913 0.88016 0.452631 0.142984 -15.243 -0.248375 0.182456 0.951325 1.02839
0.573861 -0.747015 0.335637 2.68993 0.759987 0.638461 0.1216 -15.2476 -0.305128 0.185298 0.93411 1.0326
0.686987 -0.642942 0.338636 2.58983 0.661544 0.746181 0.0746493 -15.2975 -0.300679 0.17274 0.937952 1.04659
0.789541 -0.533559 0.303215 2.46729 0.547684 0.835521 0.0441279 -15.3831 -0.276887 0.131225 0.9519 1.06616
0.869177 -0.402704 0.286987 2.25238 0.416939 0.908848 0.0125532 -15.4986 -0.265883 0.108745 0.957852 1.12237
0.927519 -0.267656 0.260902 2.09687 0.283329 0.95873 -0.0237003 -15.5314 -0.243791 0.0959035 0.965074 1.13774
0.956319 -0.152897 0.24915 1.9652 0.170369 0.98411 -0.0500102 -15.5324 -0.237545 0.0902732 0.967173 1.14865
0.966082 -0.046111 0.254084 1.73036 0.0552733 0.998049 -0.0290358 -15.5395 -0.25225 0.0420951 0.966746 1.1703
0.976814 0.0184237 0.213297 1.34651 -0.00701822 0.998511 -0.0541065 -15.509 -0.213976 0.051355 0.975488 1.21712
0.97951 0.00908247 0.201189 1.07422 0.0115055 0.994827 -0.100926 -15.3769 -0.201065 0.101173 0.974339 1.27066
0.979 -0.0711669 0.191037 0.866651 0.0764353 0.996867 -0.0203426 -15.4046 -0.188991 0.0345174 0.981372 1.29954
0.982052 -0.0337161 0.185572 0.647791 0.0305121 0.999332 0.0200954 -15.324 -0.186126 -0.0140725 0.982425 1.32409
0.987109 0.0809997 0.138036 0.55771 -0.0779555 0.996582 -0.0273276 -15.1639 -0.139778 0.0162147 0.99005 1.33331
0.982064 0.120936 0.144656 0.319282 -0.125024 0.991963 0.019476 -14.8326 -0.141137 -0.0372121 0.98929 1.38167
0.988886 0.0823153 0.123809 0.25643 -0.0811987 0.996599 -0.0140469 -14.3556 -0.124544 0.00383766 0.992207 1.40142
0.995761 -0.00743791 0.0916788 0.312089 0.00287545 0.998755 0.0497977 -14.0137 -0.0919351 -0.049323 0.994543 1.37669
0.988563 -0.0819662 0.126587 0.39681 0.0843171 0.99635 -0.013317 -13.7122 -0.125033 0.0238381 0.991866 1.34843
0.992268 -0.0263414 0.121285 0.38648 0.0320547 0.998455 -0.0453987 -13.2727 -0.119902 0.0489354 0.991579 1.34645
0.996244 0.0135311 0.0855306 0.431442 -0.0118102 0.999718 -0.0205948 -12.674 -0.0857852 0.0195073 0.996123 1.34783
0.99146 0.0836888 0.10002 0.38993 -0.0819936 0.996413 -0.0209478 -12.224 -0.101414 0.0125679 0.994765 1.3323
0.987859 0.122171 0.0959613 0.41037 -0.12384 0.992234 0.0116037 -11.8329 -0.0937985 -0.0233466 0.995317 1.32256
0.993631 0.0948793 0.0607885 0.471506 -0.0933386 0.995249 -0.0277085 -11.3264 -0.0631286 0.0218581 0.997766 1.32119
0.986071 0.143056 0.0848412 0.470922 -0.145448 0.989106 0.0226886 -10.983 -0.0806712 -0.0347126 0.996136 1.32246
0.989404 0.130897 0.0628088 0.519827 -0.128622 0.990926 -0.0390075 -10.6926 -0.0673449 0.0305156 0.997263 1.30851
0.997854 0.0213052 0.0619163 0.510943 -0.0207648 0.999741 -0.00935951 -10.4182 -0.0620997 0.00805375 0.998037 1.30762
0.996074 0.0457372 0.0757984 0.419374 -0.0475615 0.998616 0.0224395 -10.0732 -0.0746672 -0.0259565 0.996871 1.32005
0.995677 0.0631638 0.0680981 0.419685 -0.061963 0.997886 -0.0196051 -9.53078 -0.0691924 0.0153008 0.997486 1.31114
0.975856 0.184325 0.117169 0.42629 -0.182084 0.982836 -0.0296454 -9.15035 -0.120622 0.0075951 0.992669 1.2886
0.984075 0.154614 0.0876968 0.506916 -0.152676 0.987867 -0.0284382 -8.58325 -0.0910297 0.0145962 0.995741 1.27942
0.992346 0.0996887 0.0728792 0.542948 -0.0993852 0.995019 -0.00778805 -8.15293 -0.0732925 0.000485335 0.99731 1.26303
0.97492 0.188539 0.118253 0.544716 -0.185206 0.981939 -0.0386664 -7.93013 -0.123407 0.0157956 0.99223 1.25946
0.972693 0.20756 0.103863 0.607509 -0.205771 0.978206 -0.0277721 -7.52393 -0.107364 0.00564163 0.994204 1.239
0.97282 0.20853 0.10068 0.531787 -0.210184 0.977644 0.00598798 -7.12381 -0.0971805 -0.0269865 0.994901 1.24764
0.977094 0.176344 0.11912 0.480997 -0.17734 0.984147 -0.00227036 -6.70865 -0.117632 -0.0189064 0.992877 1.22116
0.983568 0.131552 0.123643 0.480381 -0.132488 0.991184 -0.000654185 -6.39526 -0.122639 -0.0157378 0.992327 1.21875
0.973983 0.178561 0.139545 0.38089 -0.175155 0.983867 -0.0364231 -6.02126 -0.143797 0.0110336 0.989546 1.23966
0.984886 0.139928 0.102075 0.374331 -0.138677 0.99015 -0.0192816 -5.59051 -0.103768 0.00483473 0.99459 1.2238
0.991292 0.0606458 0.116882 0.39353 -0.0605934 0.998154 -0.00400548 -5.20433 -0.116909 -0.00311167 0.993138 1.22896
0.985064 0.145059 0.0927749 0.364113 -0.141807 0.989054 -0.0407718 -4.78528 -0.0976738 0.0270067 0.994852 1.22847
0.969386 0.231848 0.0808582 0.358527 -0.230521 0.972733 -0.0255091 -4.43836 -0.0845677 0.00608866 0.996399 1.22247
0.97202 0.214249 0.0962992 0.342501 -0.213302 0.976779 -0.020149 -4.00226 -0.0983799 -0.000955547 0.995148 1.21304
0.956775 0.265042 0.11973 0.304381 -0.265659 0.964003 -0.01107 -3.50552 -0.118354 -0.0212158 0.992745 1.19646
0.974192 0.19849 0.107481 0.417407 -0.198725 0.980017 -0.00862044 -3.08182 -0.107044 -0.0129613 0.99417 1.18135
0.971303 0.181122 0.15416 0.374917 -0.17631 0.983331 -0.0444502 -2.55366 -0.159641 0.0159947 0.987046 1.15048
0.968661 0.109242 0.223072 0.381173 -0.0985767 0.993412 -0.0584342 -2.21967 -0.227986 0.0346132 0.973049 1.09473
0.960955 0.132032 0.243173 0.290927 -0.121082 0.990857 -0.0595105 -1.92727 -0.248807 0.0277431 0.968156 1.08038
0.933863 0.271729 0.232515 0.308448 -0.271296 0.961878 -0.0344777 -1.81411 -0.23302 -0.030883 0.971981 1.08881
0.915239 0.343169 0.211124 0.403417 -0.338311 0.939127 -0.0598861 -1.67208 -0.218823 -0.0166155 0.975623 1.11685
0.892357 0.412834 0.182393 0.438679 -0.409574 0.910494 -0.0570012 -1.53471 -0.1896 -0.0238381 0.981572 1.16688
0.897583 0.404427 0.175452 0.44937 -0.400042 0.914444 -0.0613043 -1.44478 -0.185234 -0.0151622 0.982577 1.19304
0.897268 0.378671 0.226975 0.472023 -0.366249 0.925526 -0.0962478 -1.2828 -0.246517 0.00323071 0.969133 1.1447
0.853195 0.410608 0.32165 0.428808 -0.392254 0.911569 -0.123203 -1.13292 -0.343794 -0.0210527 0.938809 1.07908
0.846007 0.39773 0.355081 0.272142 -0.381818 0.916779 -0.117185 -1.06522 -0.372139 -0.0364372 0.927462 1.08408
0.807841 0.500827 0.310751 0.225795 -0.496875 0.862271 -0.0979956 -1.02233 -0.31703 -0.0752396 0.945426 1.09895
0.780291 0.594439 0.194391 0.225381 -0.593778 0.801732 -0.0682181 -0.893823 -0.196401 -0.0621953 0.978549 1.11493
0.833714 0.526611 0.16614 0.180411 -0.534577 0.845111 0.00384943 -0.647134 -0.13838 -0.092024 0.986095 1.10818
0.875713 0.47896 0.0610186 0.141744 -0.481441 0.875775 0.0351144 -0.537877 -0.0366202 -0.060127 0.997519 1.10547
0.93385 0.344085 0.0976189 0.0703882 -0.348313 0.936909 0.0296686 -0.254714 -0.0812515 -0.0617079 0.994782 1.0849
0.951394 0.280587 0.126963 0.0711143 -0.286915 0.957343 0.0342736 -0.0545223 -0.111931 -0.0690354 0.991315 1.00316
0.982555 0.130041 0.132945 0.0584444 -0.132423 0.991151 0.00919189 0.000424944 -0.130573 -0.0266365 0.991081 0.864779
0.995121 -0.0156741 0.0974056 0.0369453 0.0167759 0.999804 -0.0105024 0.0204262 -0.0972219 0.0120852 0.995189 0.629078
0.99832 0.00261696 0.0578858 0.0187396 -0.00138142 0.999771 -0.0213742 0.0713461 -0.0579284 0.0212583 0.998094 0.26479
0.998899 -0.0349637 0.0312735 0.0307511 0.0348414 0.999383 0.00444786 0.100572 -0.0314097 -0.00335335 0.999501 0.113523
0.99889 0.0177686 0.04363 0.0286367 -0.0173919 0.999808 -0.00899867 0.0960481 -0.0437815 0.00822987 0.999007 0.0972129
