0.999775 -0.0116195 -0.0177578 -0.0156011 0.0113228 0.999796 -0.0167191 0.0053446 0.0179484 0.0165143 0.999703 -0.00742479
0.999508 -0.0309299 -0.00526826 -0.884378 0.0308663 0.999454 -0.0117607 0.496936 0.00562914 0.0115923 0.999917 -0.113637
0.998235 -0.0593799 0.00116059 -2.86664 0.0593912 0.99807 -0.0181161 0.836629 -8.26174e-05 0.018153 0.999835 -0.0333064
0.995919 -0.0901731 -0.00363318 -5.09708 0.0900301 0.995513 -0.0291129 1.57196 0.00624208 0.028667 0.99957 0.0540965
0.990665 -0.136291 -0.00286542 -6.37581 0.136212 0.990495 -0.0191405 3.18356 0.00544686 0.0185715 0.999813 0.142266
0.984069 -0.177641 -0.00723148 -6.81635 0.177001 0.982725 -0.0540531 3.19071 0.0167086 0.051912 0.998512 0.245328
0.984087 -0.176933 -0.016328 -8.46056 0.175981 0.983222 -0.048006 2.60021 0.0245479 0.0443687 0.998714 0.396454
0.983894 -0.177905 -0.0174095 -12.4927 0.177419 0.983783 -0.0263291 0.721664 0.0218113 0.0228162 0.999502 0.388179
0.985314 -0.170743 -0.00155538 -14.8811 0.170558 0.984595 -0.0384982 0.132651 0.00810472 0.0376676 0.999257 0.29828
0.9852 -0.171184 -0.00879166 -17.6522 0.170844 0.984819 -0.0307094 0.023925 0.0139151 0.0287529 0.99949 0.375119
0.984891 -0.172736 -0.0123734 -20.4861 0.172009 0.984028 -0.0458373 0.316092 0.0200935 0.0430164 0.998872 0.362108
0.982907 -0.18376 -0.0112417 -23.1332 0.183202 0.982304 -0.0389424 0.525439 0.0181988 0.0362173 0.999178 0.468086
0.982609 -0.185665 -0.00266164 -26.0175 0.185467 0.982054 -0.0342333 0.695931 0.0089698 0.0331443 0.99941 0.401798
0.984262 -0.176711 0.00156725 -29.5707 0.176646 0.983575 -0.0370943 -0.171501 0.00501344 0.0367874 0.999311 0.38293
0.986807 -0.16188 0.00254914 -32.6761 0.161852 0.986015 -0.0397192 -1.37582 0.00391623 0.0396077 0.999208 0.408611
0.990105 -0.140031 0.00915932 -35.7442 0.140285 0.989323 -0.0394896 -2.39866 -0.00353179 0.0403837 0.999178 0.408935
0.992609 -0.120831 0.0112919 -39.4375 0.121159 0.992008 -0.035212 -3.8208 -0.00694698 0.0363198 0.999316 0.406017
0.992125 -0.124986 0.00816645 -42.896 0.125144 0.991868 -0.0231754 -4.83026 -0.00520343 0.0240149 0.999698 0.529101
0.992669 -0.120766 0.00495613 -45.0024 0.120859 0.992254 -0.0287314 -4.89864 -0.00144797 0.0291198 0.999575 0.616184
0.992692 -0.120363 0.00871994 -47.3436 0.120525 0.992479 -0.021441 -4.87189 -0.00607366 0.0223353 0.999732 0.645308
0.992249 -0.123711 0.011723 -51.0185 0.124008 0.991843 -0.0294758 -4.92059 -0.00798093 0.0307011 0.999497 0.801198
0.991927 -0.126617 0.00695124 -53.4804 0.126765 0.991527 -0.0283735 -4.97218 -0.00329977 0.0290256 0.999573 0.883337
0.992129 -0.125128 0.00479994 -56.464 0.125213 0.991747 -0.0275595 -5.03436 -0.00131185 0.0279436 0.999609 1.00496
0.991433 -0.13059 0.00279691 -58.8688 0.130615 0.990979 -0.0300157 -5.16155 0.00114807 0.0301238 0.999546 1.11704
0.990673 -0.136009 0.00833015 -61.9405 0.136208 0.990171 -0.0317638 -5.35297 -0.00392811 0.0326021 0.999461 1.19363
0.989986 -0.141037 0.00607964 -64.2935 0.141162 0.989433 -0.0331067 -5.54379 -0.00134611 0.0336334 0.999433 1.23844
0.988698 -0.14945 0.0118491 -67.8926 0.149813 0.987882 -0.04057 -5.90345 -0.00564232 0.0418866 0.999106 1.33676
0.988804 -0.148831 0.0108151 -70.1659 0.149157 0.987929 -0.0418258 -6.17979 -0.0044596 0.0429706 0.999066 1.39737
0.989252 -0.146018 0.00770248 -73.0633 0.14622 0.98807 -0.048347 -6.44885 -0.000551063 0.0489536 0.998801 1.52015
0.987722 -0.15592 0.00965049 -75.5131 0.156194 0.986786 -0.0430935 -6.73409 -0.00280382 0.0440717 0.999024 1.56317
0.987547 -0.156431 0.0167207 -79.1269 0.157014 0.986678 -0.0425758 -7.1492 -0.00983779 0.044671 0.998953 1.62113
0.988113 -0.152554 0.0189979 -81.5392 0.153187 0.987458 -0.0382092 -7.41216 -0.0129307 0.0406653 0.999089 1.65435
0.988436 -0.150857 0.015379 -84.5064 0.151364 0.987662 -0.0401488 -7.7794 -0.00913256 0.0420123 0.999075 1.78146
0.988572 -0.149631 0.0183251 -87.4769 0.150274 0.987792 -0.0410358 -8.24837 -0.0119612 0.0433207 0.99899 1.90009
0.989049 -0.146115 0.0207818 -89.904 0.146955 0.988015 -0.0472264 -8.63503 -0.0136323 0.0497632 0.998668 1.96532
0.990583 -0.135729 0.01797 -92.3005 0.136452 0.989468 -0.0483042 -8.97867 -0.0112245 0.0503014 0.998671 2.09368
0.992122 -0.123677 0.0199573 -96.5762 0.124578 0.990789 -0.0530754 -9.44977 -0.0132093 0.0551435 0.998391 2.23692
0.992918 -0.117184 0.019559 -101.128 0.117953 0.992026 -0.0444063 -9.84398 -0.0141993 0.0463989 0.998822 2.43863
0.993941 -0.107512 0.0228529 -105.831 0.108559 0.992783 -0.0509546 -10.3679 -0.0172097 0.0531268 0.998439 2.56347
0.993439 -0.112122 0.0225305 -109.793 0.113144 0.992278 -0.0508158 -10.7384 -0.016659 0.0530316 0.998454 2.74549
0.993013 -0.114245 0.0295391 -114.85 0.115522 0.992245 -0.0458708 -11.1908 -0.0240695 0.0489628 0.998511 2.96291
0.992397 -0.120377 0.0256551 -121.129 0.121416 0.991639 -0.0437112 -11.8386 -0.0201788 0.0464937 0.998715 3.26707
0.992148 -0.122884 0.0232653 -126.317 0.123837 0.991268 -0.0453026 -12.4663 -0.0174951 0.047828 0.998702 3.50844
0.991793 -0.124758 0.0279672 -132.623 0.125921 0.991035 -0.0446467 -13.2403 -0.0221464 0.047802 0.998611 3.80424
0.991282 -0.129648 0.0234628 -138.79 0.1306 0.990413 -0.0450195 -13.9941 -0.0174011 0.0476912 0.998711 4.09187
0.990818 -0.133131 0.0235802 -143.669 0.134101 0.989902 -0.0459539 -14.6062 -0.0172242 0.048694 0.998665 4.32353
0.990283 -0.136535 0.0264004 -149.48 0.137613 0.989483 -0.0445715 -15.3862 -0.0200372 0.0477715 0.998657 4.60192
0.989973 -0.138993 0.0251855 -155.122 0.14009 0.988931 -0.0488877 -16.1804 -0.0181117 0.0519257 0.998487 4.88219
0.989275 -0.142054 0.0339989 -159.379 0.143586 0.988479 -0.0478854 -16.7769 -0.0268048 0.0522536 0.998274 5.10383
0.988302 -0.145758 0.0448822 -164.546 0.147877 0.987831 -0.0481811 -17.5286 -0.0373133 0.0542545 0.99783 5.39221
0.987752 -0.148284 0.048564 -168.538 0.150484 0.987575 -0.0452878 -18.1112 -0.0412451 0.0520412 0.997793 5.63264
0.987237 -0.152581 0.045622 -173.471 0.154775 0.986724 -0.0491907 -18.8589 -0.0375108 0.055624 0.997747 5.94461
0.986588 -0.154706 0.0520581 -178.226 0.157296 0.986285 -0.0499984 -19.5927 -0.0436091 0.0575163 0.997392 6.25608
0.986283 -0.157921 0.0480245 -182.814 0.160465 0.985522 -0.0547525 -20.3205 -0.0386826 0.0617077 0.997344 6.54445
0.986659 -0.155063 0.0496012 -187.173 0.157988 0.985507 -0.0617671 -21.0044 -0.0393045 0.0687794 0.996857 6.82059
0.988067 -0.145249 0.0512547 -191.271 0.148674 0.986341 -0.0709067 -21.6431 -0.0402554 0.0776808 0.996165 7.08625
0.991003 -0.121115 0.0569656 -194.356 0.125287 0.989169 -0.0764669 -22.0386 -0.0470873 0.0829159 0.995443 7.29612
0.995601 -0.0699717 0.0623104 -198.031 0.0752461 0.993383 -0.0867641 -22.3753 -0.0558271 0.0910711 0.994278 7.55988
0.998506 -0.0195103 0.0510307 -200.825 0.0244232 0.994936 -0.0974952 -22.438 -0.0488701 0.098596 0.993927 7.76688
0.996989 0.0603695 0.0486662 -204.198 -0.0552365 0.993384 -0.100683 -22.2501 -0.0544224 0.0976921 0.993728 8.03889
0.990533 0.128485 0.0483242 -206.779 -0.123124 0.987228 -0.101099 -21.9172 -0.0606968 0.0941925 0.993702 8.27067
0.974304 0.220215 0.0472885 -209.836 -0.21472 0.971518 -0.100239 -21.3188 -0.0680159 0.0875099 0.993839 8.54687
0.955106 0.293433 0.0408641 -212.11 -0.28857 0.952639 -0.0959495 -20.5697 -0.0670835 0.0798498 0.994547 8.77685
0.884384 0.465796 0.0299905 -217.241 -0.462821 0.883438 -0.0730384 -18.2788 -0.0605157 0.0507138 0.996878 9.29942
0.756381 0.653069 0.0372638 -221.938 -0.649588 0.75661 -0.0746723 -14.5521 -0.0769603 0.0322746 0.996512 9.90407
0.468499 0.883025 0.0278296 -230.03 -0.880969 0.46931 -0.0603513 -11.2811 -0.0663524 0.00375752 0.997789 10.6181
0.277076 0.960845 0.0025193 -234.288 -0.959684 0.276869 -0.0484741 -13.7456 -0.0472736 0.0110133 0.998821 11.1147
0.187527 0.982259 0.000230229 -237.968 -0.981234 0.187342 -0.0456323 -17.6942 -0.0448659 0.00833138 0.998958 11.0538
0.109699 0.993674 -0.0240604 -241.857 -0.993254 0.108673 -0.0404664 -23.0424 -0.0375957 0.0283372 0.998891 10.9644
0.0706611 0.997064 -0.029502 -243.926 -0.997163 0.0698377 -0.0280657 -27.8274 -0.0259229 0.0314014 0.999171 10.8251
0.0793534 0.996347 -0.0315412 -245.161 -0.996557 0.0785284 -0.026587 -30.5891 -0.024013 0.0335424 0.999149 10.7375
0.0682374 0.996596 -0.0462587 -246.962 -0.997508 0.0673204 -0.0211008 -34.263 -0.0179148 0.0475833 0.998707 10.6451
0.0651402 0.995981 -0.061475 -248.582 -0.997772 0.06412 -0.0184267 -37.7973 -0.0144109 0.0625384 0.997939 10.5674
0.0591953 0.996497 -0.0590651 -250.614 -0.998246 0.0590125 -0.0048374 -42.3879 -0.00133487 0.0592479 0.998242 10.4678
0.0619723 0.996059 -0.0634549 -252.286 -0.998069 0.0615798 -0.0081236 -46.1328 -0.00418405 0.0638358 0.997952 10.3238
0.0464631 0.994929 -0.0892032 -254.274 -0.998917 0.046071 -0.00645058 -51.099 -0.00230818 0.0894064 0.995993 10.1984
0.0620778 0.994844 -0.0801953 -255.769 -0.998071 0.0617784 -0.00621183 -56.7055 -0.00122546 0.0804262 0.99676 9.92041
0.0476292 0.995117 -0.0864481 -257.338 -0.998865 0.0475391 -0.00310115 -62.261 0.00102366 0.0864976 0.996252 9.67036
0.0531073 0.995245 -0.0816538 -258.6 -0.998588 0.0528311 -0.00554153 -66.7049 -0.00120132 0.0818328 0.996645 9.45536
0.0334103 0.995168 -0.0923252 -260.34 -0.999437 0.0335384 -0.000163987 -72.5447 0.00293324 0.0922787 0.995729 9.24791
0.0320923 0.995943 -0.0840744 -261.813 -0.999485 0.0319705 -0.00279443 -77.212 -9.51898e-05 0.0841207 0.996456 8.98514
0.0210933 0.99573 -0.0898763 -262.56 -0.999777 0.0210881 -0.00100706 -81.3179 0.000892561 0.0898775 0.995952 8.79718
0.0117809 0.996167 -0.0866792 -263.479 -0.999927 0.0119791 0.00176716 -85.2668 0.00279873 0.086652 0.996235 8.66723
0.0134993 0.995568 -0.0930687 -264.121 -0.999906 0.0136549 0.00103444 -88.3425 0.0023007 0.093046 0.995659 8.47658
0.0130679 0.99541 -0.0948024 -264.192 -0.99991 0.0127156 -0.0043193 -91.5809 -0.003094 0.0948503 0.995487 8.28467
0.0126556 0.995138 -0.0976761 -264.216 -0.99991 0.0121594 -0.00567362 -95.0569 -0.00445836 0.0977391 0.995202 8.25234
0.0159702 0.995472 -0.0937006 -264.073 -0.999869 0.0156652 -0.00398964 -97.7916 -0.00250374 0.0937521 0.995592 8.14714
0.0148157 0.995804 -0.0903093 -264.099 -0.999848 0.0139211 -0.0105287 -100.451 -0.00922729 0.0904515 0.995858 8.03231
0.013328 0.996188 -0.0862086 -264.082 -0.999898 0.0128284 -0.00634644 -102.559 -0.00521632 0.0862843 0.996257 7.94312
0.0128042 0.995015 -0.0989003 -264.009 -0.99989 0.0120047 -0.00867502 -105.075 -0.00744451 0.0990005 0.99506 7.87984
0.00734621 0.995812 -0.0911267 -263.943 -0.999953 0.0067447 -0.00690697 -107.589 -0.00626343 0.0911732 0.995815 7.80978
0.00538261 0.99607 -0.0884069 -263.826 -0.99998 0.00507466 -0.00370764 -109.607 -0.00324444 0.0884251 0.996078 7.73018
0.00201768 0.996511 -0.0834369 -263.767 -0.999996 0.00215783 0.00158955 -107.469 0.00176405 0.0834334 0.996512 7.80751
-0.00174772 0.99655 -0.0829731 -263.783 -0.999998 -0.00180149 -0.000573133 -105.429 -0.000720631 0.082972 0.996552 7.865
-0.00423247 0.996799 -0.07984 -263.794 -0.999964 -0.00363354 0.00764552 -103.263 0.00733095 0.0798695 0.996778 8.04196
-0.00460163 0.997172 -0.0750063 -263.845 -0.999875 -0.00345464 0.0154144 -99.8236 0.0151117 0.0750679 0.997064 8.23111
-0.00623468 0.996906 -0.078357 -263.852 -0.999884 -0.00512872 0.0143077 -96.6153 0.0138615 0.0784371 0.996823 8.22879
-0.00706487 0.997115 -0.0755789 -263.815 -0.999877 -0.00598829 0.0144617 -90.8809 0.0139674 0.0756718 0.997035 8.42659
-0.0153571 0.99683 -0.0780589 -263.833 -0.999722 -0.0139093 0.019058 -86.1066 0.0179118 0.0783298 0.996767 8.52297
-0.0270284 0.996561 -0.0783263 -263.719 -0.999443 -0.0254071 0.0216222 -81.4996 0.0195578 0.0788671 0.996693 8.64475
-0.0398517 0.995936 -0.080766 -263.625 -0.999097 -0.0385252 0.0179169 -77.2386 0.0147325 0.081407 0.996572 8.76072
-0.0779091 0.993341 -0.0848755 -263.412 -0.996895 -0.0766461 0.0180442 -73.1624 0.0114186 0.0860178 0.996228 8.85101
-0.12477 0.98838 -0.0868211 -263.146 -0.992141 -0.12346 0.0203276 -70.4382 0.00937244 0.0886751 0.996017 8.9632
-0.205652 0.974877 -0.0855656 -262.63 -0.978625 -0.204772 0.0190331 -66.9689 0.0010335 0.0876508 0.996151 9.07737
-0.291926 0.953433 -0.0757962 -261.981 -0.95644 -0.291079 0.0222469 -63.6708 -0.0008518 0.078989 0.996875 9.2404
-0.394814 0.915405 -0.0784575 -261.006 -0.918655 -0.394627 0.0185341 -61.3515 -0.0139952 0.0793928 0.996745 9.39724
-0.49817 0.864173 -0.0709359 -259.772 -0.866719 -0.498652 0.0120075 -59.0407 -0.0249958 0.0674633 0.997409 9.49251
-0.621186 0.780931 -0.0653874 -257.862 -0.783149 -0.621637 0.0156866 -56.4984 -0.0283971 0.0609523 0.997737 9.63583
-0.750622 0.65833 -0.0562868 -255.39 -0.660086 -0.750927 0.0198491 -53.7167 -0.0292 0.0520533 0.998217 9.92997
-0.908119 0.416382 -0.0441199 -251.126 -0.417795 -0.908057 0.0296522 -49.8384 -0.0277168 0.0453608 0.998586 10.4655
-0.94617 0.320689 -0.0438316 -249.712 -0.321922 -0.946448 0.0245618 -48.4279 -0.0336076 0.03735 0.998737 10.5703
-0.973848 0.224306 -0.0361582 -248.138 -0.225616 -0.973495 0.0374796 -46.7762 -0.0267929 0.0446573 0.998643 10.7503
-0.989939 0.138895 -0.0269835 -245.798 -0.139826 -0.989509 0.0363455 -44.6526 -0.0216522 0.0397529 0.998975 11.0635
-0.994252 0.104613 -0.0227725 -240.843 -0.105425 -0.993703 0.0379449 -44.1047 -0.0186596 0.0401276 0.99902 11.3735
-0.992733 0.118249 0.0223395 -231.658 -0.116942 -0.991734 0.0527959 -45.1625 0.028398 0.0497998 0.998355 12.1966
-0.991806 0.123359 0.0332255 -227.041 -0.12105 -0.990561 0.0643047 -46.6701 0.0408445 0.0597558 0.997377 12.2525
-0.990265 0.121599 0.0677395 -222.179 -0.115836 -0.989765 0.0833521 -48.9393 0.0771817 0.0746941 0.994215 12.5493
-0.989482 0.114011 0.0890322 -218.144 -0.103994 -0.988473 0.110028 -50.8986 0.10055 0.099612 0.989933 13.0956
-0.989278 0.104155 0.102377 -214.411 -0.0919789 -0.988839 0.117209 -52.9117 0.113442 0.106536 0.987816 13.4084
-0.990583 0.0882012 0.104715 -211.018 -0.074623 -0.98907 0.127172 -54.2724 0.114787 0.11816 0.986338 13.4736
-0.991481 0.0756717 0.106015 -208.165 -0.0603646 -0.988195 0.14081 -55.1359 0.115419 0.133211 0.984344 13.4823
-0.992412 0.0562504 0.109339 -203.487 -0.0382318 -0.98631 0.160406 -56.2466 0.116865 0.155009 0.980977 13.446
-0.99234 0.0546049 0.110809 -199.213 -0.0359888 -0.985882 0.163531 -56.979 0.118174 0.158291 0.980295 13.2912
-0.992041 0.0549696 0.113281 -195.463 -0.0352469 -0.984939 0.169271 -57.432 0.12088 0.163931 0.979038 13.1249
-0.992632 0.0494465 0.110624 -189.151 -0.030228 -0.985136 0.169097 -57.2016 0.117341 0.164507 0.979371 12.5812
-0.992771 0.0508276 0.108727 -183.703 -0.0322877 -0.985608 0.165936 -57.0346 0.115597 0.161226 0.980124 12.1241
-0.992341 0.0515455 0.112257 -178.347 -0.0317502 -0.984677 0.171471 -56.8186 0.119375 0.166593 0.978773 11.6543
-0.992764 0.0489126 0.109672 -171.544 -0.0286863 -0.983443 0.178934 -56.5645 0.116608 0.174493 0.977729 11.0428
-0.993186 0.0458272 0.107149 -164.779 -0.0268028 -0.984614 0.172674 -56.3633 0.113414 0.168626 0.979134 10.4674
-0.992431 0.0467072 0.113578 -159.241 -0.0268294 -0.984971 0.170622 -56.187 0.119841 0.166284 0.978769 10.0077
-0.993786 0.0474137 0.100706 -153.669 -0.0285764 -0.983094 0.180857 -55.9911 0.107578 0.176855 0.97834 9.5325
-0.993545 0.0467918 0.103338 -148.236 -0.0273145 -0.982842 0.182418 -55.8223 0.1101 0.178418 0.977775 9.10391
-0.994066 0.0475091 0.0978556 -144.137 -0.0291255 -0.982984 0.181369 -55.6608 0.104807 0.177443 0.978534 8.77939
-0.993916 0.0474271 0.0994062 -138.649 -0.0290623 -0.983484 0.178644 -55.4806 0.106237 0.174668 0.978879 8.35862
-0.993795 0.0475458 0.100557 -133.2 -0.0296429 -0.984552 0.172562 -55.2936 0.107208 0.168511 0.979852 7.93341
-0.993968 0.0484572 0.0983814 -129.131 -0.0309662 -0.984593 0.172097 -55.1412 0.105205 0.168013 0.980155 7.61678
-0.994288 0.0476604 0.0955008 -125.102 -0.0308144 -0.984845 0.170677 -54.9954 0.102188 0.166759 0.980688 7.30901
-0.994022 0.0504792 0.0968146 -118.282 -0.0333438 -0.984694 0.17107 -54.7498 0.103968 0.166819 0.980491 6.79326
-0.993605 0.0518039 0.100328 -112.808 -0.0340163 -0.984595 0.171509 -54.5369 0.107667 0.167 0.980061 6.38358
-0.993815 0.0523558 0.0979354 -105.937 -0.034988 -0.984595 0.171313 -54.2373 0.105396 0.166827 0.980337 5.86921
-0.993936 0.0520434 0.096866 -100.465 -0.0349801 -0.984793 0.170173 -54.0034 0.104249 0.165753 0.980642 5.4603
-0.993982 0.0518444 0.096498 -95.0705 -0.0345477 -0.98432 0.172974 -53.7662 0.103953 0.1686 0.980188 5.05045
-0.993863 0.0539765 0.0965565 -91.0922 -0.0368409 -0.984552 0.171173 -53.5934 0.104304 0.166565 0.980498 4.75489
-0.993982 0.0540896 0.0952599 -87.1816 -0.0369849 -0.984237 0.172944 -53.4116 0.103113 0.16838 0.980314 4.46535
-0.994219 0.0557306 0.0917712 -80.7763 -0.0389718 -0.98376 0.175208 -53.1574 0.100045 0.170619 0.980245 4.0101
-0.994193 0.0562249 0.0917588 -75.6622 -0.0392989 -0.983459 0.176814 -52.9195 0.100182 0.172182 0.979958 3.64549
-0.994485 0.0552491 0.089146 -69.3955 -0.0392619 -0.984307 0.172041 -52.6476 0.0972521 0.167592 0.981048 3.19701
-0.994791 0.0526968 0.0872535 -63.1486 -0.0371339 -0.98453 0.171237 -52.367 0.0949273 0.167105 0.981359 2.76524
-0.994873 0.0529457 0.0861697 -58.2572 -0.0374831 -0.984371 0.17207 -52.1344 0.0939334 0.167958 0.981309 2.4362
-0.994908 0.0536608 0.0853167 -52.256 -0.0377621 -0.983289 0.178093 -51.8867 0.0934476 0.173964 0.980308 2.04591
-0.994543 0.0562693 0.0878532 -46.3347 -0.0400734 -0.983523 0.176288 -51.6265 0.0963252 0.171805 0.98041 1.65538
-0.994616 0.0601626 0.0843746 -40.3845 -0.0443058 -0.982926 0.178586 -51.3226 0.0936782 0.173886 0.9803 1.26347
-0.994517 0.063423 0.0831458 -35.6741 -0.0474414 -0.982198 0.181761 -51.0574 0.0931934 0.17682 0.979821 0.956618
-0.993817 0.0647334 0.0902127 -29.7669 -0.047313 -0.981906 0.183363 -50.7103 0.10045 0.177961 0.978897 0.571832
-0.993951 0.0653557 0.0882661 -24.8959 -0.0484319 -0.982137 0.181829 -50.4033 0.098573 0.176454 0.979361 0.233212
-0.99408 0.0626648 0.0887613 -18.4519 -0.0457907 -0.982458 0.180776 -50.0245 0.0985325 0.175641 0.979511 -0.175053
-0.994459 0.0604002 0.0860398 -13.0048 -0.043819 -0.982136 0.182997 -49.6742 0.0955559 0.178213 0.979341 -0.54221
-0.994471 0.0578159 0.0876592 -7.34795 -0.0407078 -0.981762 0.185705 -49.2607 0.0967971 0.18111 0.978688 -0.928995
-0.994355 0.0569629 0.0895195 -2.66119 -0.0394498 -0.98167 0.186459 -48.9067 0.0984999 0.181875 0.978376 -1.25065
-0.994181 0.0561224 0.0919528 2.10034 -0.0384266 -0.982175 0.183998 -48.5644 0.10064 0.179393 0.978616 -1.60818
-0.994195 0.0608593 0.08873 7.23391 -0.0436677 -0.981917 0.184206 -48.2264 0.0983361 0.179262 0.978874 -1.97924
-0.993619 0.0647014 0.0923883 12.4758 -0.0467331 -0.981652 0.184865 -47.8315 0.102654 0.179368 0.978412 -2.33679
-0.994371 0.0600807 0.0872725 15.1374 -0.0432209 -0.982048 0.183615 -47.7097 0.0967375 0.178809 0.979116 -2.52329
-0.994837 0.0559905 0.0846403 18.0022 -0.0398927 -0.982647 0.181146 -47.5545 0.0933139 0.176834 0.979807 -2.70377
-0.994926 0.055593 0.0838516 20.8806 -0.0397148 -0.982799 0.180359 -47.4243 0.092436 0.176114 0.98002 -2.88292
-0.994837 0.0594797 0.0822281 23.1495 -0.0437484 -0.982443 0.181359 -47.302 0.0915716 0.176826 0.979973 -3.02924
-0.994726 0.0630689 0.0808833 25.5045 -0.0474719 -0.98215 0.18201 -47.1625 0.0909187 0.177211 0.979964 -3.18412
-0.994746 0.0662085 0.0780837 27.6027 -0.0510897 -0.982007 0.181804 -47.0235 0.0887156 0.176859 0.98023 -3.32254
-0.995065 0.0614482 0.0779081 26.2223 -0.0460889 -0.981559 0.185521 -46.42 0.0878713 0.181015 0.979547 -3.35336
-0.995556 0.061156 0.0716108 22.1516 -0.0468923 -0.981392 0.186202 -45.134 0.0816656 0.182016 0.979898 -3.57343
-0.994816 0.0646482 0.0784937 18.0475 -0.0491232 -0.981379 0.185694 -44.4511 0.0890369 0.180876 0.979467 -3.26375
-0.994553 0.0590317 0.0858995 20.6046 -0.0420907 -0.981433 0.187128 -43.8346 0.0953511 0.182493 0.978573 -3.49584
-0.994648 0.0587048 0.0850229 24.224 -0.0420688 -0.981709 0.185684 -43.8129 0.0943682 0.181113 0.978924 -3.6737
-0.995417 0.0591444 0.0751423 27.6774 -0.0445316 -0.982088 0.183085 -43.5702 0.0846248 0.1789 0.980221 -3.93788
-0.995159 0.0586816 0.0788417 32.2182 -0.0431062 -0.981519 0.186444 -43.1993 0.0883255 0.182143 0.979297 -4.25914
-0.995198 0.0597241 0.0775457 34.808 -0.0442152 -0.981134 0.188205 -43.0755 0.0873231 0.183873 0.979064 -4.44037
-0.994851 0.0612346 0.0807517 41.0532 -0.0452763 -0.981426 0.186424 -42.7721 0.0906673 0.181808 0.979145 -4.95289
-0.994474 0.0611902 0.0853039 44.8258 -0.043644 -0.979997 0.194169 -42.5269 0.0954788 0.189373 0.977252 -5.21933
-0.994628 0.0611021 0.0835569 49.7771 -0.0440536 -0.980313 0.192471 -42.209 0.0936723 0.187756 0.977739 -5.57091
-0.994972 0.0622498 0.0784597 54.9994 -0.04624 -0.980409 0.19147 -41.965 0.0888415 0.18688 0.978357 -5.94746
-0.995041 0.0620346 0.0777473 58.2669 -0.0464909 -0.981104 0.187814 -41.7858 0.0879291 0.183268 0.979123 -6.18258
-0.994965 0.0632547 0.0777384 63.893 -0.0479609 -0.981593 0.184863 -41.4915 0.0880009 0.180204 0.979685 -6.55522
-0.995055 0.0635599 0.0763231 69.7393 -0.0488832 -0.982316 0.180737 -41.1738 0.086461 0.176113 0.980566 -6.94423
-0.995213 0.0632984 0.0744654 75.8018 -0.0495227 -0.983476 0.174133 -40.8472 0.0842573 0.169611 0.981903 -7.34945
-0.995306 0.0644934 0.0721556 82.0528 -0.0510406 -0.983277 0.174816 -40.4906 0.0822235 0.170312 0.981954 -7.72493
-0.994575 0.0653676 0.0809152 88.5182 -0.0507865 -0.984015 0.170693 -40.0959 0.0907795 0.165657 0.981996 -8.17521
-0.995178 0.0659972 0.0725649 95.1573 -0.0522976 -0.982876 0.176692 -39.6727 0.0829835 0.172045 0.981588 -8.6064
-0.995182 0.0664756 0.072061 100.587 -0.0530202 -0.983184 0.174754 -39.3578 0.0824661 0.170091 0.981972 -8.95122
-0.994693 0.0703612 0.0750726 108.889 -0.0561203 -0.982553 0.177312 -38.8433 0.0862387 0.172158 0.981287 -9.47451
-0.994081 0.0735479 0.0799583 115.99 -0.0585147 -0.98259 0.176331 -38.3678 0.091535 0.170608 0.981078 -9.95157
-0.994163 0.0748838 0.0776644 121.702 -0.0596233 -0.981312 0.182955 -37.9813 0.0899133 0.177256 0.980049 -10.3337
-0.994248 0.0775402 0.0738753 128.891 -0.0619651 -0.979099 0.193716 -37.443 0.0873519 0.188024 0.978272 -10.8016
-0.994567 0.0768117 0.0702577 136.102 -0.0620637 -0.979394 0.192185 -36.9246 0.083572 0.18678 0.978841 -11.2741
-0.994929 0.0742838 0.0678154 143.433 -0.0601288 -0.97974 0.191032 -36.4112 0.080632 0.185986 0.979238 -11.7082
-0.994914 0.0719947 0.0704435 149.339 -0.0576714 -0.980548 0.187613 -36.0284 0.0825805 0.182597 0.979714 -12.0582
-0.995045 0.0707602 0.0698398 155.28 -0.0566254 -0.980746 0.186898 -35.6372 0.0817201 0.182017 0.979894 -12.4225
-0.995061 0.0727136 0.0675682 162.745 -0.0590311 -0.980755 0.186104 -35.1291 0.0798001 0.181196 0.980204 -12.8554
-0.994934 0.0738263 0.0682383 168.771 -0.0601029 -0.980914 0.184922 -34.7155 0.080588 0.179884 0.980381 -13.2031
-0.995018 0.0741236 0.0666639 174.77 -0.0608058 -0.981161 0.183373 -34.2971 0.0790003 0.178406 0.98078 -13.5271
-0.994859 0.076392 0.0664889 182.397 -0.0623283 -0.979304 0.19256 -33.753 0.0798229 0.187426 0.97903 -13.9641
-0.99485 0.078217 0.0644697 188.521 -0.0640541 -0.978068 0.198192 -33.3129 0.0785577 0.193042 0.978041 -14.3109
-0.995108 0.0785431 0.0599243 196.171 -0.0651689 -0.977758 0.199353 -32.7216 0.0742493 0.194472 0.978094 -14.7435
-0.994896 0.0789055 0.0629003 202.363 -0.0648839 -0.977622 0.200111 -32.2576 0.0772826 0.195009 0.977752 -15.0671
-0.994829 0.080899 0.0614009 208.566 -0.0670385 -0.977219 0.201368 -31.781 0.0762925 0.19621 0.977589 -15.4076
-0.99464 0.0815844 0.0635277 216.378 -0.0670873 -0.976686 0.203921 -31.1697 0.0786833 0.198566 0.976924 -15.8305
-0.994802 0.0814448 0.0611157 222.628 -0.0678292 -0.977686 0.198818 -30.695 0.0759447 0.193639 0.978129 -16.1736
-0.994844 0.0812118 0.0607451 225.769 -0.0678324 -0.978106 0.196743 -30.4353 0.0753929 0.191608 0.978572 -16.3484
-0.995028 0.0805675 0.0585427 232.065 -0.067478 -0.977738 0.198683 -29.9524 0.0732469 0.193745 0.978314 -16.6563
-0.995151 0.075689 0.0628205 239.978 -0.0620349 -0.978574 0.196326 -29.3836 0.0763343 0.191477 0.978524 -17.0664
-0.995661 0.0728283 0.0579274 246.36 -0.0601791 -0.97873 0.196129 -28.9393 0.070979 0.191792 0.978866 -17.4003
-0.995285 0.0749786 0.0615374 252.763 -0.0615594 -0.978542 0.196638 -28.5034 0.0749605 0.191923 0.978543 -17.7133
-0.994912 0.0777118 0.0641236 260.798 -0.0635622 -0.977942 0.198972 -27.9337 0.0781716 0.193883 0.977905 -18.1245
-0.995486 0.0756069 0.0573643 268.786 -0.0624733 -0.977054 0.203624 -27.344 0.0714434 0.199122 0.977367 -18.519
-0.995499 0.0738589 0.0593925 275.126 -0.0604864 -0.977552 0.201824 -26.8889 0.0729657 0.197323 0.977619 -18.8384
-0.995198 0.0775942 0.0596697 282.995 -0.0644341 -0.978205 0.197392 -26.3341 0.0736857 0.192599 0.978507 -19.2049
-0.994914 0.0808924 0.0600207 289.204 -0.0677194 -0.978276 0.195935 -25.8855 0.0745665 0.190874 0.978778 -19.5196
-0.994527 0.0882872 0.0558636 298.436 -0.0761432 -0.978621 0.191059 -25.1293 0.0715374 0.18576 0.979988 -19.9703
-0.994281 0.0906449 0.0564633 303.014 -0.0783969 -0.978563 0.190444 -24.7659 0.0725156 0.184928 0.980073 -20.1645
-0.992975 0.0934593 0.0725644 326.3 -0.0808467 -0.983696 0.160641 -22.8374 0.0863947 0.153646 0.984342 -21.1407
-0.990584 0.0946025 0.0989587 341.661 -0.0815254 -0.988322 0.12874 -21.1522 0.109982 0.11946 0.986729 -21.7746
-0.988437 0.0965574 0.116917 357.496 -0.0801429 -0.987217 0.137764 -19.9071 0.128725 0.126801 0.98354 -22.6931
-0.986557 0.0901718 0.136287 379.733 -0.070808 -0.987503 0.140797 -18.6819 0.14728 0.129254 0.980613 -23.3409
-0.984219 0.0870808 0.154048 398.132 -0.0671513 -0.989217 0.130156 -18.098 0.163721 0.117757 0.979453 -24.084
-0.981867 0.0805811 0.17159 416.015 -0.055999 -0.988055 0.143569 -18.4042 0.181109 0.131356 0.974651 -25.1043
-0.979148 0.0781823 0.187502 433.437 -0.047598 -0.985577 0.162394 -19.1156 0.197494 0.150083 0.968747 -25.6091
-0.981074 0.0613274 0.183665 445.028 -0.0368693 -0.990331 0.133738 -19.3605 0.190091 0.124435 0.973849 -26.3119
-0.982735 0.0414338 0.18032 454.602 -0.0193873 -0.992298 0.122349 -19.4351 0.184001 0.116741 0.975969 -26.9273
-0.97891 0.0302842 0.202037 466.936 -0.00735665 -0.993536 0.113281 -19.1991 0.204161 0.109406 0.972805 -27.96
-0.973895 0.0170605 0.226356 479.652 0.0114886 -0.992189 0.124211 -18.8595 0.226707 0.123569 0.966092 -29.2229
-0.974937 0.00249317 0.222468 492.829 0.0291255 -0.989902 0.138732 -18.539 0.220568 0.141734 0.965019 -30.8191
-0.977225 -0.0014939 0.212202 506.465 0.0306981 -0.990452 0.134397 -18.4162 0.209975 0.13785 0.96794 -33.12
-0.979413 -0.00551309 0.201792 517.662 0.0320315 -0.991207 0.128387 -18.251 0.199309 0.132208 0.970977 -35.3175
-0.980959 -0.0115549 0.193873 531.949 0.0371318 -0.990973 0.128817 -18.1067 0.190635 0.133563 0.972532 -37.9364
-0.981581 -0.0183147 0.190166 546.529 0.0439415 -0.990351 0.131434 -17.9986 0.185924 0.137369 0.972914 -40.49
-0.982959 -0.0248409 0.182138 564.38 0.0490471 -0.990349 0.129628 -17.897 0.17716 0.136353 0.974691 -43.5796
-0.983611 -0.0332713 0.177209 573.394 0.0565381 -0.990173 0.127912 -18.0154 0.171212 0.135834 0.975826 -45.0359
-0.983844 -0.0412218 0.174216 582.431 0.064387 -0.989489 0.129485 -18.254 0.167047 0.13861 0.976157 -46.4507
-0.983315 -0.0477628 0.175527 591.502 0.0711225 -0.989051 0.129301 -18.5855 0.167429 0.139628 0.975946 -47.8132
-0.983912 -0.0567202 0.16941 612.835 0.0781588 -0.989363 0.122687 -19.693 0.16065 0.133955 0.977879 -50.9334
-0.984452 -0.0551121 0.166782 628.364 0.0769429 -0.988862 0.127402 -20.7631 0.157903 0.138254 0.977728 -53.0436
-0.984733 -0.05018 0.166683 640.892 0.0722871 -0.988963 0.129331 -21.6642 0.158353 0.139406 0.977492 -54.7431
-0.985038 -0.0475008 0.165664 643.902 0.0694804 -0.98914 0.129515 -21.8974 0.157713 0.139087 0.977641 -55.1423
-0.985034 -0.0441609 0.166606 656.027 0.0659775 -0.989606 0.127776 -22.6826 0.159231 0.136856 0.977709 -56.8271
-0.985582 -0.042894 0.163669 668.323 0.064571 -0.989473 0.129515 -23.4049 0.156391 0.138216 0.977977 -58.504
-0.9857 -0.0437965 0.162716 683.698 0.0653179 -0.989443 0.129365 -24.3603 0.155332 0.138143 0.978156 -60.5672
-0.986519 -0.0434005 0.157786 696.116 0.0640775 -0.989648 0.128417 -25.0992 0.150579 0.136797 0.979088 -62.1965
-0.986287 -0.0472614 0.158129 711.623 0.0679572 -0.989424 0.128146 -26.0187 0.1504 0.137135 0.979068 -64.1476
-0.987691 -0.0484705 0.148719 724.379 0.0677911 -0.98949 0.127728 -26.8076 0.140965 0.136238 0.980596 -65.8082
-0.987873 -0.0490964 0.147296 737.335 0.0682401 -0.989441 0.127869 -27.6658 0.139463 0.13637 0.980792 -67.3504
-0.987292 -0.0478587 0.151538 750.49 0.0677391 -0.989345 0.128875 -28.5853 0.143756 0.137502 0.980014 -68.8646
-0.987408 -0.0515687 0.149555 753.685 0.0709773 -0.989297 0.12749 -28.7641 0.14138 0.1365 0.9805 -69.2665
-0.987725 -0.0544198 0.14642 766.522 0.0732092 -0.989304 0.126163 -29.5871 0.137988 0.135334 0.981144 -70.7735
-0.98859 -0.0561215 0.139786 779.613 0.0738805 -0.989366 0.125283 -30.4543 0.131268 0.134181 0.982224 -72.3049
-0.988482 -0.056375 0.140447 782.786 0.0741548 -0.989411 0.124764 -30.6388 0.131926 0.133742 0.982196 -72.6587
-0.989107 -0.0567065 0.135836 795.383 0.0738318 -0.989462 0.124552 -31.4656 0.127341 0.133224 0.982871 -74.0575
-0.989623 -0.0534978 0.133359 808.076 0.0701563 -0.989859 0.123523 -32.3011 0.125398 0.131597 0.98334 -75.4106
-0.989883 -0.0482356 0.133436 824.073 0.0656467 -0.989427 0.129328 -33.3002 0.125787 0.136779 0.982583 -77.0183
-0.989782 -0.0456971 0.135068 836.921 0.064199 -0.98863 0.135972 -34.0111 0.127319 0.143254 0.981462 -78.3228
-0.990329 -0.0410227 0.132536 849.688 0.0588164 -0.989334 0.133264 -34.7505 0.125656 0.139771 0.982179 -79.5897
-0.990602 -0.0399364 0.130814 852.786 0.0575336 -0.989359 0.133636 -34.9459 0.124085 0.139906 0.982359 -79.919
-0.990772 -0.0361022 0.130639 864.918 0.0537866 -0.989455 0.134483 -35.6051 0.124406 0.140269 0.982267 -81.1446
-0.991089 -0.031558 0.129409 880.713 0.0497478 -0.988924 0.139836 -36.3063 0.123563 0.145028 0.981682 -82.7279
-0.991561 -0.0280691 0.126565 893.427 0.0457707 -0.989205 0.139204 -36.8474 0.121291 0.143823 0.982142 -83.9941
-0.991655 -0.0282595 0.125783 909.515 0.0463889 -0.988544 0.143629 -37.4799 0.120283 0.148266 0.981606 -85.5717
-0.991803 -0.0297985 0.124252 922.378 0.0473099 -0.988955 0.140462 -38.0374 0.118694 0.145189 0.982259 -86.8049
-0.99293 -0.0299319 0.114863 938.649 0.0462826 -0.988721 0.142441 -38.6942 0.109304 0.14675 0.983116 -88.2996
-0.992417 -0.0376089 0.117019 955.034 0.0543406 -0.988193 0.143255 -39.373 0.11025 0.148528 0.982743 -89.7001
-0.992621 -0.0489882 0.110925 968.284 0.0651482 -0.986973 0.147103 -39.9948 0.102274 0.153244 0.982882 -90.7972
-0.992909 -0.0506634 0.107542 984.936 0.0655682 -0.987988 0.139931 -40.8797 0.0991606 0.14599 0.984304 -92.1322
-0.993432 -0.0531323 0.101338 1001.68 0.0668867 -0.988232 0.137564 -41.8899 0.0928361 0.143438 0.985295 -93.3952
-0.993843 -0.0506837 0.098522 1018.64 0.0646067 -0.987509 0.143708 -42.7991 0.0900077 0.149188 0.984704 -94.6099
-0.994649 -0.0408708 0.0948791 1039.46 0.0541273 -0.988436 0.141649 -43.9771 0.0879926 0.146027 0.98536 -95.9744
-0.99529 -0.0289642 0.0925174 1049.94 0.0418436 -0.989202 0.14046 -44.4428 0.08745 0.14367 0.985754 -96.6789
-0.995373 -0.0253647 0.0926831 1056.95 0.0383821 -0.989195 0.141491 -44.7315 0.0880928 0.144394 0.985591 -97.1003
-0.996235 -0.0249227 0.0830382 1074.53 0.0371208 -0.988176 0.148763 -45.4913 0.0783488 0.151285 0.98538 -98.1737
-0.996601 -0.0229338 0.0791242 1088.56 0.034536 -0.988303 0.148539 -45.9358 0.0747921 0.150767 0.985736 -98.9371
-0.995542 -0.0376038 0.0865045 1113.11 0.0508021 -0.986476 0.155835 -46.6118 0.0794746 0.159535 0.983988 -100.137
-0.995872 -0.0408565 0.081058 1123.62 0.0528954 -0.986897 0.152432 -46.8392 0.0737681 0.15609 0.984984 -100.776
-0.995376 -0.0462616 0.0841868 1148.21 0.0591199 -0.985779 0.157302 -47.3446 0.0757126 0.161552 0.983956 -102.174
-0.995419 -0.0497822 0.0816262 1165.79 0.0618353 -0.986366 0.152508 -47.8844 0.0729211 0.156857 0.984926 -103.128
-0.995437 -0.0542339 0.0785098 1169.18 0.065806 -0.985994 0.153248 -48.0202 0.069099 0.157715 0.985064 -103.326
-0.995391 -0.057253 0.076929 1179.28 0.0683725 -0.986211 0.150708 -48.4437 0.0672398 0.155273 0.985581 -103.855
-0.995499 -0.0571165 0.0756299 1182.56 0.0680526 -0.986192 0.150977 -48.5775 0.0659623 0.155445 0.98564 -104.029
-0.995972 -0.0554712 0.0704512 1205.46 0.0656854 -0.986178 0.15211 -49.4893 0.0610397 0.156125 0.985849 -105.091
-0.996025 -0.0569064 0.0685234 1211.9 0.0666147 -0.9866 0.148942 -49.7009 0.0591294 0.152915 0.986469 -105.335
-0.996098 -0.0596929 0.0649994 1244 0.0691322 -0.985604 0.154293 -50.9072 0.0548534 0.158185 0.985885 -106.48
-0.996833 -0.0484781 0.0630427 1289.51 0.0578413 -0.986002 0.15638 -52.921 0.0545792 0.159531 0.985683 -108.328
-0.996373 -0.0249241 0.0813629 1325.31 0.0408831 -0.978774 0.200825 -53.9007 0.0746304 0.203423 0.976242 -109.804
-0.99658 -0.0135132 0.081522 1364.92 0.0309852 -0.975667 0.217055 -54.7385 0.0766052 0.218839 0.972749 -111.759
-0.99675 -0.0312716 0.074241 1405.03 0.0407519 -0.990698 0.12983 -55.7981 0.0694904 0.132434 0.988753 -114.88
-0.997416 -0.0482843 0.0531976 1442.53 0.0551352 -0.989184 0.13592 -57.1237 0.0460594 0.138502 0.98929 -117.661
-0.99789 -0.0530453 0.0374409 1452.86 0.0572381 -0.990926 0.121616 -57.5216 0.03065 0.123502 0.991871 -118.133
-0.997637 -0.0624607 0.0286348 1459.67 0.065446 -0.990725 0.119082 -57.6765 0.0209313 0.120674 0.992471 -118.193
-0.996124 -0.0802716 0.0359569 1476.7 0.0841507 -0.988704 0.12403 -58.2204 0.0255947 0.126575 0.991627 -118.233
-0.99604 -0.0775579 0.0434656 1496.73 0.0825109 -0.988462 0.127021 -59.1126 0.0331126 0.130105 0.990947 -118.376
-0.996744 -0.0697315 0.0404851 1523.63 0.0744033 -0.988914 0.128507 -60.1809 0.0310753 0.131101 0.990882 -118.582
-0.996817 -0.06986 0.0384069 1530.08 0.074212 -0.989131 0.126934 -60.3699 0.0291218 0.12938 0.991167 -118.65
-0.997489 -0.0660773 0.0255035 1555.98 0.0689037 -0.988662 0.133412 -61.1283 0.0163989 0.134835 0.990732 -118.626
-0.998013 -0.0593898 0.0210527 1572.2 0.0617244 -0.988624 0.137157 -61.6334 0.0126675 0.138184 0.990326 -118.461
-0.99857 -0.0461598 0.0269586 1594.46 0.0495082 -0.988807 0.140745 -62.042 0.0201601 0.141878 0.989679 -118.261
-0.998528 -0.0457029 0.0292121 1600.63 0.0494743 -0.988178 0.145107 -62.1861 0.022235 0.146339 0.988985 -118.227
-0.998558 -0.0517618 0.0142366 1625.5 0.0534158 -0.984466 0.16725 -62.7816 0.00535834 0.167769 0.985812 -118.034
-0.998567 -0.0512413 -0.0154562 1641.17 0.048044 -0.985445 0.163065 -63.0265 -0.0235868 0.162088 0.986494 -117.648
-0.998742 -0.0445821 -0.0229687 1656.65 0.0401417 -0.98518 0.16676 -63.5008 -0.0300629 0.165628 0.98573 -117.031
-0.998393 -0.0530545 -0.0198949 1671.94 0.0488954 -0.984118 0.170648 -63.782 -0.0286325 0.169401 0.985131 -116.321
-0.997873 -0.055443 -0.0342827 1687.15 0.0489132 -0.984499 0.168435 -63.8225 -0.0430898 0.166399 0.985116 -115.514
-0.997516 -0.0597085 -0.0373656 1702.3 0.0525399 -0.984064 0.169877 -63.7882 -0.0469133 0.167492 0.984757 -114.533
-0.996436 -0.0735593 -0.0412856 1717.26 0.0655465 -0.983272 0.169938 -63.8575 -0.0530956 0.166626 0.98459 -113.444
-0.994137 -0.0977268 -0.0462713 1731.95 0.0886399 -0.981647 0.168853 -63.8104 -0.0619235 0.163761 0.984555 -112.352
-0.988268 -0.142881 -0.053952 1746.54 0.131702 -0.976139 0.172647 -63.6801 -0.0773327 0.163516 0.983505 -111.205
-0.98185 -0.17974 -0.0605318 1758.13 0.167056 -0.97071 0.172667 -63.6996 -0.0897942 0.159421 0.983118 -110.224
-0.968602 -0.239005 -0.0684615 1772.47 0.224891 -0.959691 0.168574 -63.4902 -0.105992 0.147885 0.983309 -108.949
-0.945452 -0.316312 -0.0778907 1786.42 0.301187 -0.939881 0.160966 -62.9647 -0.124124 0.128726 0.983882 -107.685
-0.910551 -0.403318 -0.0907277 1800.18 0.387306 -0.909018 0.153886 -62.213 -0.144538 0.104982 0.983914 -106.397
-0.851877 -0.511057 -0.114567 1813.45 0.492047 -0.855884 0.159224 -61.5708 -0.179428 0.0792669 0.980572 -105.119
-0.770529 -0.622904 -0.135187 1823.9 0.601777 -0.780825 0.167858 -60.8713 -0.210117 0.0479876 0.976498 -103.963
-0.748565 -0.649936 -0.131276 1826.35 0.629782 -0.758856 0.165869 -60.68 -0.207424 0.0414888 0.977371 -103.624
-0.638021 -0.756444 -0.143953 1836.09 0.739631 -0.654038 0.158682 -59.613 -0.214184 -0.00522938 0.976779 -102.321
-0.52928 -0.835438 -0.148006 1845.42 0.820508 -0.5484 0.16132 -58.0855 -0.21594 -0.036057 0.975741 -101.078
-0.504291 -0.851187 -0.145506 1847.56 0.837472 -0.523163 0.157928 -57.6725 -0.21055 -0.0422151 0.976671 -100.774
-0.376963 -0.912595 -0.15833 1856.08 0.900874 -0.40097 0.166281 -55.5443 -0.215233 -0.0799532 0.973284 -99.4463
-0.222922 -0.961658 -0.159747 1866.38 0.955035 -0.248303 0.162031 -52.1918 -0.195485 -0.116444 0.973769 -98.0465
-0.109815 -0.981095 -0.159354 1874.32 0.979923 -0.133706 0.147896 -48.8822 -0.166406 -0.139913 0.976081 -97.1345
0.0046716 -0.986278 -0.165025 1883.97 0.990078 -0.0186146 0.139278 -44.1549 -0.140439 -0.164038 0.976406 -96.0927
0.090499 -0.981371 -0.169472 1893.13 0.988011 0.0671014 0.139036 -38.4577 -0.125074 -0.180022 0.975678 -95.3718
0.153626 -0.973478 -0.16953 1899.89 0.98158 0.130624 0.13942 -33.547 -0.113578 -0.187825 0.975613 -94.9301
0.23682 -0.955883 -0.173793 1907.87 0.966872 0.214338 0.138631 -26.8757 -0.095265 -0.200866 0.974976 -94.528
0.329076 -0.927733 -0.176128 1915.22 0.941534 0.30808 0.136382 -19.2571 -0.0722648 -0.21071 0.974874 -94.3887
0.398799 -0.899672 -0.177625 1920.69 0.915698 0.380204 0.130165 -12.6571 -0.0495722 -0.21456 0.975452 -94.3837
0.412124 -0.893573 -0.177993 1922.01 0.910015 0.394038 0.128864 -11.0424 -0.0450132 -0.215085 0.975557 -94.3813
0.48107 -0.857854 -0.180715 1927.3 0.876302 0.464468 0.127922 -4.32326 -0.025802 -0.219901 0.975181 -94.4345
