0.999775 -0.0116195 -0.0177578 -0.0156011 0.0113228 0.999796 -0.0167191 0.0053446 0.0179484 0.0165143 0.999703 -0.00742479
0.999505 -0.030936 -0.00578891 -0.884378 0.030866 0.999454 -0.0118141 0.496936 0.00615122 0.0116296 0.999913 -0.113758
0.998234 -0.0593988 0.000121775 -2.86668 0.0593911 0.998068 -0.0182233 0.836625 0.000960902 0.0181984 0.999834 -0.0345622
0.995909 -0.0902177 -0.00518709 -5.09721 0.090029 0.995509 -0.0292749 1.57195 0.0078049 0.0286881 0.999558 0.0504816
0.990651 -0.136329 -0.00493367 -6.37608 0.136211 0.990491 -0.0193591 3.18353 0.00752598 0.0185061 0.9998 0.136804
0.984022 -0.177775 -0.00980978 -6.81682 0.176996 0.982711 -0.0543281 3.19066 0.0192983 0.0517237 0.998475 0.238836
0.984007 -0.17707 -0.0194176 -8.46142 0.175973 0.983208 -0.0483369 2.60012 0.0276506 0.0441469 0.998642 0.385434
0.983809 -0.177987 -0.0210081 -12.4935 0.17741 0.983774 -0.0267139 0.721576 0.025422 0.0225543 0.999422 0.363943
0.985273 -0.170897 -0.00565676 -14.8815 0.170553 0.984579 -0.038936 0.1326 0.0122236 0.0373978 0.999226 0.2651
0.985125 -0.171316 -0.0133943 -17.653 0.170836 0.984805 -0.0312001 0.023841 0.0185359 0.0284478 0.999423 0.330398
0.984775 -0.172955 -0.0174699 -20.4867 0.171997 0.984005 -0.046381 0.316016 0.0252123 0.0426701 0.998771 0.304362
0.982789 -0.183962 -0.0168335 -23.1344 0.18319 0.982282 -0.0395397 0.525309 0.0238091 0.0357755 0.999076 0.396828
0.982536 -0.185865 -0.00874553 -26.0183 0.185459 0.982033 -0.0348844 0.695846 0.0150722 0.0326532 0.999353 0.314383
0.984207 -0.17695 -0.00500247 -29.5713 0.176639 0.98355 -0.037798 -0.171565 0.0116085 0.0363174 0.999273 0.273202
0.986755 -0.162153 -0.00450294 -32.6768 0.161842 0.985986 -0.0404738 -1.37588 0.0110028 0.039209 0.99917 0.277501
0.990104 -0.140325 0.00162787 -35.7449 0.140277 0.989292 -0.0402942 -2.3987 0.00404386 0.0401238 0.999187 0.255281
0.992634 -0.12111 0.00328426 -39.438 0.121149 0.991979 -0.0360649 -3.82079 0.00110991 0.0361972 0.999344 0.223264
0.992135 -0.125171 -0.000315614 -42.8974 0.125128 0.991849 -0.0240756 -4.8303 0.00332662 0.0238468 0.99971 0.317655
0.992644 -0.121002 -0.00399395 -45.0044 0.120832 0.992229 -0.0296784 -4.89871 0.00755404 0.0289775 0.999552 0.386684
0.992708 -0.120542 -0.000697946 -47.3458 0.120496 0.99246 -0.0224352 -4.87192 0.00339707 0.0221875 0.999748 0.394754
0.992283 -0.123977 0.00184499 -51.022 0.123975 0.991816 -0.0305167 -4.92063 0.00195348 0.03051 0.999533 0.515856
0.991913 -0.126874 -0.00338644 -53.4847 0.12672 0.991501 -0.0294611 -4.9722 0.00709549 0.0287937 0.99956 0.573492
0.992091 -0.125381 -0.0059936 -56.4694 0.125161 0.991721 -0.0286938 -5.03436 0.00954163 0.0277167 0.99957 0.66407
0.991363 -0.130873 -0.00844875 -58.8752 0.130553 0.99095 -0.0311963 -5.16154 0.0124551 0.0298239 0.999478 0.749925
0.990658 -0.136329 -0.00336421 -61.9476 0.136146 0.990139 -0.032991 -5.35286 0.00782869 0.0322248 0.99945 0.791615
0.989937 -0.141379 -0.0060608 -64.301 0.141091 0.989399 -0.0343799 -5.54358 0.0108571 0.0331788 0.99939 0.808546
0.9887 -0.149904 -0.000730435 -67.901 0.149743 0.987837 -0.0418889 -5.90309 0.00700089 0.0413062 0.999122 0.862571
0.988788 -0.149312 -0.00220351 -70.175 0.149079 0.987882 -0.04319 -6.17934 0.0086256 0.0423772 0.999064 0.894081
0.98918 -0.146594 -0.005749 -73.0737 0.146132 0.988013 -0.0497556 -6.44831 0.0129739 0.0483772 0.998745 0.978626
0.987678 -0.156444 -0.00423721 -75.5239 0.156103 0.986736 -0.0445474 -6.73338 0.0111502 0.043337 0.998998 0.988144
0.987599 -0.156977 0.00240407 -79.1382 0.156929 0.986626 -0.0440746 -7.14823 0.00454677 0.0439053 0.999025 0.995156
0.988209 -0.153055 0.00425286 -81.5508 0.153102 0.98741 -0.0397525 -7.41099 0.00188501 0.0399349 0.999201 0.993301
0.988474 -0.151392 0.000211211 -84.5195 0.151268 0.987611 -0.0417353 -7.77811 0.00610978 0.0412862 0.999129 1.07594
0.988652 -0.150199 0.00273839 -87.4915 0.150178 0.987738 -0.0426656 -8.24694 0.00370353 0.0425927 0.999086 1.14862
0.989155 -0.146801 0.00478224 -89.9194 0.146858 0.987948 -0.0488986 -8.63341 0.00245374 0.0490706 0.998792 1.17524
0.990647 -0.136441 0.00155643 -92.3177 0.136348 0.989398 -0.0500184 -8.97697 0.00528464 0.0497628 0.998747 1.26452
0.992216 -0.124489 0.0031382 -96.5952 0.124473 0.990707 -0.0548311 -9.44777 0.00371682 0.0547949 0.998491 1.33658
0.993027 -0.117864 0.00232903 -101.15 0.117846 0.991956 -0.046204 -9.84175 0.00313551 0.0461563 0.998929 1.46081
0.994101 -0.108328 0.00522924 -105.855 0.108453 0.992699 -0.0527928 -10.3653 0.0005279 0.0530485 0.998592 1.50348
0.99359 -0.112954 0.00451196 -109.819 0.113034 0.992193 -0.0526943 -10.7355 0.00147529 0.0528665 0.9986 1.61479
0.993301 -0.11502 0.0111297 -114.879 0.115424 0.992166 -0.0477903 -11.1876 -0.00554565 0.0487548 0.998795 1.74
0.992614 -0.12112 0.00686033 -121.163 0.121308 0.991564 -0.0456696 -11.8351 -0.00127094 0.0461645 0.998933 1.92706
0.992315 -0.123668 0.00409418 -126.354 0.123722 0.991189 -0.0472991 -12.4625 0.00179126 0.0474422 0.998872 2.06947
0.992051 -0.125556 0.00842706 -132.665 0.125814 0.990955 -0.0466814 -13.2361 -0.0024897 0.0473706 0.998874 2.24257
0.991447 -0.130459 0.00355817 -138.837 0.130481 0.990332 -0.0470906 -13.9896 0.0026196 0.0471521 0.998884 2.40788
0.990979 -0.133977 0.00331823 -143.72 0.133981 0.989818 -0.0480611 -14.6014 0.00315465 0.0480721 0.998839 2.54093
0.990502 -0.137378 0.00578618 -149.535 0.137498 0.9894 -0.0467145 -15.381 0.000692702 0.0470664 0.998892 2.69969
0.990151 -0.139938 0.00422849 -155.181 0.13997 0.988838 -0.0510647 -16.1749 0.00296458 0.0511537 0.998686 2.8617
0.989638 -0.143023 0.0127029 -159.443 0.143485 0.988384 -0.0500974 -16.7712 -0.00539031 0.0514009 0.998664 2.99256
0.988895 -0.146786 0.0232571 -164.614 0.1478 0.987731 -0.050427 -17.5227 -0.0155697 0.0533044 0.998457 3.16898
0.988437 -0.149281 0.0266069 -168.611 0.150416 0.987478 -0.0475668 -18.1052 -0.019173 0.0510189 0.998514 3.32147
0.987846 -0.153674 0.0233392 -173.549 0.154699 0.986618 -0.0515009 -18.8528 -0.0151125 0.0544856 0.9984 3.52311
0.98734 -0.155859 0.0294592 -178.31 0.157237 0.986173 -0.05234 -19.5866 -0.0208942 0.0563094 0.998195 3.72659
0.986929 -0.159188 0.0251094 -182.903 0.160395 0.985399 -0.0571237 -20.3142 -0.0156493 0.0604045 0.998051 3.90921
0.987323 -0.156516 0.0263829 -187.268 0.157921 0.985365 -0.0641671 -20.9981 -0.0159535 0.0675201 0.99759 4.08347
0.988757 -0.146937 0.027742 -191.371 0.148611 0.986173 -0.0733344 -21.6367 -0.0165828 0.0766326 0.996921 4.25207
0.991857 -0.12296 0.0331618 -194.46 0.125242 0.988982 -0.0789224 -22.0322 -0.0230922 0.082433 0.996329 4.38809
0.996668 -0.0720548 0.0382298 -198.14 0.0752248 0.993165 -0.089246 -22.369 -0.0315379 0.0918244 0.995276 4.56305
0.999406 -0.0218222 0.0266615 -200.938 0.024387 0.994688 -0.100003 -22.4317 -0.0243376 0.100593 0.99463 4.70216
0.998027 0.0580234 0.0240061 -204.317 -0.0552555 0.993123 -0.103218 -22.244 -0.0298301 0.101688 0.994369 4.89185
0.991733 0.126172 0.0233711 -206.903 -0.123123 0.986962 -0.103663 -21.9113 -0.0361458 0.0999286 0.994338 5.06032
0.975698 0.218009 0.0220414 -209.966 -0.214693 0.971253 -0.102833 -21.3131 -0.0438262 0.0956013 0.994454 5.2612
0.956488 0.291369 0.0153122 -212.245 -0.288539 0.95238 -0.0985734 -20.5643 -0.0433043 0.0898662 0.995012 5.43526
0.885618 0.464396 0.00409889 -217.388 -0.462792 0.883229 -0.075699 -18.274 -0.0387745 0.0651434 0.997122 5.83189
0.758088 0.652057 0.0110978 -222.099 -0.649492 0.756422 -0.0773682 -14.5481 -0.0588431 0.051444 0.996941 6.32428
0.470027 0.882651 0.00135952 -230.207 -0.880853 0.469167 -0.0630873 -11.2779 -0.0563219 0.0284552 0.998007 6.83448
0.278174 0.960225 -0.0242398 -234.477 -0.95959 0.276696 -0.0512453 -13.7431 -0.0425 0.0375154 0.998392 7.21119
0.188605 0.981687 -0.0267999 -238.154 -0.981131 0.187176 -0.0484364 -17.6909 -0.0425331 0.0354296 0.998467 7.04067
0.110622 0.992535 -0.0513444 -242.039 -0.993158 0.108452 -0.0432953 -23.0383 -0.0374037 0.0557826 0.997742 6.83101
0.0712908 0.995822 -0.0570542 -244.104 -0.997095 0.0696104 -0.0309191 -27.8226 -0.0268184 0.0590927 0.997892 6.62155
0.0799379 0.995031 -0.0593543 -245.336 -0.996495 0.078298 -0.0294624 -30.5838 -0.0246687 0.0615014 0.997802 6.49194
0.0686659 0.994868 -0.0743141 -247.134 -0.997461 0.0670527 -0.0239922 -34.2572 -0.0188861 0.0757729 0.996946 6.33875
0.0654802 0.993808 -0.0897619 -248.751 -0.997734 0.0638123 -0.0213306 -37.7911 -0.0154706 0.0909552 0.995735 6.20515
0.0591726 0.994395 -0.0876187 -250.78 -0.998244 0.0587183 -0.00775559 -42.3811 -0.0025673 0.0879238 0.996124 6.03452
0.0620367 0.993801 -0.0922547 -252.448 -0.99806 0.0612767 -0.0110506 -46.1254 -0.00532906 0.0927612 0.995674 5.83161
0.0464866 0.991902 -0.11819 -254.431 -0.998911 0.0456979 -0.00937549 -51.091 -0.00389854 0.118497 0.992947 5.63415
0.0620697 0.992051 -0.109461 -255.917 -0.998069 0.0614375 -0.00914241 -56.6964 -0.00234471 0.109817 0.993949 5.29613
0.0475677 0.992116 -0.115948 -257.478 -0.998868 0.0471869 -0.00602799 -62.251 -0.000509222 0.116104 0.993237 4.9836
0.0531167 0.992353 -0.111419 -258.733 -0.998585 0.0524998 -0.00846513 -66.6941 -0.00255092 0.111711 0.993737 4.71812
0.0333115 0.991933 -0.122308 -260.466 -0.999445 0.0331846 -0.00307496 -72.5332 0.00100859 0.122342 0.992487 4.44147
0.0320932 0.992924 -0.114332 -261.931 -0.999483 0.0316494 -0.00569582 -77.1995 -0.00203699 0.114455 0.993426 4.12063
0.0210771 0.992506 -0.120364 -262.672 -0.999777 0.0207596 -0.00389129 -81.3047 -0.00136342 0.120419 0.992722 3.89799
0.0117183 0.993013 -0.117424 -263.587 -0.999931 0.0116699 -0.00110001 -85.2533 0.00027801 0.117429 0.993081 3.7284
0.0134593 0.992186 -0.12404 -264.222 -0.999909 0.0133377 -0.00181046 -88.3283 -0.000141904 0.124053 0.992276 3.50906
0.0132055 0.991941 -0.126014 -264.287 -0.999898 0.0124043 -0.0071411 -91.5661 -0.00552043 0.126095 0.992003 3.30568
0.0128462 0.991545 -0.129124 -264.309 -0.999894 0.0118514 -0.00846955 -95.042 -0.00686764 0.129219 0.991592 3.2627
0.0161068 0.991974 -0.12541 -264.163 -0.999859 0.0153802 -0.00675987 -97.7765 -0.00477679 0.125501 0.992082 3.15432
0.0151787 0.99238 -0.122275 -264.185 -0.999819 0.0136573 -0.0132708 -100.435 -0.0114998 0.122455 0.992407 3.03123
0.0135732 0.992869 -0.118437 -264.166 -0.99988 0.0125884 -0.00905933 -102.543 -0.0075038 0.118546 0.99292 2.93674
0.0131329 0.991252 -0.13133 -264.09 -0.999867 0.011743 -0.0113525 -105.059 -0.00971099 0.131461 0.991274 2.86896
0.00765025 0.992274 -0.123832 -264.022 -0.999933 0.00651718 -0.00955248 -107.573 -0.00867164 0.123897 0.992257 2.79425
0.00559868 0.992592 -0.12137 -263.902 -0.999968 0.00486771 -0.00631833 -109.591 -0.00568073 0.121402 0.992587 2.7131
0.00207857 0.993169 -0.116665 -263.846 -0.999998 0.00197678 -0.000988173 -107.453 -0.000750801 0.116667 0.993171 2.79788
-0.00159227 0.993195 -0.11645 -263.864 -0.999993 -0.0019688 -0.00311842 -105.413 -0.00332647 0.116445 0.993192 2.85998
-0.00433907 0.99352 -0.113575 -263.881 -0.99998 -0.00378075 0.00513075 -103.247 0.0046681 0.113595 0.993516 3.04193
-0.00496639 0.994029 -0.109003 -263.939 -0.99991 -0.00357816 0.0129277 -99.8085 0.0124605 0.109057 0.993957 3.23783
-0.00655033 0.99362 -0.112591 -263.946 -0.999916 -0.00524935 0.0118475 -96.6002 0.0111809 0.112659 0.993571 3.24318
-0.00737848 0.993897 -0.110069 -263.918 -0.999909 -0.00609158 0.0120234 -90.8663 0.0112795 0.110148 0.993851 3.45612
-0.0157984 0.993494 -0.112787 -263.94 -0.999763 -0.0140091 0.0166388 -86.0923 0.0149505 0.113023 0.99348 3.56338
-0.0275164 0.99318 -0.1133 -263.831 -0.99949 -0.0254989 0.0192186 -81.4855 0.0161985 0.113771 0.993375 3.70011
-0.0401577 0.992439 -0.115981 -263.742 -0.999134 -0.0386142 0.0155258 -77.2248 0.01093 0.116504 0.99313 3.82947
-0.0780689 0.98966 -0.120323 -263.533 -0.996928 -0.0767379 0.0156632 -73.1488 0.00626787 0.121176 0.992611 3.93689
-0.124822 0.984587 -0.122508 -263.271 -0.992176 -0.12355 0.0179546 -70.4248 0.00254194 0.123791 0.992305 4.0649
-0.205346 0.971117 -0.121506 -262.76 -0.978651 -0.204854 0.0166654 -66.9557 -0.00870694 0.122334 0.992451 4.20566
-0.291491 0.949992 -0.112019 -262.118 -0.956475 -0.291136 0.019882 -63.658 -0.0137249 0.112939 0.993507 4.39975
-0.393827 0.911972 -0.114922 -261.15 -0.918675 -0.394684 0.016171 -61.3389 -0.0306103 0.111944 0.993243 4.59735
-0.496706 0.861213 -0.107679 -259.921 -0.866731 -0.498682 0.00964425 -59.0282 -0.0453917 0.0981187 0.994139 4.74312
-0.619514 0.778278 -0.102398 -258.019 -0.783175 -0.621659 0.0133221 -56.486 -0.0532886 0.0884491 0.994654 4.9627
-0.748842 0.65611 -0.0935764 -255.56 -0.660136 -0.750943 0.017482 -53.7045 -0.0588004 0.0748643 0.995459 5.35493
-0.906325 0.41461 -0.0816906 -251.319 -0.417878 -0.908093 0.0272809 -49.8268 -0.0628717 0.058862 0.996284 6.05862
-0.944132 0.319289 -0.0816639 -249.911 -0.322002 -0.946479 0.0221842 -48.4163 -0.07021 0.0472407 0.996413 6.21983
-0.972056 0.222697 -0.0742539 -248.345 -0.225722 -0.973559 0.0350964 -46.7648 -0.0644747 0.0508765 0.996622 6.4632
-0.988338 0.137534 -0.0653578 -246.02 -0.139952 -0.989576 0.033955 -44.6415 -0.0600066 0.042706 0.997284 6.8704
-0.992757 0.103258 -0.0614145 -241.08 -0.105563 -0.993777 0.0355465 -44.0935 -0.0573618 0.0417722 0.997479 7.37191
-0.993052 0.116499 -0.016582 -231.934 -0.117197 -0.991829 0.0503997 -45.1516 -0.010575 0.0519929 0.998591 8.54714
-0.99261 0.121204 -0.00593918 -227.322 -0.121339 -0.990679 0.0619059 -46.6585 0.00161945 0.0621691 0.998064 8.77915
-0.992507 0.118843 0.0283949 -222.474 -0.116217 -0.989919 0.080962 -48.9274 0.0377304 0.0770554 0.996313 9.26098
-0.992667 0.110253 0.0495591 -218.464 -0.104436 -0.988689 0.107648 -50.8872 0.060867 0.101683 0.992953 9.96136
-0.992999 0.100104 0.0627004 -214.746 -0.0924572 -0.989073 0.114833 -52.9003 0.0735105 0.108232 0.991404 10.4175
-0.994383 0.083669 0.0648174 -211.358 -0.0751096 -0.989335 0.124797 -54.2604 0.0745678 0.119228 0.990063 10.6152
-0.995331 0.0705096 0.0659161 -208.507 -0.0608575 -0.988499 0.138438 -55.1234 0.0749192 0.13378 0.988175 10.7368
-0.996348 0.0501793 0.0690895 -203.831 -0.038733 -0.986673 0.158041 -56.233 0.0760991 0.154788 0.985012 10.8878
-0.996353 0.0483602 0.0703063 -199.554 -0.0364975 -0.986252 0.161167 -56.9641 0.0771338 0.158013 0.98442 10.906
-0.996188 0.0484495 0.0725463 -195.8 -0.0357662 -0.985323 0.166909 -57.4158 0.0795682 0.163678 0.9833 10.8931
-0.996654 0.0428641 0.0695951 -189.471 -0.0307427 -0.985523 0.166732 -57.1827 0.0757344 0.164034 0.983543 10.612
-0.996741 0.0443382 0.0673853 -184.009 -0.0328018 -0.985987 0.163567 -57.0133 0.0736933 0.160824 0.984228 10.3831
-0.996493 0.0447847 0.0706812 -178.638 -0.0322768 -0.98507 0.169104 -56.7948 0.0771991 0.166229 0.983061 10.1393
-0.99682 0.0417717 0.0678536 -171.815 -0.0292094 -0.983855 0.176567 -56.5377 0.0741336 0.174024 0.981947 9.81683
-0.997128 0.0388929 0.0649876 -165.032 -0.027321 -0.985013 0.170301 -56.3334 0.0706371 0.168037 0.983247 9.5306
-0.996671 0.0398266 0.0711373 -159.48 -0.0273659 -0.985364 0.16825 -56.1547 0.076797 0.165743 0.983174 9.3094
-0.997514 0.0400254 0.0580016 -153.892 -0.0290857 -0.983513 0.17848 -55.9562 0.0641891 0.17635 0.982232 9.07576
-0.997403 0.0392855 0.0603644 -148.446 -0.0278323 -0.983265 0.180042 -55.785 0.0664273 0.177894 0.981805 8.8842
-0.997709 0.0399945 0.054563 -144.337 -0.0296326 -0.983405 0.178988 -55.6217 0.0608161 0.176961 0.982337 8.73986
-0.997641 0.0399852 0.0558059 -138.836 -0.0295748 -0.983899 0.17626 -55.4391 0.0619552 0.174194 0.98276 8.56182
-0.997581 0.0403291 0.0566218 -133.373 -0.0301597 -0.984952 0.170174 -55.2496 0.0626327 0.168055 0.983786 8.37932
-0.997682 0.0412136 0.054142 -129.294 -0.0314798 -0.984992 0.169706 -55.0954 0.0603237 0.167608 0.984006 8.24516
-0.997883 0.0404262 0.0509477 -125.255 -0.0313223 -0.985241 0.168281 -54.9479 0.0569988 0.166329 0.984422 8.11922
-0.997714 0.0431911 0.0519759 -118.419 -0.0338576 -0.98509 0.168674 -54.6993 0.0584861 0.166528 0.984301 7.91332
-0.997484 0.0444578 0.0552118 -112.932 -0.0345404 -0.984991 0.169113 -54.4839 0.0619016 0.16678 0.984049 7.75403
-0.997607 0.0449687 0.0525169 -106.045 -0.0355079 -0.984991 0.168913 -54.1813 0.0593245 0.166644 0.984231 7.55605
-0.997692 0.0446583 0.0511427 -100.56 -0.0354985 -0.985187 0.16777 -53.9449 0.0578774 0.165567 0.984499 7.40071
-0.997742 0.0442784 0.0505033 -95.1523 -0.0350667 -0.984721 0.17057 -53.7053 0.0572843 0.168414 0.98405 7.24251
-0.997655 0.0464552 0.0502565 -91.1646 -0.037362 -0.984948 0.168766 -53.5307 0.0573401 0.166493 0.984374 7.1337
-0.997735 0.0464341 0.0486785 -87.2449 -0.0375043 -0.984638 0.170535 -53.3471 0.0558493 0.168323 0.984148 7.02892
-0.997841 0.047918 0.0449063 -80.8253 -0.0394848 -0.984166 0.172797 -53.0901 0.0524753 0.17065 0.983933 6.87806
-0.997836 0.0482874 0.0446181 -75.6997 -0.0398131 -0.983869 0.174402 -52.85 0.0523198 0.172248 0.983663 6.75809
-0.998002 0.0474849 0.0416699 -69.4189 -0.0397699 -0.984706 0.169623 -52.5753 0.0490872 0.167627 0.984628 6.61116
-0.998211 0.0449113 0.0394782 -63.1585 -0.0376372 -0.984929 0.168816 -52.292 0.0464649 0.167028 0.984857 6.48183
-0.998257 0.0450707 0.0381121 -58.257 -0.037985 -0.984772 0.169648 -52.0572 0.0451779 0.167904 0.984768 6.39107
-0.998281 0.0454421 0.0370226 -52.244 -0.0382637 -0.983705 0.17567 -51.8069 0.0444021 0.173952 0.983753 6.29474
-0.99807 0.048105 0.0392691 -46.3108 -0.0405829 -0.983933 0.173864 -51.5441 0.0470019 0.171935 0.983986 6.19603
-0.998023 0.0518416 0.0355184 -40.3487 -0.0448096 -0.983341 0.17616 -51.2376 0.0440591 0.17422 0.983721 6.09917
-0.997912 0.0549027 0.0340342 -35.6289 -0.0479451 -0.982619 0.179335 -50.9704 0.0432886 0.177328 0.983199 6.02731
-0.997588 0.0561048 0.0408603 -29.71 -0.0478355 -0.98233 0.18094 -50.6207 0.0502899 0.178549 0.982645 5.93893
-0.997641 0.0567534 0.0386175 -24.8282 -0.0489508 -0.982557 0.179402 -50.3116 0.0481256 0.177089 0.983018 5.84618
-0.997782 0.054059 0.0388309 -18.372 -0.0463107 -0.982877 0.178348 -49.9299 0.0478073 0.176154 0.983201 5.76488
-0.998023 0.0516183 0.0358486 -12.9134 -0.0443327 -0.982563 0.180568 -49.5773 0.0445441 0.178622 0.982909 5.67573
-0.998113 0.0488404 0.0372282 -7.24439 -0.0412256 -0.982196 0.183277 -49.1613 0.0455168 0.181397 0.982356 5.57936
-0.998097 0.0479005 0.0388336 -2.54745 -0.0399729 -0.982107 0.184032 -48.8051 0.046954 0.182129 0.982153 5.49964
-0.998047 0.0471417 0.0409859 2.22605 -0.038956 -0.982606 0.18157 -48.4606 0.0488325 0.179618 0.982524 5.38921
-0.997952 0.0518315 0.0374894 7.37181 -0.0441923 -0.982346 0.181776 -48.1202 0.0462493 0.179747 0.982625 5.28585
-0.997614 0.0556157 0.0409044 12.625 -0.0472694 -0.982081 0.182437 -47.723 0.0503177 0.180068 0.982366 5.20316
-0.998068 0.0509841 0.0354978 15.2927 -0.0437435 -0.982476 0.181183 -47.6 0.0441132 0.17928 0.982809 5.15677
-0.998366 0.0469579 0.0325736 18.163 -0.0404078 -0.983071 0.178711 -47.4435 0.0404141 0.177103 0.983362 5.12788
-0.998419 0.0465536 0.031516 21.0467 -0.0402287 -0.983222 0.177924 -47.312 0.0392703 0.176375 0.983539 5.10174
-0.998292 0.0503512 0.0296388 23.3202 -0.0442611 -0.982867 0.178924 -47.1887 0.0381401 0.177306 0.983416 5.0767
-0.998154 0.053869 0.0280392 25.6801 -0.0479837 -0.982574 0.179574 -47.0482 0.0372241 0.177897 0.983345 5.04835
-0.998063 0.0569777 0.0249734 27.7826 -0.051597 -0.982428 0.179366 -46.9082 0.0347545 0.17773 0.983465 5.02325
-0.998347 0.0519533 0.0245769 26.4056 -0.046595 -0.981992 0.183085 -46.305 0.0336462 0.181638 0.98279 4.9195
-0.998507 0.05156 0.0180111 22.3522 -0.0473839 -0.981828 0.183764 -45.0197 0.0271587 0.182637 0.982805 4.48217
-0.998179 0.0550618 0.0246473 18.2371 -0.0496338 -0.98181 0.183261 -44.3388 0.0342897 0.181704 0.982755 4.56942
-0.998276 0.0493177 0.0318314 20.8028 -0.0426178 -0.98187 0.184701 -43.7209 0.0403634 0.183026 0.982279 4.47932
-0.998326 0.0490207 0.0306802 24.4265 -0.0425942 -0.982142 0.183257 -43.6978 0.0391157 0.181644 0.982586 4.50104
-0.998562 0.0495362 0.0204883 27.8891 -0.0450336 -0.982515 0.180654 -43.4534 0.029079 0.179472 0.983333 4.42889
-0.998518 0.0488475 0.0239785 32.4406 -0.0436182 -0.981955 0.184018 -43.0803 0.0325346 0.182699 0.98263 4.36137
-0.99851 0.0497451 0.0224447 35.0364 -0.0447253 -0.981573 0.185781 -42.9553 0.0312728 0.1845 0.982335 4.32535
-0.998359 0.0513237 0.0253929 41.3003 -0.0457954 -0.981858 0.184002 -42.6488 0.0343759 0.182537 0.982598 4.16461
-0.998264 0.0508056 0.0297945 45.0819 -0.0441757 -0.980448 0.191755 -42.4018 0.0389542 0.190106 0.98099 4.11175
-0.998324 0.050763 0.027779 50.045 -0.0445814 -0.98076 0.190058 -42.0816 0.0368925 0.188501 0.98138 4.04169
-0.9984 0.0519132 0.0224135 55.2801 -0.0467566 -0.980852 0.189057 -41.8351 0.0317989 0.187706 0.98171 3.96316
-0.998425 0.0518605 0.0214198 58.5557 -0.0470059 -0.981538 0.185401 -41.6543 0.0306393 0.184102 0.98243 3.9154
-0.998359 0.0532115 0.0211422 64.1937 -0.0484768 -0.982019 0.182451 -41.3574 0.0304705 0.181127 0.982988 3.8666
-0.998367 0.0537105 0.0194452 70.0526 -0.049396 -0.982731 0.178326 -41.0371 0.0286874 0.177074 0.983779 3.81556
-0.998403 0.0537863 0.0172839 76.1282 -0.0500309 -0.983875 0.17172 -40.7076 0.0262414 0.170581 0.984994 3.76225
-0.998383 0.0548995 0.0147455 82.3903 -0.0515445 -0.983677 0.172405 -40.3482 0.0239698 0.171367 0.984916 3.75108
-0.998159 0.0560065 0.0232634 88.8708 -0.0513123 -0.984401 0.168288 -39.9505 0.0323258 0.166785 0.985463 3.67927
-0.99831 0.0562226 0.014726 95.5235 -0.0528051 -0.983278 0.17429 -39.5241 0.0242787 0.173218 0.984584 3.63823
-0.998289 0.0567778 0.0139812 100.964 -0.0535273 -0.98358 0.172354 -39.2068 0.0235375 0.171311 0.984936 3.61366
-0.998027 0.0604975 0.0168109 109.283 -0.0566374 -0.982953 0.174919 -38.6884 0.0271065 0.173621 0.984439 3.58192
-0.997736 0.063734 0.0214886 116.399 -0.0590454 -0.982984 0.173944 -38.2096 0.0322091 0.172281 0.984521 3.52695
-0.997727 0.0646351 0.0190477 122.123 -0.0601508 -0.98172 0.180574 -37.8204 0.0303709 0.179018 0.983377 3.4856
-0.997664 0.0666053 0.015161 129.327 -0.0624871 -0.979532 0.191343 -37.2787 0.0275951 0.189949 0.981406 3.44829
-0.997761 0.0659148 0.0113149 136.553 -0.0625772 -0.979824 0.189814 -36.7569 0.0235981 0.188681 0.981755 3.4091
-0.997951 0.0634023 0.00865547 143.897 -0.0606361 -0.980168 0.188665 -36.2402 0.0204456 0.187753 0.982003 3.41689
-0.998059 0.061286 0.0110565 149.812 -0.0581842 -0.980967 0.185251 -35.8547 0.0221994 0.184248 0.982629 3.42406
-0.998143 0.0600538 0.0102509 155.765 -0.057137 -0.981163 0.184541 -35.4607 0.0211402 0.183612 0.982771 3.42024
-0.998045 0.0620192 0.00777623 163.242 -0.0595388 -0.981168 0.183751 -34.9493 0.0190259 0.182929 0.982942 3.44178
-0.997968 0.0631762 0.00824913 169.278 -0.0606133 -0.981322 0.182575 -34.5329 0.0196294 0.181704 0.983157 3.46202
-0.997959 0.0635306 0.00647112 175.286 -0.0613131 -0.981564 0.18103 -34.1118 0.0178528 0.180264 0.983456 3.50551
-0.997852 0.0652086 0.00622053 182.925 -0.0628383 -0.979727 0.190228 -33.5642 0.0184989 0.189429 0.98172 3.5371
-0.997768 0.066651 0.00408759 189.058 -0.0645617 -0.978503 0.195868 -33.1213 0.0170546 0.195167 0.980622 3.56773
-0.997763 0.0668548 -0.000624648 196.72 -0.0656671 -0.978195 0.197034 -32.5266 0.0125617 0.196635 0.980396 3.60807
-0.99774 0.0671502 0.00219776 202.92 -0.0653899 -0.978059 0.197802 -32.0598 0.015432 0.197212 0.980239 3.66821
-0.997614 0.0690327 0.000545216 209.132 -0.0675428 -0.977656 0.199066 -31.5804 0.0142751 0.198554 0.979986 3.71324
-0.997576 0.069538 0.00254648 216.955 -0.0675978 -0.977127 0.201629 -30.9656 0.0165091 0.200968 0.979459 3.7773
-0.99757 0.0696747 -9.19362e-05 223.214 -0.0683339 -0.978114 0.196531 -30.488 0.0136033 0.196059 0.980498 3.82472
-0.997579 0.0695387 -0.000645547 226.359 -0.0683364 -0.978527 0.194462 -30.2268 0.012891 0.194036 0.98091 3.84678
-0.997631 0.0687318 -0.00298228 232.662 -0.0679777 -0.978163 0.196411 -29.7411 0.0105825 0.196148 0.980517 3.93425
-0.997951 0.0639765 0.001125 240.585 -0.0625424 -0.978993 0.194064 -29.1688 0.0135169 0.193596 0.980988 4.02226
-0.998126 0.0610734 -0.00392672 246.976 -0.060675 -0.979149 0.193873 -28.7216 0.00799562 0.193748 0.981019 4.0912
-0.998002 0.0631834 -0.000447559 253.385 -0.062065 -0.978958 0.194393 -28.2828 0.0118443 0.194032 0.980924 4.18301
-0.997833 0.0657598 0.002033 261.43 -0.0640756 -0.97836 0.196738 -27.7095 0.0149265 0.196182 0.980454 4.28124
-0.997983 0.0633002 -0.00481652 269.426 -0.0629719 -0.977483 0.201399 -27.1162 0.00804055 0.201296 0.979497 4.39427
-0.998094 0.0616436 -0.00293999 275.774 -0.0609891 -0.977976 0.199609 -26.6582 0.00942937 0.199408 0.979871 4.47862
-0.997839 0.0656468 -0.00284618 283.649 -0.0649388 -0.978614 0.195185 -26.0999 0.010028 0.194948 0.980762 4.61411
-0.997612 0.0690241 -0.00263812 289.866 -0.0682264 -0.978678 0.193738 -25.6486 0.0107907 0.193455 0.98105 4.69642
-0.997029 0.0767075 -0.0069827 299.108 -0.0766436 -0.979007 0.188869 -24.8882 0.00765152 0.188843 0.981978 4.83737
-0.996846 0.0790912 -0.00650834 303.689 -0.0789 -0.978944 0.188264 -24.5228 0.00851874 0.188184 0.982097 4.93702
-0.996433 0.083889 0.00919298 326.988 -0.0813806 -0.984004 0.158469 -22.5841 0.0223398 0.157156 0.987321 5.45843
-0.995564 0.087213 0.0352947 342.358 -0.0821109 -0.988551 0.126585 -20.8922 0.0459304 0.123125 0.991328 5.81503
-0.994632 0.0886798 0.053324 358.218 -0.0807687 -0.987461 0.135636 -19.6396 0.0646835 0.130601 0.989323 5.91857
-0.993961 0.0821391 0.0727597 380.45 -0.0714733 -0.987753 0.138696 -18.4053 0.083261 0.132658 0.987659 6.70565
-0.992696 0.0797875 0.0904914 398.858 -0.0678506 -0.98944 0.128078 -17.8134 0.0997548 0.121003 0.987627 7.15075
-0.991484 0.0724153 0.108237 416.771 -0.056734 -0.988308 0.141522 -18.1111 0.11722 0.134176 0.984 7.28539
-0.989839 0.0688032 0.124434 434.188 -0.0483658 -0.98587 0.160379 -18.8154 0.133711 0.152731 0.979181 7.90498
-0.991295 0.0536372 0.120241 445.801 -0.0376204 -0.990572 0.131724 -19.0546 0.126173 0.126054 0.983967 7.95217
-0.992572 0.0342788 0.116729 455.395 -0.0201246 -0.992528 0.120344 -19.1246 0.119982 0.117101 0.985846 7.95704
-0.99007 0.0236241 0.138573 467.77 -0.00813363 -0.993753 0.111304 -18.882 0.140336 0.109072 0.984078 7.72519
-0.98654 0.00950715 0.163242 480.54 0.010668 -0.992439 0.122271 -18.5352 0.16317 0.122366 0.97898 7.289
-0.987194 -0.00621014 0.159404 493.793 0.0283194 -0.990193 0.136806 -18.2068 0.156991 0.139569 0.977688 6.55041
-0.988793 -0.00993844 0.148959 507.55 0.0299151 -0.990735 0.132476 -18.0743 0.146262 0.135448 0.979929 5.13828
-0.990287 -0.0135837 0.138372 518.865 0.0312716 -0.991477 0.12647 -17.9006 0.135475 0.129569 0.982272 3.67144
-0.991269 -0.0197001 0.130373 533.292 0.0363909 -0.991247 0.126909 -17.7458 0.126732 0.130545 0.983309 1.98448
-0.991587 -0.0266908 0.126661 548.006 0.0432116 -0.990633 0.129538 -17.6272 0.122017 0.133921 0.983452 0.381403
-0.992394 -0.033134 0.11856 566.021 0.048336 -0.990629 0.12774 -17.513 0.113216 0.1325 0.984696 -1.54467
-0.992659 -0.0415092 0.113599 575.11 0.0558402 -0.990453 0.126034 -17.6251 0.107282 0.131453 0.9855 -2.41423
-0.992623 -0.0496182 0.110625 584.22 0.0636988 -0.989775 0.12762 -17.8577 0.103161 0.133726 0.985634 -3.24142
-0.992119 -0.056206 0.111988 593.36 0.0704351 -0.989341 0.127452 -18.1831 0.103631 0.134335 0.985502 -4.01471
-0.992274 -0.0647707 0.105815 614.851 0.0774858 -0.989643 0.120846 -19.2768 0.0968922 0.128111 0.987015 -5.75095
-0.992629 -0.0634356 0.103261 630.484 0.0762762 -0.989148 0.125572 -20.3371 0.0941748 0.132523 0.986696 -6.85539
-0.99293 -0.0585789 0.103245 643.095 0.0716206 -0.989247 0.127515 -21.2303 0.0946648 0.134008 0.986448 -7.74438
-0.993184 -0.0558752 0.102288 646.126 0.0688163 -0.989421 0.12771 -21.4616 0.0940698 0.133879 0.986523 -7.94901
-0.99327 -0.0523882 0.103299 658.335 0.0653116 -0.98988 0.125984 -22.2391 0.0956531 0.131883 0.986639 -8.85074
-0.993626 -0.0512006 0.10043 670.713 0.0639114 -0.989747 0.127733 -22.9537 0.0928607 0.133338 0.986711 -9.73445
-0.993668 -0.052085 0.0995542 686.189 0.0646613 -0.989716 0.127594 -23.8995 0.0918847 0.133223 0.986818 -10.8073
-0.994171 -0.0515911 0.0946658 698.686 0.0634304 -0.989917 0.126654 -24.6307 0.0871771 0.13192 0.987419 -11.6378
-0.993921 -0.055453 0.095106 714.287 0.0673115 -0.989694 0.126394 -25.5409 0.0871169 0.132027 0.98741 -12.5929
-0.994711 -0.0565889 0.0857179 727.124 0.0671632 -0.989757 0.12598 -26.3219 0.0777108 0.131071 0.988323 -13.4354
-0.994789 -0.0572082 0.0843892 740.152 0.0676157 -0.989707 0.12613 -27.1724 0.0763048 0.131179 0.988418 -14.1484
-0.994474 -0.056031 0.0887787 753.377 0.0671079 -0.989611 0.12715 -28.0843 0.080732 0.132405 0.987902 -14.8223
-0.994431 -0.0596554 0.0868771 756.592 0.0703512 -0.989561 0.125773 -28.2611 0.0784672 0.131185 0.988248 -15.0202
-0.994525 -0.0624122 0.0838174 769.498 0.0725899 -0.989566 0.124454 -29.0766 0.0751754 0.129857 0.988679 -15.7099
-0.994955 -0.0640228 0.0772402 782.66 0.0732736 -0.989626 0.12358 -29.9361 0.068527 0.128616 0.989324 -16.4091
-0.994881 -0.0642334 0.0780142 785.85 0.0735475 -0.989669 0.123071 -30.1188 0.069303 0.128178 0.989327 -16.5616
-0.995207 -0.0645169 0.0734828 798.511 0.073233 -0.989718 0.122866 -30.9384 0.0648003 0.127658 0.989699 -17.1627
-0.99559 -0.0611973 0.0710962 811.264 0.0695614 -0.990109 0.121845 -31.7667 0.0629363 0.126253 0.99 -17.7135
-0.995865 -0.0562569 0.0713323 827.331 0.0650517 -0.989682 0.127661 -32.7569 0.0634145 0.131773 0.989249 -18.3121
-0.995852 -0.0541147 0.0731433 840.236 0.063602 -0.988895 0.134317 -33.4607 0.0650625 0.138412 0.988235 -18.8075
-0.996284 -0.0492148 0.0706889 853.058 0.0582227 -0.989589 0.131617 -34.193 0.0634755 0.135243 0.988777 -19.272
-0.99645 -0.0481232 0.0690745 856.171 0.0569432 -0.989613 0.131997 -34.3866 0.0620049 0.135462 0.98884 -19.4069
-0.996631 -0.0443032 0.0690217 868.355 0.0531962 -0.989707 0.132854 -35.0392 0.0624254 0.136078 0.988729 -19.8727
-0.996885 -0.0400483 0.0679455 884.219 0.0491594 -0.989181 0.138217 -35.7316 0.061675 0.141127 0.988069 -20.4684
-0.997206 -0.0364742 0.0651962 896.987 0.0451865 -0.989458 0.137593 -36.2657 0.0594902 0.140155 0.988341 -20.9411
-0.99723 -0.0369235 0.0645654 913.142 0.045807 -0.988802 0.142028 -36.8894 0.0585983 0.144592 0.987755 -21.5166
-0.997273 -0.0382513 0.0631183 926.058 0.0467311 -0.989208 0.138869 -37.4399 0.0571252 0.14144 0.988297 -21.9501
-0.99781 -0.0384639 0.0538131 942.391 0.0457196 -0.988974 0.140852 -38.088 0.0478021 0.143004 0.988567 -22.4355
-0.997354 -0.0462188 0.0561092 958.831 0.0537767 -0.988451 0.141677 -38.7581 0.048913 0.14432 0.988321 -22.8217
-0.997066 -0.0578496 0.0501378 972.124 0.0645978 -0.987242 0.145532 -39.373 0.0410792 0.148344 0.988082 -23.1004
-0.997157 -0.0590572 0.0467993 988.826 0.0650233 -0.988244 0.138366 -40.2493 0.0380776 0.141016 0.989275 -23.4092
-0.997288 -0.0613473 0.0406706 1005.61 0.0663522 -0.988484 0.136004 -41.251 0.0318588 0.138333 0.989873 -23.643
-0.99752 -0.0592381 0.0380177 1022.62 0.0640769 -0.987768 0.142157 -42.1516 0.0291316 0.14424 0.989114 -23.8165
-0.998192 -0.0492318 0.0344679 1043.49 0.0536008 -0.988685 0.140105 -43.3194 0.0271803 0.141699 0.989537 -23.9067
-0.998789 -0.0371855 0.0322129 1053.98 0.041318 -0.989441 0.138924 -43.7799 0.0267068 0.140086 0.989779 -23.9709
-0.998906 -0.0336188 0.032514 1061.01 0.0378558 -0.989433 0.139964 -44.0652 0.027465 0.141042 0.989623 -23.9644
-0.999171 -0.0335782 0.0230233 1078.62 0.0366098 -0.988423 0.147242 -44.8165 0.0178126 0.147962 0.988833 -23.9683
-0.999318 -0.0315425 0.0192227 1092.67 0.0340306 -0.988547 0.147025 -45.2544 0.014365 0.147579 0.988946 -23.8798
-0.998549 -0.0466971 0.0268205 1117.26 0.0502901 -0.986738 0.154336 -45.9189 0.0192578 0.15546 0.987654 -23.5914
-0.998533 -0.0497158 0.0214548 1127.78 0.0523924 -0.987154 0.150938 -46.1412 0.0136752 0.151841 0.98831 -23.595
-0.998156 -0.0554202 0.024768 1152.41 0.0586143 -0.986045 0.15582 -46.6348 0.0157868 0.156985 0.987475 -23.5091
-0.998031 -0.0586315 0.0222874 1170.02 0.0613342 -0.986624 0.151033 -47.1663 0.013134 0.152102 0.988277 -23.4047
-0.99782 -0.0631066 0.0192997 1173.42 0.0653109 -0.986254 0.15178 -47.3005 0.00945604 0.15271 0.988226 -23.3987
-0.997663 -0.065954 0.0178242 1183.53 0.0678803 -0.986467 0.149248 -47.7192 0.00773947 0.150109 0.988639 -23.3222
-0.997693 -0.065808 0.016656 1186.81 0.0675625 -0.986447 0.149526 -47.8515 0.00659028 0.150306 0.988618 -23.3004
-0.99787 -0.0641859 0.011607 1209.74 0.0652027 -0.986432 0.150665 -48.7527 0.00177892 0.151101 0.988517 -22.9963
-0.997811 -0.0654075 0.00978111 1216.17 0.0661348 -0.986848 0.147505 -48.9614 4.55996e-06 0.147828 0.989013 -22.8571
-0.997632 -0.0684815 0.0064307 1248.29 0.0686588 -0.985859 0.152864 -50.1534 -0.00412856 0.152943 0.988226 -22.0966
-0.998344 -0.0573447 0.00462459 1293.83 0.0573681 -0.986254 0.154959 -52.1465 -0.00432504 0.154967 0.98791 -21.2492
-0.999059 -0.0364007 0.0235849 1329.65 0.0403808 -0.979079 0.199434 -53.1099 0.0158319 0.200199 0.979627 -20.6093
-0.999375 -0.0258898 0.0240779 1369.31 0.0304803 -0.975989 0.215677 -53.9292 0.0179159 0.216277 0.976168 -20.2276
-0.999129 -0.0385115 0.0160494 1409.54 0.0402575 -0.9909 0.128436 -54.9685 0.0109571 0.12897 0.991588 -20.9858
-0.998428 -0.0558328 -0.00485261 1447.13 0.0546742 -0.989401 0.134525 -56.2753 -0.0123121 0.134049 0.990898 -21.5639
-0.998005 -0.0596904 -0.0205867 1457.48 0.0567988 -0.991121 0.120219 -56.6683 -0.0275798 0.11881 0.992534 -21.4315
-0.997193 -0.0689087 -0.0292718 1464.28 0.0650204 -0.990919 0.11769 -56.8204 -0.0371159 0.115456 0.992619 -21.0941
-0.995969 -0.0870172 -0.0217763 1481.28 0.083719 -0.988912 0.122652 -57.3576 -0.0322077 0.120334 0.992211 -20.1431
-0.996324 -0.0844962 -0.0141048 1501.28 0.0820685 -0.988674 0.125656 -58.2416 -0.0245624 0.124036 0.991974 -19.123
-0.996908 -0.0767236 -0.0169425 1528.16 0.0739635 -0.989122 0.127149 -59.2989 -0.0265135 0.125503 0.991739 -17.771
-0.996872 -0.0767357 -0.0188991 1534.6 0.0737747 -0.989336 0.125584 -59.4853 -0.0283343 0.123797 0.991903 -17.466
-0.996811 -0.0732574 -0.0316296 1560.46 0.0684834 -0.988872 0.132067 -60.2333 -0.0409525 0.12948 0.990736 -15.9488
-0.997122 -0.0667569 -0.0359254 1576.64 0.0613086 -0.988835 0.13582 -60.7322 -0.0445912 0.133226 0.990082 -14.8511
-0.998108 -0.0537441 -0.029873 1598.85 0.0490818 -0.989016 0.13942 -61.1322 -0.0370379 0.13769 0.989783 -13.3739
-0.998189 -0.0535269 -0.0274664 1605.01 0.0490449 -0.988392 0.143794 -61.2739 -0.0348444 0.142186 0.989226 -12.9863
-0.997261 -0.0607849 -0.0421353 1629.82 0.0530086 -0.984709 0.165944 -61.8597 -0.0515779 0.163256 0.985235 -11.3727
-0.995624 -0.0599237 -0.0717108 1645.45 0.0476746 -0.985679 0.161755 -62.0988 -0.0803768 0.157629 0.984222 -10.0926
-0.995435 -0.0534608 -0.0790693 1660.87 0.03978 -0.985414 0.165459 -62.5677 -0.0867615 0.161558 0.983042 -8.59507
-0.995181 -0.0621188 -0.0758742 1676.09 0.0485312 -0.984359 0.169358 -62.8437 -0.0852078 0.16486 0.98263 -7.01741
-0.993849 -0.0643186 -0.0901495 1691.24 0.0485671 -0.984735 0.167149 -62.8792 -0.0995242 0.161743 0.981802 -5.34785
-0.993286 -0.0686262 -0.0931272 1706.31 0.0521979 -0.984301 0.168601 -62.84 -0.103236 0.162608 0.981275 -3.50998
-0.991872 -0.0823941 -0.0969581 1721.18 0.0652118 -0.983513 0.16867 -62.9047 -0.109257 0.160976 0.980892 -1.57623
-0.989097 -0.106351 -0.101867 1735.78 0.0883162 -0.981893 0.167593 -62.8531 -0.117846 0.156769 0.980579 0.344461
-0.982396 -0.151413 -0.109419 1750.28 0.131399 -0.976401 0.171395 -62.7183 -0.132789 0.154 0.979107 2.31299
-0.975309 -0.187977 -0.115914 1761.8 0.16677 -0.97098 0.171423 -62.7344 -0.144774 0.147859 0.978355 3.94641
-0.961205 -0.246497 -0.123794 1776.05 0.224628 -0.959969 0.167335 -62.5207 -0.160086 0.133036 0.978097 6.02761
-0.937114 -0.322608 -0.133198 1789.9 0.300955 -0.940166 0.159733 -61.9912 -0.176759 0.109601 0.978133 8.07584
-0.901167 -0.408152 -0.145981 1803.57 0.387111 -0.909308 0.152657 -61.2354 -0.195049 0.0810583 0.977438 10.1366
-0.84068 -0.514298 -0.16957 1816.75 0.491916 -0.856187 0.157997 -60.5893 -0.226442 0.0494105 0.972771 12.1595
-0.757794 -0.624245 -0.189911 1827.11 0.601713 -0.781136 0.166637 -59.887 -0.252368 0.0120041 0.967557 13.9021
-0.736034 -0.650881 -0.186033 1829.54 0.629722 -0.759169 0.164656 -59.6951 -0.248402 0.00404326 0.968649 14.3786
-0.625341 -0.754647 -0.198636 1839.19 0.739622 -0.65434 0.157472 -58.6257 -0.248812 -0.0484417 0.96734 16.2269
-0.516715 -0.831838 -0.202612 1848.43 0.820543 -0.548699 0.160117 -57.0958 -0.244365 -0.083517 0.96608 17.9941
-0.49208 -0.847229 -0.200152 1850.56 0.83751 -0.523462 0.156733 -56.6823 -0.23756 -0.0905046 0.967147 18.4177
-0.364723 -0.906483 -0.212759 1858.99 0.900967 -0.401252 0.165091 -54.5522 -0.235022 -0.131476 0.963057 20.224
-0.212059 -0.953495 -0.214191 1869.19 0.955168 -0.248563 0.160846 -51.1971 -0.206605 -0.170479 0.963458 22.2035
-0.100774 -0.971641 -0.213914 1877.06 0.980068 -0.133948 0.146713 -47.8853 -0.171205 -0.194865 0.965772 23.5628
0.0120705 -0.975519 -0.219585 1886.64 0.99024 -0.0188324 0.138097 -43.1553 -0.138851 -0.219109 0.96577 25.1497
0.0969017 -0.969764 -0.223981 1895.74 0.98819 0.066903 0.137856 -37.4551 -0.118703 -0.234694 0.964794 26.3894
0.159287 -0.961476 -0.224033 1902.46 0.981771 0.130437 0.138243 -32.5421 -0.103695 -0.241969 0.964727 27.2147
0.241331 -0.943218 -0.228252 1910.4 0.967076 0.214172 0.137454 -25.8681 -0.0807641 -0.253909 0.96385 28.071
0.332164 -0.914605 -0.230576 1917.73 0.941751 0.307937 0.135205 -18.2465 -0.0526563 -0.262055 0.963615 28.6305
0.400517 -0.886406 -0.2321 1923.19 0.915917 0.380077 0.128987 -11.6443 -0.026119 -0.264246 0.964102 28.9497
0.413568 -0.880294 -0.232473 1924.5 0.910235 0.393914 0.127686 -10.0291 -0.0208266 -0.264412 0.964185 29.0278
0.481345 -0.844395 -0.235169 1929.79 0.876529 0.464364 0.126743 -3.30773 0.00218287 -0.26714 0.963655 29.279
