1 0.000193987 -9.72197e-05 0.00475613 -0.000193978 1 8.72539e-05 -0.0012056 9.72367e-05 -8.72351e-05 1 0.00167295
0.999898 0.000576694 -0.0142792 -1.96376 -0.000551417 0.999998 0.00177405 0.0177671 0.0142802 -0.00176599 0.999896 0.0595167
0.999836 0.000804888 -0.0180721 -4.07319 -0.000784162 0.999999 0.00115393 0.0332159 0.0180731 -0.00113957 0.999836 0.116571
0.999661 -0.000883995 -0.0260394 -6.30331 0.000915492 0.999999 0.0011977 0.0348215 0.0260384 -0.00122113 0.99966 0.170263
0.99966 -0.00241983 -0.0259527 -8.5849 0.00248344 0.999994 0.0024192 0.0318775 0.0259467 -0.00248283 0.99966 0.236126
0.999629 -0.00487294 -0.0268129 -10.7801 0.00494581 0.999984 0.00265227 0.0221743 0.0267995 -0.0027839 0.999637 0.296913
0.999761 -0.00696028 -0.0207245 -13.1468 0.00697995 0.999975 0.000876999 0.00335116 0.0207179 -0.00102145 0.999785 0.368403
0.999682 -0.00777994 -0.0239734 -15.2651 0.00777109 0.99997 -0.000462389 -0.0137713 0.0239763 0.000275943 0.999712 0.415274
0.999667 -0.00816915 -0.0244821 -17.4882 0.00807293 0.999959 -0.0040263 -0.0277775 0.024514 0.00382732 0.999692 0.499019
0.999644 -0.00813781 -0.0254211 -19.792 0.00782255 0.999892 -0.0124765 -0.0641647 0.0255199 0.0122732 0.999599 0.561589
0.999608 -0.00886227 -0.0265433 -22.1669 0.00871168 0.999945 -0.0057833 -0.0696887 0.0265931 0.0055498 0.999631 0.644882
0.999312 -0.0160553 -0.0334235 -25.1056 0.0160666 0.999871 6.96513e-05 -0.107146 0.0334181 -0.000606605 0.999441 0.729198
0.999024 -0.0377206 -0.0230033 -27.5348 0.0377427 0.999287 0.000526741 -0.193551 0.0229671 -0.00139443 0.999735 0.785031
0.99761 -0.0658811 -0.020827 -29.9981 0.0657312 0.997807 -0.00780356 -0.357189 0.0212955 0.00641592 0.999753 0.840064
0.996098 -0.0849084 -0.0240567 -31.9899 0.0845115 0.996276 -0.017064 -0.551245 0.025416 0.0149644 0.999565 0.913725
0.994411 -0.10378 -0.0194206 -33.9788 0.103627 0.994578 -0.0087072 -0.747127 0.020219 0.00664602 0.999773 0.96227
0.993031 -0.11714 -0.0129408 -35.9768 0.116928 0.993009 -0.0161292 -1.00461 0.0147397 0.0145037 0.999786 1.0414
0.992451 -0.121552 -0.0163087 -38.0054 0.121373 0.99254 -0.0115722 -1.25518 0.0175937 0.00950537 0.9998 1.11358
0.992469 -0.120398 -0.0225921 -40.097 0.120332 0.992725 -0.00427239 -1.47707 0.0229421 0.00152167 0.999736 1.17706
0.99282 -0.117711 -0.0212981 -42.1894 0.117731 0.993046 -0.000316778 -1.71312 0.0211873 -0.00219294 0.999773 1.23858
0.99327 -0.113857 -0.0212325 -44.3362 0.113923 0.993488 0.0019104 -1.95139 0.0208767 -0.00431641 0.999773 1.32035
0.993282 -0.114056 -0.0195618 -46.5212 0.11415 0.993457 0.00372115 -2.19431 0.0190093 -0.00592912 0.999802 1.37499
0.992617 -0.119688 -0.0196546 -49.3319 0.119642 0.992811 -0.00349926 -2.53687 0.0199321 0.00112191 0.999801 1.47109
0.991188 -0.130564 -0.0223624 -52.21 0.130532 0.99144 -0.00286113 -2.90608 0.0225446 -8.31069e-05 0.999746 1.57598
0.98947 -0.143562 -0.0184135 -54.5705 0.143488 0.989638 -0.0052623 -3.24372 0.0189782 0.00256477 0.999817 1.64499
0.987489 -0.156392 -0.0201691 -56.9787 0.156166 0.987654 -0.0123407 -3.63276 0.0218501 0.00903656 0.99972 1.70849
0.985659 -0.168041 -0.0154662 -59.4128 0.167832 0.985717 -0.0139192 -4.05575 0.0175843 0.0111238 0.999784 1.79234
0.983617 -0.179679 -0.0146243 -61.8528 0.179521 0.983687 -0.0114972 -4.49141 0.0164515 0.00868348 0.999827 1.88119
0.981575 -0.190665 -0.0125672 -64.2753 0.190559 0.981633 -0.00912852 -4.94332 0.0140769 0.00656552 0.999879 1.97045
0.980147 -0.197931 -0.0116337 -66.6557 0.197809 0.980181 -0.0108123 -5.4299 0.0135432 0.0082964 0.999874 2.06696
0.980206 -0.197784 -0.00884392 -69.0257 0.197727 0.980233 -0.00693242 -5.90295 0.0100402 0.00504651 0.999937 2.15613
0.980569 -0.195912 -0.0101916 -71.3796 0.195814 0.980592 -0.00985152 -6.35703 0.0119238 0.00766443 0.9999 2.2592
0.981215 -0.192776 -0.00733858 -73.6789 0.192687 0.981195 -0.0113371 -6.79253 0.00938609 0.00971007 0.999909 2.35146
0.98201 -0.188656 -0.00809613 -75.8662 0.188547 0.981982 -0.0126787 -7.20084 0.0103422 0.0109241 0.999887 2.42665
0.982724 -0.185021 -0.00454022 -78.2952 0.184945 0.982655 -0.0135693 -7.63586 0.00697207 0.0124952 0.999898 2.51862
0.983004 -0.183583 -0.000497512 -80.4405 0.18356 0.982914 -0.0136205 -8.00918 0.0029895 0.0132976 0.999907 2.60351
0.982888 -0.184187 0.00270779 -82.5621 0.184206 0.982773 -0.0150091 -8.37242 0.000103327 0.015251 0.999884 2.67944
0.981122 -0.193035 0.0117011 -84.5367 0.193234 0.980963 -0.0192682 -8.73661 -0.00775891 0.0211655 0.999746 2.74558
0.979866 -0.198824 0.0182079 -86.582 0.199144 0.979808 -0.0178115 -9.12423 -0.0142989 0.0210789 0.999676 2.82756
0.974753 -0.222645 0.0168977 -88.5902 0.222891 0.974737 -0.014399 -9.54904 -0.0132649 0.0178018 0.999754 2.91254
0.96665 -0.256097 0.00156749 -90.7858 0.256101 0.966642 -0.00386693 -10.0963 -0.00052489 0.0041394 0.999991 2.98238
0.953423 -0.301631 0.00206347 -92.941 0.301636 0.953371 -0.0100187 -10.7988 0.00105469 0.0101744 0.999948 3.06931
0.935432 -0.353466 0.00533239 -95.0724 0.353506 0.935297 -0.0159331 -11.6444 0.000644465 0.0167894 0.999859 3.11753
0.915704 -0.401829 0.00436937 -96.9955 0.401817 0.915425 -0.0232273 -12.5013 0.00533356 0.023025 0.999721 3.21923
0.88907 -0.457764 0.00265872 -99.0526 0.457713 0.88885 -0.021091 -13.5709 0.00729147 0.0199683 0.999774 3.30976
0.854011 -0.520251 -0.00206324 -101.186 0.520121 0.853875 -0.019257 -14.8728 0.0117802 0.0153726 0.999812 3.39564
0.78272 -0.622343 -0.00628331 -104.654 0.622042 0.782592 -0.0247807 -17.5012 0.0203394 0.0154879 0.999673 3.54626
0.74655 -0.665291 -0.00717517 -106.408 0.66494 0.746438 -0.02616 -19.0568 0.0227598 0.0147587 0.999632 3.60455
0.719449 -0.69449 -0.00880833 -108.16 0.694152 0.71941 -0.0245251 -20.7318 0.0233693 0.0115303 0.99966 3.67552
0.70222 -0.711949 -0.0039671 -109.943 0.711742 0.702132 -0.0208453 -22.5365 0.0176263 0.0118145 0.999775 3.77069
0.697149 -0.716926 -0.00110464 -111.757 0.716759 0.697018 -0.0205343 -24.4149 0.0154915 0.0135237 0.999789 3.87619
0.701345 -0.712813 -0.00351089 -113.184 0.712552 0.701207 -0.0240563 -25.8454 0.0196095 0.0143701 0.999704 3.95797
0.706811 -0.707396 -0.0029683 -114.669 0.707201 0.706703 -0.020899 -27.3145 0.0168816 0.0126725 0.999777 4.0361
0.711406 -0.702775 -0.00313008 -116.186 0.70256 0.711286 -0.0219286 -28.8054 0.0176372 0.013401 0.999755 4.12035
0.715388 -0.69868 -0.00820923 -117.753 0.698379 0.715353 -0.0231728 -30.3052 0.0220629 0.0108444 0.999698 4.18867
0.719631 -0.694313 -0.0077599 -119.382 0.694086 0.719618 -0.0198933 -31.8355 0.0193964 0.00892982 0.999772 4.26817
0.72334 -0.690425 -0.00963753 -121.033 0.690182 0.723363 -0.0198769 -33.3991 0.0206949 0.0077261 0.999756 4.35373
0.726859 -0.686662 -0.0131248 -122.732 0.686321 0.726937 -0.022942 -34.9801 0.0252943 0.0076678 0.999651 4.41885
0.731203 -0.682037 -0.0129579 -124.479 0.68175 0.73129 -0.0207866 -36.5691 0.0236532 0.00636518 0.9997 4.49078
0.734841 -0.678113 -0.013075 -126.238 0.677905 0.734948 -0.0172157 -38.1591 0.0212837 0.00378715 0.999766 4.56707
0.739766 -0.672754 -0.0121508 -128.038 0.672552 0.739852 -0.0171208 -39.7849 0.0205078 0.00449336 0.99978 4.6493
0.745697 -0.666197 -0.0108721 -129.849 0.665964 0.745744 -0.0188881 -41.3982 0.020691 0.0068444 0.999762 4.73707
0.753935 -0.656852 -0.0113089 -131.71 0.656636 0.753995 -0.0179051 -43.0158 0.0202879 0.00607341 0.999776 4.80983
0.764214 -0.644838 -0.0126792 -133.618 0.644593 0.764294 -0.0188284 -44.5987 0.0218319 0.00621597 0.999742 4.89039
0.776637 -0.629846 -0.0113198 -135.557 0.629662 0.776701 -0.0161478 -46.1601 0.0189627 0.00541337 0.999806 4.96693
0.788968 -0.614336 -0.0109583 -137.554 0.614243 0.789042 -0.0108523 -47.6938 0.0153135 0.00183103 0.999881 5.05566
0.800834 -0.598774 -0.0115783 -139.593 0.598748 0.800915 -0.00601354 -49.196 0.012874 -0.00211664 0.999915 5.14295
0.81243 -0.582887 -0.0141342 -141.663 0.582875 0.812544 -0.00540369 -50.6657 0.0146344 -0.00384835 0.999886 5.23877
0.824726 -0.565436 -0.0104799 -143.774 0.565478 0.824762 0.00136745 -52.0801 0.00787019 -0.00705391 0.999944 5.32802
0.838766 -0.544463 -0.00566813 -145.93 0.54449 0.838748 0.00569743 -53.4745 0.0016521 -0.00786504 0.999968 5.45194
0.853943 -0.52035 -0.00418284 -148.121 0.520367 0.853919 0.00634893 -54.7868 0.000268143 -0.00759824 0.999971 5.58199
0.870626 -0.491944 0.00139452 -150.343 0.491911 0.870594 0.00949791 -56.0471 -0.0058865 -0.00758314 0.999954 5.70743
0.886445 -0.462826 0.00268485 -152.611 0.462767 0.886402 0.0117449 -57.2156 -0.00781568 -0.00916872 0.999927 5.84783
0.900904 -0.434006 0.00327896 -154.905 0.433947 0.900868 0.011248 -58.3106 -0.0078356 -0.00871047 0.999931 5.99285
0.913772 -0.406217 0.00286915 -157.21 0.406159 0.913726 0.0118073 -59.3173 -0.00741793 -0.00962384 0.999926 6.12399
0.926141 -0.377149 0.00462244 -159.565 0.377081 0.926112 0.0112776 -60.2693 -0.00853422 -0.00870157 0.999926 6.24263
0.935156 -0.35422 0.0032303 -161.939 0.354139 0.935077 0.0147191 -61.1486 -0.00823438 -0.0126207 0.999886 6.38195
0.9431 -0.332507 -0.00141022 -164.338 0.332492 0.942994 0.0145338 -61.9712 -0.00350278 -0.0141757 0.999893 6.50868
0.951589 -0.307366 0.00222386 -166.755 0.3073 0.951493 0.0151255 -62.7525 -0.00676505 -0.0137098 0.999883 6.62063
0.960022 -0.279625 -0.0129671 -169.215 0.279764 0.960011 0.0105098 -63.4561 0.00950978 -0.0137174 0.999861 6.73263
0.967838 -0.251574 8.69423e-05 -171.699 0.25153 0.967675 0.0183522 -64.0891 -0.00470107 -0.0177401 0.999832 6.84059
0.974031 -0.226395 -0.00296807 -174.204 0.226411 0.973861 0.0182516 -64.653 -0.00124159 -0.0184496 0.999829 6.97068
0.979387 -0.201979 -0.002311 -176.741 0.201983 0.979173 0.0205749 -65.1587 -0.00189282 -0.0206175 0.999786 7.07461
0.983047 -0.183347 -0.00133974 -179.295 0.183316 0.982685 0.026918 -65.6226 -0.00361879 -0.0267073 0.999637 7.1986
0.986216 -0.165463 -0.000831019 -181.868 0.165409 0.985736 0.0310695 -66.0323 -0.00432168 -0.0307787 0.999517 7.32137
0.989158 -0.146842 -0.00218015 -184.46 0.146834 0.988608 0.0330908 -66.4081 -0.00270381 -0.0330521 0.99945 7.44739
0.991659 -0.128845 -0.00346734 -187.09 0.12889 0.991138 0.0321492 -66.7279 -0.00070566 -0.032328 0.999477 7.58009
0.993764 -0.111354 -0.00584873 -189.719 0.111474 0.993389 0.0274294 -67.013 0.00275567 -0.0279103 0.999607 7.69416
0.995452 -0.0948127 -0.00923924 -192.375 0.0950216 0.995144 0.0256651 -67.249 0.006761 -0.0264263 0.999628 7.80116
0.996758 -0.079836 -0.00997219 -194.979 0.0800528 0.99651 0.0236553 -67.4535 0.00804884 -0.0243769 0.99967 7.91079
0.998378 -0.0567 -0.00506092 -198.406 0.0568008 0.998128 0.0226789 -67.6492 0.00376556 -0.0229296 0.99973 8.05091
0.999386 -0.0346458 -0.0052583 -200.964 0.0347642 0.999098 0.0244001 -67.7372 0.0044082 -0.0245679 0.999688 8.15342
0.999888 -0.0120332 -0.00886115 -203.539 0.0122668 0.999565 0.0268025 -67.7485 0.00853478 -0.0269082 0.999601 8.26498
0.999919 0.0100122 -0.00791182 -206.099 -0.00978585 0.999556 0.0281487 -67.7124 0.00819014 -0.028069 0.999572 8.36177
0.999516 0.0302068 -0.00740055 -208.669 -0.0299643 0.999072 0.0309447 -67.6201 0.00832842 -0.030708 0.999494 8.47459
0.998771 0.0489541 -0.00769054 -211.245 -0.0487148 0.9984 0.0287134 -67.4878 0.00908387 -0.0283034 0.999558 8.57671
0.997586 0.0683373 -0.0123107 -213.826 -0.0679513 0.997254 0.0294327 -67.3062 0.0142883 -0.0285251 0.999491 8.67326
0.9939 0.109758 -0.0107452 -219.849 -0.10934 0.993429 0.0338183 -66.6886 0.0143864 -0.0324372 0.99937 8.89875
0.992189 0.124378 -0.00956142 -222.428 -0.124023 0.991779 0.0315189 -66.348 0.0134031 -0.0300869 0.999457 8.98854
0.989343 0.145151 -0.0114912 -225.862 -0.144737 0.988983 0.0310396 -65.8353 0.01587 -0.0290456 0.999452 9.11806
0.986569 0.162908 -0.0119728 -228.467 -0.162443 0.986169 0.0328954 -65.3972 0.0171661 -0.0305086 0.999387 9.20103
0.983418 0.18109 -0.00980867 -231.055 -0.180604 0.982828 0.0378408 -64.9002 0.0164928 -0.0354419 0.999236 9.30048
0.979582 0.200758 -0.0107083 -233.632 -0.200224 0.979008 0.0381409 -64.3668 0.0181407 -0.0352181 0.999215 9.39639
0.974545 0.224012 -0.0090223 -236.202 -0.223519 0.973945 0.038336 -63.7855 0.0173749 -0.0353435 0.999224 9.48534
0.96954 0.244931 -0.000774829 -238.742 -0.244698 0.968743 0.0407456 -63.1265 0.0107305 -0.0393149 0.999169 9.59182
0.96564 0.259859 -0.00367578 -241.277 -0.259489 0.964852 0.0415481 -62.4317 0.0143432 -0.0391666 0.99913 9.71007
0.960065 0.27975 -0.00380111 -243.778 -0.279446 0.959505 0.0355017 -61.6881 0.0135788 -0.0330217 0.999362 9.8023
0.951432 0.307661 -0.0110014 -246.259 -0.306926 0.950724 0.0438239 -60.8771 0.0239422 -0.0383189 0.998979 9.89345
0.940784 0.338919 -0.00766468 -248.71 -0.338263 0.939979 0.0449181 -59.9853 0.0224282 -0.0396655 0.998961 9.98531
0.928535 0.371075 -0.0112763 -251.107 -0.370257 0.927849 0.0447997 -59.024 0.0270867 -0.037423 0.998932 10.0568
0.914326 0.404734 -0.0140476 -253.5 -0.403632 0.913565 0.0498107 -57.9667 0.0329934 -0.0398732 0.99866 10.1283
0.893706 0.448573 -0.0084778 -256.642 -0.447622 0.892773 0.0509066 -56.4001 0.0304041 -0.0417007 0.998667 10.2278
0.876611 0.481048 -0.0121143 -258.94 -0.479769 0.875666 0.055054 -55.1514 0.0370917 -0.0424489 0.99841 10.2957
0.859765 0.510606 -0.00928718 -261.233 -0.509354 0.858688 0.0566812 -53.7799 0.0369165 -0.044002 0.998349 10.3609
0.846064 0.533051 -0.00570925 -263.449 -0.531882 0.84483 0.0580006 -52.3858 0.0357406 -0.0460356 0.9983 10.4357
0.833546 0.552418 -0.00595703 -265.594 -0.5511 0.832213 0.060919 -50.9447 0.0386103 -0.0474959 0.998125 10.4985
0.821562 0.570116 -0.00183151 -267.7 -0.568933 0.820057 0.0618194 -49.4786 0.0367461 -0.0497465 0.998086 10.5694
0.809773 0.586742 0.000835426 -269.748 -0.585609 0.808119 0.0632901 -47.9966 0.0364598 -0.0517398 0.997995 10.6399
0.796815 0.604207 0.00439872 -271.738 -0.603176 0.794984 0.0646529 -46.4833 0.0355668 -0.0541696 0.997898 10.7105
0.782754 0.622286 0.00757727 -273.682 -0.621474 0.780978 0.0620027 -44.9386 0.0326657 -0.0532419 0.998047 10.78
0.76682 0.641761 0.0113548 -275.573 -0.641123 0.764969 0.0615201 -43.3453 0.0307951 -0.0544547 0.998041 10.8405
0.749833 0.661521 0.0118457 -277.409 -0.660814 0.747905 0.0629566 -41.7402 0.0327876 -0.0550348 0.997946 10.9221
0.734039 0.678962 0.0140188 -279.21 -0.678284 0.731977 0.064345 -40.0567 0.0334263 -0.0567405 0.997829 10.9865
0.719621 0.694177 0.0162322 -280.966 -0.693413 0.717212 0.069171 -38.3462 0.036375 -0.0610325 0.997473 11.0492
0.707077 0.706984 0.0146688 -282.692 -0.705937 0.704519 0.0728466 -36.6105 0.0411669 -0.0618635 0.997235 11.1034
0.695822 0.71803 0.0162949 -284.384 -0.716971 0.693104 0.074566 -34.8597 0.0422466 -0.0635676 0.997083 11.1524
0.686475 0.726965 0.0165547 -286.049 -0.725871 0.683734 0.0749643 -33.0933 0.0431774 -0.0634777 0.997049 11.1885
0.678166 0.734673 0.0186078 -287.679 -0.733452 0.675012 0.0800385 -31.3047 0.0462416 -0.0679274 0.996618 11.2176
0.674364 0.738021 0.0236126 -289.315 -0.737127 0.670982 0.0801677 -29.513 0.0433218 -0.0714677 0.996502 11.2541
0.672758 0.739465 0.024244 -290.926 -0.738703 0.669509 0.0779403 -27.7354 0.0414026 -0.0703441 0.996663 11.2939
0.673331 0.738815 0.0278913 -292.528 -0.738508 0.670304 0.0727874 -25.9725 0.0350808 -0.069608 0.996957 11.3422
0.679623 0.733166 0.0240995 -294.122 -0.732846 0.677143 0.0664311 -24.2405 0.0323862 -0.0628093 0.9975 11.3961
0.691023 0.722446 0.0236401 -295.755 -0.722261 0.688807 0.0623164 -22.5741 0.0287367 -0.0601364 0.997776 11.4475
0.705916 0.707846 0.025227 -297.384 -0.707917 0.703929 0.0577655 -20.9508 0.0231311 -0.0586362 0.998011 11.5037
0.722535 0.69091 0.0242191 -299.031 -0.690986 0.720615 0.0570219 -19.3771 0.0219444 -0.0579354 0.998079 11.563
0.741993 0.669925 0.0254114 -300.718 -0.670212 0.740332 0.0521936 -17.8478 0.0161529 -0.0557583 0.998314 11.6325
0.760529 0.648799 0.0256103 -302.45 -0.649143 0.758873 0.0522012 -16.4102 0.0144331 -0.0563253 0.998308 11.7019
0.780109 0.625267 0.0216802 -304.21 -0.625469 0.778608 0.0505796 -15.0083 0.0147454 -0.0530179 0.998485 11.7589
0.800683 0.598533 0.0257803 -306.005 -0.599036 0.799302 0.0476679 -13.6797 0.00792455 -0.0536102 0.99853 11.8241
0.824893 0.564713 0.0255009 -307.863 -0.565272 0.823677 0.0449854 -12.4227 0.00439929 -0.0515231 0.998662 11.8902
0.84816 0.529108 0.0258618 -309.786 -0.52974 0.847119 0.0420092 -11.268 0.000319387 -0.0493305 0.998782 11.9683
0.872984 0.487214 0.0228504 -311.771 -0.487749 0.871971 0.0420495 -10.2123 0.000562193 -0.0478538 0.998854 12.0272
0.898489 0.437967 0.0300461 -313.829 -0.438933 0.897416 0.0445285 -9.24847 -0.00746188 -0.0531966 0.998556 12.1066
0.923174 0.383108 0.031269 -315.922 -0.384176 0.922286 0.0423953 -8.42128 -0.012597 -0.051151 0.998611 12.2009
0.945857 0.323772 0.022929 -318.116 -0.324495 0.944883 0.0435774 -7.72027 -0.00755602 -0.0486583 0.998787 12.2947
0.963904 0.265039 0.0253564 -320.341 -0.265835 0.963339 0.0361986 -7.19578 -0.0148327 -0.0416326 0.999023 12.3686
0.976713 0.213512 0.0210638 -322.578 -0.214166 0.976122 0.036328 -6.74383 -0.0128044 -0.0399932 0.999118 12.475
0.983717 0.178632 0.019787 -324.865 -0.179313 0.982945 0.0408082 -6.38767 -0.0121599 -0.0436918 0.998971 12.5475
0.988866 0.147361 0.0206842 -327.191 -0.148117 0.988093 0.041632 -6.08164 -0.014303 -0.0442321 0.998919 12.6585
0.992536 0.119497 0.0243385 -329.546 -0.120318 0.992095 0.0356633 -5.86662 -0.0198845 -0.0383255 0.999067 12.7661
0.995108 0.0954101 0.0256327 -331.914 -0.096272 0.994746 0.0348056 -5.69278 -0.0221772 -0.037103 0.999065 12.882
0.996508 0.0793129 0.0260998 -334.322 -0.0801728 0.99621 0.0337408 -5.56749 -0.0233248 -0.0357154 0.99909 12.9993
0.997435 0.0678936 0.0226831 -336.742 -0.0686026 0.997128 0.0320995 -5.45118 -0.0204386 -0.0335733 0.999227 13.1229
0.99773 0.0638437 0.0214134 -339.173 -0.0643997 0.997576 0.0263683 -5.36126 -0.0196781 -0.0276875 0.999423 13.2319
0.997581 0.0656095 0.0229853 -341.652 -0.0661964 0.997474 0.0257787 -5.25872 -0.0212359 -0.0272379 0.999403 13.3554
0.997141 0.0721913 0.0223255 -344.118 -0.0727114 0.997078 0.0234356 -5.14452 -0.0205684 -0.024992 0.999476 13.4705
0.996815 0.0768405 0.0213558 -346.619 -0.0773122 0.996759 0.0222136 -5.00146 -0.0195797 -0.0237939 0.999525 13.5992
0.996405 0.0810864 0.0245295 -349.132 -0.0816741 0.99637 0.0239875 -4.85778 -0.0224954 -0.0259047 0.999411 13.7218
0.996075 0.0850802 0.0244039 -351.673 -0.0857363 0.995946 0.0272306 -4.70252 -0.0219882 -0.029216 0.999331 13.8434
0.995763 0.0884759 0.0250571 -354.21 -0.0891339 0.995667 0.0264871 -4.53323 -0.022605 -0.0286083 0.999335 13.9637
0.995565 0.0910023 0.02384 -356.759 -0.0916876 0.995353 0.0294298 -4.35353 -0.021051 -0.0314852 0.999283 14.0851
0.995287 0.0945579 0.0214915 -359.361 -0.0952146 0.994945 0.0319191 -4.15644 -0.0183647 -0.033815 0.999259 14.213
0.99495 0.0971333 0.0253098 -361.955 -0.0979523 0.99463 0.0334264 -3.96396 -0.0219271 -0.0357368 0.999121 14.3289
0.995137 0.0956847 0.0233684 -364.568 -0.0965533 0.994548 0.0394015 -3.73962 -0.0194709 -0.0414662 0.99895 14.4539
0.995402 0.0926311 0.024379 -367.189 -0.0936254 0.99466 0.0434147 -3.55424 -0.0202272 -0.0454975 0.99876 14.5842
0.995834 0.0885646 0.0217098 -369.851 -0.0894783 0.994948 0.0455254 -3.36807 -0.0175682 -0.0472783 0.998727 14.7153
0.996211 0.0841261 0.0220475 -372.514 -0.085096 0.995238 0.0475395 -3.21625 -0.0179432 -0.0492356 0.998626 14.8344
0.996564 0.0791638 0.0243574 -375.196 -0.0802535 0.995637 0.0475968 -3.05612 -0.0204832 -0.049388 0.99857 14.9558
0.997096 0.0725348 0.0232065 -377.899 -0.0736396 0.995983 0.0509465 -2.923 -0.0194179 -0.0525074 0.998432 15.088
0.997952 0.0613036 0.0182717 -380.621 -0.0621751 0.996724 0.051722 -2.81052 -0.0150411 -0.0527521 0.998494 15.2211
0.998416 0.0525506 0.0200927 -383.356 -0.0534205 0.997533 0.0455377 -2.73952 -0.0176501 -0.046539 0.998761 15.3406
0.998648 0.0472163 0.0217544 -386.105 -0.0480955 0.997966 0.0418421 -2.67416 -0.0197345 -0.0428318 0.998887 15.4768
0.998992 0.0404373 0.0194696 -388.87 -0.041181 0.998373 0.0394451 -2.62614 -0.0178429 -0.0402071 0.999032 15.6099
0.999158 0.0346996 0.021886 -391.634 -0.0354465 0.998768 0.0347149 -2.60468 -0.0206545 -0.0354615 0.999158 15.7372
0.999319 0.0293925 0.0222992 -394.392 -0.0301918 0.998881 0.0363943 -2.58208 -0.0212046 -0.0370427 0.999089 15.8744
0.9994 0.0246811 0.0243032 -397.105 -0.0256542 0.998847 0.040579 -2.57294 -0.0232736 -0.0411781 0.998881 16.0235
0.999304 0.0220416 0.0300879 -399.773 -0.0232226 0.99895 0.0394817 -2.57643 -0.0291861 -0.0401529 0.998767 16.1904
0.999379 0.0235245 0.0262312 -402.453 -0.0245332 0.998945 0.0388218 -2.57784 -0.0252903 -0.0394412 0.998902 16.3309
0.999374 0.0240955 0.0258942 -405.078 -0.0251079 0.998904 0.0395073 -2.56738 -0.0249138 -0.0401327 0.998884 16.4886
0.999493 0.0231566 0.0218366 -407.726 -0.0239219 0.999085 0.0354632 -2.58144 -0.0209955 -0.0359676 0.999132 16.6318
0.999604 0.0228188 0.0164762 -410.363 -0.0233887 0.999104 0.0352689 -2.60595 -0.0156567 -0.0356402 0.999242 16.754
0.99927 0.0225487 0.0308316 -413.012 -0.0235026 0.999245 0.0309337 -2.61389 -0.0301108 -0.0316358 0.999046 16.8955
0.999489 0.0251212 0.0197583 -415.645 -0.0256996 0.999232 0.0295865 -2.6165 -0.0189999 -0.0300791 0.999367 17.0369
0.999357 0.0267445 0.0238614 -418.316 -0.0273466 0.999306 0.0252736 -2.6176 -0.0231689 -0.0259099 0.999396 17.1669
0.999399 0.0277068 0.0208192 -420.954 -0.0281952 0.999325 0.0235408 -2.62501 -0.0201529 -0.0241136 0.999506 17.3091
0.999455 0.0266445 0.0194693 -423.585 -0.0271283 0.999319 0.0250232 -2.64001 -0.0187893 -0.0255378 0.999497 17.4251
0.999362 0.0238209 0.0266027 -426.17 -0.0246838 0.999164 0.0325942 -2.63192 -0.0258041 -0.0332301 0.999115 17.5665
0.999429 0.0215308 0.0260319 -428.734 -0.022428 0.999147 0.034677 -2.63446 -0.025263 -0.0352411 0.999059 17.7227
0.999532 0.0194971 0.0235843 -431.267 -0.0202559 0.99927 0.0323754 -2.65312 -0.0229358 -0.032838 0.999197 17.8629
0.999646 0.0144185 0.0223637 -433.755 -0.0150945 0.999425 0.03036 -2.69227 -0.0219131 -0.0306868 0.999289 17.9967
0.999683 0.00857416 0.0236546 -436.257 -0.0092964 0.999489 0.0305939 -2.72512 -0.0233802 -0.0308041 0.999252 18.1312
0.999777 0.00552958 0.0203728 -438.739 -0.00612448 0.999553 0.0292548 -2.76948 -0.020202 -0.0293731 0.999364 18.2678
0.999674 0.00259416 0.0253849 -441.17 -0.00333463 0.999569 0.0291709 -2.82543 -0.0252983 -0.0292461 0.999252 18.4129
0.99974 0.000131386 0.0228142 -443.576 -0.00077634 0.9996 0.0282633 -2.88338 -0.0228014 -0.0282736 0.99934 18.5466
0.999741 -0.00192932 0.0226953 -445.968 0.00135682 0.999681 0.0252136 -2.95472 -0.0227367 -0.0251763 0.999424 18.6735
0.999831 -0.00373867 0.0179951 -448.327 0.00337552 0.999791 0.0201685 -3.02185 -0.0180668 -0.0201044 0.999635 18.7993
0.999645 -0.00405121 0.026334 -450.659 0.00363804 0.99987 0.0157187 -3.10811 -0.0263943 -0.0156173 0.99953 18.9267
0.999733 -0.00346591 0.0228636 -452.959 0.00320484 0.999929 0.0114457 -3.18404 -0.0229017 -0.0113693 0.999673 19.0532
0.999715 -0.00187707 0.0237817 -455.22 0.00158113 0.999921 0.012457 -3.25013 -0.0238032 -0.0124158 0.99964 19.175
0.999689 -0.000841433 0.0249082 -457.462 0.000492454 0.999902 0.0140134 -3.31543 -0.0249175 -0.0139968 0.999592 19.2956
0.999727 0.00171592 0.0233131 -460.362 -0.00205311 0.999894 0.014447 -3.37409 -0.0232858 -0.0144909 0.999624 19.461
0.999738 0.00278177 0.0227115 -462.415 -0.00318897 0.999834 0.0179128 -3.42345 -0.0226579 -0.0179806 0.999582 19.5839
0.999776 0.00572089 0.0203627 -464.413 -0.00615877 0.99975 0.0215065 -3.45777 -0.0202345 -0.0216271 0.999561 19.6766
0.99963 0.0130181 0.0238875 -466.914 -0.0135687 0.999643 0.0230355 -3.47578 -0.0235791 -0.0233511 0.999449 19.831
0.999127 0.0312743 0.0277133 -469.261 -0.0320508 0.999093 0.0280327 -3.45972 -0.0268115 -0.0288964 0.999223 19.9764
0.99632 0.07875 0.0338507 -471.974 -0.0795838 0.996538 0.0240319 -3.32091 -0.0318411 -0.0266374 0.999138 20.1513
0.98691 0.155919 0.0412095 -473.996 -0.157002 0.987294 0.024502 -3.01925 -0.0368656 -0.0306512 0.99885 20.2783
0.96033 0.27544 0.0435696 -476.355 -0.276534 0.960767 0.0213515 -2.37588 -0.0359791 -0.0325529 0.998822 20.4499
0.912646 0.406708 0.0408193 -478.536 -0.407748 0.912847 0.021259 -1.42102 -0.0286156 -0.0360459 0.99894 20.5893
0.842529 0.537066 0.0412839 -480.524 -0.538128 0.842612 0.0205888 -0.178043 -0.0237287 -0.0395627 0.998935 20.7209
0.739682 0.671514 0.044034 -482.251 -0.672819 0.739267 0.0282513 1.41031 -0.0135817 -0.050524 0.99863 20.8268
0.599665 0.798379 0.0547053 -483.65 -0.800189 0.599068 0.0285607 3.30043 -0.00996989 -0.0609014 0.998094 20.9075
0.467462 0.883092 0.0403335 -484.532 -0.88399 0.466634 0.0285448 5.01281 0.00638671 -0.0489981 0.998778 20.9651
0.298395 0.953175 0.0491679 -485.28 -0.954225 0.296832 0.0366774 7.35143 0.0203654 -0.0578616 0.998117 21.0139
0.214353 0.975037 0.0579359 -485.707 -0.976469 0.212474 0.0369185 9.37511 0.023687 -0.0644862 0.997637 21.0613
0.163777 0.985087 0.0527297 -486.077 -0.985875 0.161543 0.0442003 11.5011 0.0350231 -0.0592239 0.99763 21.0863
0.130217 0.990004 0.0541865 -486.371 -0.990681 0.127716 0.0473241 13.702 0.0399306 -0.0598439 0.997409 21.1011
0.102124 0.993058 0.0583678 -486.624 -0.993866 0.0993525 0.0485721 16.009 0.0424359 -0.0629702 0.997113 21.0962
0.0805529 0.994773 0.0627464 -486.842 -0.995662 0.0773642 0.0516949 18.4154 0.0465704 -0.0666384 0.99669 21.11
0.0628712 0.995454 0.0715392 -487.002 -0.996825 0.0591258 0.0533218 20.9119 0.0488496 -0.0746645 0.996012 21.1206
0.0440556 0.996299 0.073806 -487.165 -0.997832 0.0402672 0.0520541 23.4991 0.0488895 -0.0759393 0.995913 21.1182
0.0259492 0.996992 0.0730313 -487.25 -0.998384 0.0221513 0.0523406 26.213 0.0505654 -0.0742714 0.995955 21.1333
0.0129378 0.99711 0.0748676 -487.312 -0.998706 0.00920246 0.0500241 28.3104 0.0491906 -0.0754179 0.995938 21.1283
0.00138321 0.997295 0.0734895 -487.34 -0.998673 -0.0024058 0.051445 30.4478 0.0514826 -0.0734632 0.995968 21.1263
-0.00954276 0.997125 0.0751671 -487.331 -0.998557 -0.0134751 0.0519823 33.3726 0.0528458 -0.0745626 0.995815 21.1289
-0.014632 0.997266 0.0724332 -487.345 -0.998448 -0.0184653 0.0525387 35.6377 0.0537326 -0.071552 0.995989 21.1217
-0.0173755 0.997071 0.0744804 -487.322 -0.998223 -0.0215452 0.0555521 37.9304 0.0569941 -0.0733828 0.995674 21.1106
-0.0178303 0.99721 0.072484 -487.314 -0.998332 -0.0217375 0.0534777 40.2857 0.0549041 -0.0714096 0.995935 21.1003
-0.0187491 0.99709 0.073887 -487.301 -0.998407 -0.0226043 0.0516911 42.6605 0.0532109 -0.0728002 0.995926 21.1053
-0.019864 0.997174 0.0724507 -487.302 -0.998307 -0.0237442 0.0530934 45.0722 0.0546636 -0.0712734 0.995958 21.0917
-0.0248095 0.997106 0.0718589 -487.269 -0.998317 -0.0284808 0.0505254 47.451 0.0524258 -0.0704845 0.996134 21.0972
-0.0312186 0.996827 0.0732165 -487.242 -0.998049 -0.0350518 0.0516672 49.8428 0.0540696 -0.0714607 0.995977 21.092
-0.0376412 0.996529 0.0742542 -487.187 -0.998022 -0.0412341 0.0474621 53.0476 0.0503592 -0.0723207 0.996109 21.09
-0.0348821 0.997025 0.068731 -487.132 -0.997883 -0.0385241 0.052397 55.5018 0.0548889 -0.0667577 0.996258 21.0895
-0.0332699 0.996813 0.0725043 -487.088 -0.998235 -0.0367122 0.0466738 57.9566 0.0491869 -0.0708236 0.996275 21.0875
-0.0329071 0.996983 0.0703013 -487.049 -0.998342 -0.0361125 0.0448221 60.4665 0.0472256 -0.0687098 0.996518 21.0887
-0.0348509 0.99678 0.0722144 -486.989 -0.998189 -0.0382626 0.0464117 63.827 0.0490253 -0.0704662 0.996309 21.0988
-0.0355615 0.996769 0.0720218 -486.938 -0.998288 -0.0387789 0.0437778 66.3991 0.0464293 -0.0703418 0.996442 21.0941
-0.0369203 0.996904 0.0694237 -486.89 -0.998093 -0.0402254 0.0468278 68.9866 0.0494754 -0.0675624 0.996488 21.1021
-0.0387119 0.996823 0.0696064 -486.829 -0.99818 -0.0417993 0.0434594 71.5929 0.0462308 -0.0677973 0.996627 21.1105
-0.0408179 0.996766 0.0692162 -486.771 -0.998027 -0.0439806 0.0448005 74.2421 0.0476998 -0.067251 0.996595 21.1104
-0.0432976 0.996712 0.068485 -486.707 -0.998013 -0.046291 0.0427429 76.904 0.0457726 -0.0664982 0.996736 21.1143
-0.0472337 0.996774 0.0648826 -486.627 -0.997765 -0.0501544 0.044148 79.583 0.0472597 -0.0626523 0.996916 21.1247
-0.0530593 0.996452 0.0653239 -486.539 -0.997476 -0.0559774 0.0436811 82.2755 0.0471828 -0.0628413 0.996908 21.1223
-0.0608471 0.996173 0.0627507 -486.419 -0.997017 -0.063649 0.0436607 84.986 0.0474876 -0.0599068 0.997074 21.1278
-0.0710381 0.995455 0.0634235 -486.273 -0.996174 -0.0740465 0.0464129 87.7419 0.0508983 -0.0598838 0.996907 21.1222
-0.0823626 0.994536 0.0641492 -486.094 -0.995366 -0.0852954 0.0444037 90.4918 0.0496327 -0.0601947 0.996952 21.1243
-0.0930104 0.993595 0.0641695 -485.887 -0.994445 -0.0958925 0.0433943 93.2672 0.0492697 -0.0597769 0.996995 21.1181
-0.103873 0.992314 0.0672498 -485.629 -0.993327 -0.106911 0.0432715 96.0781 0.0501287 -0.0623062 0.996797 21.1134
-0.112363 0.99118 0.0702649 -485.36 -0.992437 -0.115461 0.0416822 98.8905 0.0494273 -0.06505 0.996657 21.1157
-0.121434 0.990143 0.0697922 -485.05 -0.991232 -0.124657 0.0438219 101.738 0.05209 -0.0638587 0.996599 21.1156
-0.130328 0.988999 0.0699737 -484.734 -0.990167 -0.133451 0.0419512 104.542 0.0508277 -0.0638182 0.996666 21.1188
-0.137873 0.988032 0.0691639 -484.399 -0.989081 -0.141017 0.0428094 107.308 0.0520503 -0.0625064 0.996686 21.116
-0.156557 0.986042 0.0566718 -483.548 -0.986841 -0.158517 0.0319007 113.687 0.0404388 -0.0509318 0.997883 21.13
-0.163728 0.984673 0.0601041 -483.139 -0.985082 -0.16646 0.0436311 116.424 0.0529673 -0.0520638 0.997238 21.1381
-0.173473 0.983224 0.056361 -482.727 -0.983534 -0.175905 0.0414619 119.175 0.0506805 -0.0482404 0.997549 21.1195
-0.184429 0.981196 0.0569196 -482.265 -0.981606 -0.186796 0.0394664 121.969 0.0493567 -0.0485938 0.997598 21.117
-0.194609 0.979051 0.0598811 -481.754 -0.979558 -0.197153 0.0399548 124.777 0.0509235 -0.0508815 0.997406 21.1068
-0.212096 0.975055 0.065443 -480.826 -0.975958 -0.214781 0.0370735 129.481 0.0502046 -0.0560065 0.997167 21.0793
-0.223509 0.972496 0.0655329 -480.233 -0.973435 -0.226141 0.0358473 132.353 0.049681 -0.0557798 0.997206 21.0799
-0.24546 0.967218 0.0651113 -479.135 -0.968017 -0.248149 0.0369438 137.158 0.05189 -0.0539606 0.997194 21.0651
-0.256131 0.964493 0.0644254 -478.638 -0.965173 -0.258846 0.0379404 139.121 0.0532695 -0.052464 0.997201 21.0505
-0.312851 0.9475 0.0660927 -475.827 -0.948234 -0.315575 0.0355711 148.88 0.0545608 -0.0515429 0.997179 21.0341
-0.323753 0.943867 0.0655705 -475.165 -0.944705 -0.326302 0.0325391 150.875 0.0521083 -0.0514102 0.997317 21.0007
-0.346104 0.935844 0.0663984 -473.461 -0.93679 -0.348592 0.0301412 155.839 0.0513534 -0.0517693 0.997338 20.9632
-0.355391 0.932045 0.0706299 -472.736 -0.932903 -0.358393 0.035303 157.827 0.0582173 -0.0533444 0.996878 20.9379
-0.365392 0.927925 0.0737808 -471.985 -0.928526 -0.368934 0.0415671 159.827 0.0657914 -0.0533191 0.996408 20.9083
-0.374969 0.924418 0.0696425 -471.225 -0.924749 -0.378261 0.0419137 161.827 0.0650888 -0.0486855 0.996691 20.8602
-0.385163 0.920034 0.0720182 -470.435 -0.921261 -0.387903 0.0284403 163.793 0.0541021 -0.0553935 0.996998 20.8456
-0.393093 0.916034 0.0797426 -469.624 -0.917872 -0.396076 0.0252071 165.751 0.0546747 -0.0632848 0.996497 20.8199
-0.400661 0.912717 0.0801172 -468.792 -0.914412 -0.403836 0.0276934 167.7 0.0576305 -0.0621645 0.996401 20.8284
-0.412807 0.90768 0.0755437 -467.549 -0.908681 -0.416098 0.0340702 170.592 0.0623585 -0.0545807 0.99656 20.7894
-0.420536 0.903975 0.0773205 -466.704 -0.905279 -0.423736 0.0303127 172.491 0.0601654 -0.057249 0.996545 20.7538
-0.427039 0.900807 0.0786388 -465.838 -0.902282 -0.430213 0.0283486 174.373 0.059368 -0.0588485 0.9965 20.7367
-0.439742 0.894187 0.0840033 -464.067 -0.896065 -0.44314 0.0263365 178.134 0.060775 -0.0636912 0.996117 20.6832
-0.457976 0.880556 0.121979 -458.563 -0.887307 -0.461173 -0.00227138 188.993 0.0542535 -0.109273 0.99253 20.4837
-0.463523 0.877957 0.11974 -457.621 -0.8841 -0.467283 0.00379561 190.923 0.0592851 -0.104103 0.992798 20.4926
-0.467137 0.87616 0.118854 -456.678 -0.882246 -0.47078 0.00293087 192.762 0.0585222 -0.10349 0.992907 20.4807
-0.471106 0.874066 0.118606 -455.734 -0.880074 -0.474823 0.00352991 194.587 0.0594023 -0.102719 0.992935 20.4584
-0.474129 0.872328 0.119353 -454.774 -0.878228 -0.4782 0.00631321 196.395 0.062582 -0.101826 0.992832 20.4292
-0.47796 0.870016 0.120944 -453.833 -0.876116 -0.48207 0.00545832 198.187 0.0630522 -0.103352 0.992644 20.3995
-0.48104 0.86824 0.121492 -452.883 -0.87448 -0.485046 0.00391883 199.965 0.0623319 -0.104358 0.992585 20.3733
-0.484355 0.866564 0.120281 -451.912 -0.872727 -0.488199 0.00287299 201.738 0.0612109 -0.103581 0.992736 20.3456
-0.487561 0.864581 0.121589 -450.955 -0.870885 -0.491481 0.00259312 203.5 0.0620007 -0.104626 0.992577 20.3203
-0.48884 0.863969 0.120803 -449.543 -0.870406 -0.492333 -0.00107037 206.094 0.0585505 -0.105671 0.992676 20.2807
-0.490981 0.862813 0.120378 -448.132 -0.868944 -0.4949 0.00308878 208.671 0.0622403 -0.103085 0.992723 20.2419
-0.490134 0.862747 0.124242 -446.723 -0.868946 -0.494839 0.00821068 211.242 0.0685634 -0.103935 0.992218 20.189
-0.491053 0.862757 0.120489 -445.337 -0.868919 -0.494946 0.00275511 213.795 0.0620126 -0.103343 0.992711 20.1402
-0.491514 0.863084 0.116192 -443.957 -0.868996 -0.494819 -0.0004627 216.287 0.0570945 -0.101198 0.993227 20.1024
-0.490091 0.863675 0.117794 -442.599 -0.869687 -0.493602 0.000733436 218.794 0.058777 -0.102085 0.993038 20.0754
-0.487572 0.865777 0.112712 -441.264 -0.871282 -0.490782 0.000841678 221.261 0.0560457 -0.0977935 0.993627 20.0436
-0.483492 0.86793 0.113725 -439.941 -0.873713 -0.486438 -0.00210024 223.724 0.0534974 -0.100379 0.99351 20.0106
-0.478964 0.870121 0.116111 -438.653 -0.876197 -0.481945 -0.00272761 226.159 0.0535855 -0.103042 0.993233 19.9906
-0.47568 0.872091 0.114831 -437.394 -0.878004 -0.478649 -0.00194224 228.577 0.0532702 -0.101746 0.993383 19.9718
-0.472142 0.874146 0.113802 -436.162 -0.880002 -0.474962 -0.00263382 230.971 0.0517495 -0.10139 0.9935 19.955
-0.469819 0.875792 0.110717 -434.931 -0.881295 -0.472563 -0.0016542 233.345 0.0508721 -0.0983518 0.993851 19.9425
-0.469789 0.876651 0.103831 -433.748 -0.881527 -0.472129 -0.00230823 235.688 0.0469981 -0.0926142 0.994592 19.9381
-0.468438 0.877061 0.106444 -432.567 -0.881933 -0.471366 0.0026837 238.002 0.0525277 -0.092619 0.994315 19.9267
-0.467753 0.87756 0.105331 -431.444 -0.882549 -0.470217 -0.0016236 240.19 0.0481037 -0.0937192 0.994436 19.9194
-0.467062 0.87751 0.108763 -430.368 -0.882987 -0.469373 -0.00487793 242.289 0.0467702 -0.098315 0.994056 19.9276
-0.465702 0.878128 0.109605 -429.346 -0.883534 -0.468364 -0.00164624 244.299 0.0498893 -0.0976061 0.993974 19.9245
-0.467594 0.87706 0.110096 -428.375 -0.882428 -0.470447 -7.74656e-05 246.184 0.0517262 -0.0971878 0.993921 19.9215
-0.47337 0.874003 0.109729 -427.441 -0.879269 -0.476326 0.000826855 247.989 0.0529893 -0.0960897 0.993961 19.9191
-0.501514 0.857842 0.112212 -426.219 -0.863292 -0.504705 3.11764e-05 250.194 0.0566604 -0.0968557 0.993684 19.8931
-0.559239 0.821303 0.112752 -424.946 -0.826512 -0.562918 0.000954795 252.137 0.0642545 -0.0926573 0.993623 19.8575
-0.646904 0.750703 0.134015 -423.457 -0.757715 -0.652583 -0.00203534 253.893 0.0859282 -0.102862 0.990977 19.7486
-0.734765 0.667656 0.119818 -421.794 -0.673207 -0.739409 -0.00816021 255.4 0.0831465 -0.0866583 0.992762 19.6838
-0.80854 0.576629 0.117309 -419.999 -0.583336 -0.81164 -0.0309912 256.699 0.077342 -0.0934881 0.992612 19.5555
-0.867932 0.483475 0.113777 -418.089 -0.488535 -0.872316 -0.0199759 257.821 0.0895913 -0.0729216 0.993306 19.4256
-0.922107 0.368252 0.118781 -415.593 -0.372384 -0.927975 -0.013886 258.787 0.105112 -0.0570364 0.992823 19.2559
-0.956046 0.269236 0.116138 -413.024 -0.274662 -0.960966 -0.033256 259.503 0.102651 -0.063693 0.992676 19.093
-0.973768 0.19238 0.121516 -410.43 -0.199542 -0.978628 -0.0497023 260.004 0.109357 -0.0726461 0.991344 18.9032
-0.983114 0.143294 0.113812 -408.396 -0.14874 -0.988032 -0.0408493 260.332 0.106597 -0.057088 0.992662 18.7336
-0.988268 0.0995275 0.115845 -406.334 -0.105834 -0.993145 -0.0496124 260.503 0.110113 -0.0612907 0.992028 18.6039
-0.990457 0.0720751 0.117472 -404.262 -0.0793119 -0.995153 -0.0581356 260.662 0.112712 -0.0668977 0.991373 18.4245
-0.99144 0.0555835 0.118138 -402.218 -0.0624526 -0.996517 -0.0552585 260.788 0.114655 -0.0621635 0.991459 18.2747
-0.992218 0.0463572 0.115565 -400.198 -0.0531662 -0.996983 -0.0565492 260.888 0.112594 -0.0622532 0.991689 18.1368
-0.992548 0.0361414 0.116375 -398.206 -0.0429639 -0.997469 -0.0566596 260.994 0.114032 -0.0612372 0.991588 17.9713
-0.992598 0.0261786 0.118594 -396.212 -0.0328557 -0.997962 -0.0547017 261.064 0.11692 -0.0581933 0.991435 17.8154
-0.992653 0.0142831 0.120148 -393.752 -0.0212121 -0.998172 -0.0565907 261.118 0.11912 -0.0587235 0.991142 17.6288
-0.993003 0.00359709 0.118031 -391.306 -0.010415 -0.998308 -0.0571985 261.159 0.117625 -0.0580276 0.991361 17.437
-0.992883 -0.00355435 0.119041 -388.818 -0.00349521 -0.998254 -0.0589586 261.178 0.119043 -0.058955 0.991137 17.22
-0.993362 0.000255003 0.115027 -382.499 -0.00644885 -0.998548 -0.0534782 261.285 0.114846 -0.053865 0.991922 16.7499
-0.994174 0.00326694 0.107736 -380.236 -0.00881232 -0.998658 -0.0510362 261.322 0.107424 -0.0516882 0.992869 16.5707
-0.994031 0.0125265 0.108378 -376.143 -0.0179566 -0.998624 -0.049273 261.426 0.107611 -0.050925 0.992888 16.2723
-0.99391 0.0174414 0.10881 -373.722 -0.0223197 -0.998792 -0.0437778 261.513 0.107915 -0.0459398 0.993098 16.1065
-0.99369 0.0229477 0.109786 -371.295 -0.028063 -0.99858 -0.0452771 261.598 0.108591 -0.0480723 0.992923 15.9338
-0.993775 0.0260299 0.10832 -368.875 -0.0309072 -0.998571 -0.0435933 261.711 0.107031 -0.0466698 0.99316 15.7715
-0.992772 0.0290022 0.116458 -366.415 -0.0341815 -0.998502 -0.0427256 261.822 0.115044 -0.0463975 0.992276 15.5868
-0.993643 0.0313648 0.108117 -363.986 -0.036164 -0.998432 -0.0427169 261.93 0.106608 -0.0463553 0.99322 15.4222
-0.992807 0.0320172 0.115369 -361.591 -0.037565 -0.998224 -0.0462383 262.036 0.113684 -0.0502395 0.992246 15.2537
-0.993206 0.0321696 0.111832 -359.259 -0.0377889 -0.998108 -0.0484959 262.145 0.11006 -0.0523925 0.992543 15.0854
-0.993287 0.0348339 0.110308 -356.946 -0.0402017 -0.998094 -0.0468173 262.266 0.108467 -0.0509376 0.992794 14.9341
-0.993373 0.0365428 0.108975 -354.615 -0.0418923 -0.998006 -0.0472099 262.402 0.107032 -0.0514622 0.992923 14.775
-0.996948 0.0343928 0.0700794 -352.338 -0.0382914 -0.997748 -0.05507 262.504 0.0680275 -0.0575854 0.99602 14.6903
-0.995102 0.0335845 0.0929725 -349.808 -0.0387318 -0.997783 -0.0541243 262.721 0.0909486 -0.0574602 0.994197 14.2046
-0.993511 0.0300792 0.109682 -347.627 -0.0355417 -0.998206 -0.0481927 262.739 0.108036 -0.0517783 0.992798 14.4158
-0.993887 0.0274942 0.106927 -345.275 -0.0327841 -0.998308 -0.0480333 262.877 0.105426 -0.0512452 0.993106 14.0961
-0.994802 0.0255093 0.0985838 -343.042 -0.0306227 -0.998244 -0.0507082 262.961 0.0971172 -0.0534635 0.993836 13.9584
-0.994634 0.0232582 0.100807 -340.83 -0.0282773 -0.998416 -0.0486492 263.065 0.0995155 -0.0512387 0.993716 13.8006
-0.99467 0.0201186 0.101128 -338.634 -0.0249912 -0.998575 -0.0471486 263.16 0.100035 -0.0494246 0.993756 13.6486
-0.994912 0.019058 0.09893 -336.421 -0.0239167 -0.998553 -0.048161 263.245 0.0978691 -0.0502821 0.993928 13.4908
-0.994907 0.0192878 0.0989367 -334.182 -0.0242996 -0.998468 -0.0497043 263.327 0.0978265 -0.0518553 0.993852 13.3205
-0.995446 0.017913 0.0936251 -331.889 -0.0224486 -0.998613 -0.0476177 263.423 0.0926423 -0.0495026 0.994468 13.1719
-0.995595 0.0158951 0.0924024 -329.512 -0.0204358 -0.998619 -0.0484039 263.515 0.0915054 -0.050079 0.994545 13.004
-0.995374 0.0161738 0.0947086 -327.045 -0.0207756 -0.998641 -0.0478058 263.615 0.0938066 -0.0495522 0.994357 12.8476
-0.995778 0.0194882 0.0896988 -324.535 -0.0234494 -0.998786 -0.0433214 263.72 0.0887457 -0.0452419 0.995026 12.6825
-0.995729 0.0220931 0.0896465 -321.956 -0.0255677 -0.998958 -0.0377968 263.839 0.088718 -0.0399275 0.995256 12.5258
-0.995209 0.0231998 0.0949754 -319.313 -0.0270255 -0.998866 -0.0391944 263.967 0.0939584 -0.0415733 0.994708 12.3411
-0.99539 0.0228972 0.0931387 -317.287 -0.0264228 -0.998973 -0.0367983 264.055 0.0922005 -0.0390896 0.994973 12.2102
