1 0.000193987 -9.72197e-05 0.00475613 -0.000193978 1 8.72539e-05 -0.0012056 9.72367e-05 -8.72351e-05 1 0.00167295
0.999898 0.000576694 -0.0142792 -1.96376 -0.000551417 0.999998 0.00177405 0.0177671 0.0142802 -0.00176599 0.999896 0.0595167
0.999836 0.000804888 -0.0180721 -4.07319 -0.000784162 0.999999 0.00115393 0.0332159 0.0180731 -0.00113957 0.999836 0.116571
0.999661 -0.000883995 -0.0260394 -6.30331 0.000915492 0.999999 0.0011977 0.0348215 0.0260384 -0.00122113 0.99966 0.170263
0.99966 -0.00241983 -0.0259527 -8.5849 0.00248344 0.999994 0.0024192 0.0318775 0.0259467 -0.00248283 0.99966 0.236126
0.999629 -0.00487294 -0.0268129 -10.7801 0.00494581 0.999984 0.00265227 0.0221743 0.0267995 -0.0027839 0.999637 0.296913
0.999761 -0.00696028 -0.0207245 -13.1468 0.00697995 0.999975 0.000876999 0.00335116 0.0207179 -0.00102145 0.999785 0.368403
0.999682 -0.00777994 -0.0239734 -15.2651 0.00777109 0.99997 -0.000462389 -0.0137713 0.0239763 0.000275943 0.999712 0.415274
0.999667 -0.00816915 -0.0244821 -17.4882 0.00807293 0.999959 -0.0040263 -0.0277775 0.024514 0.00382732 0.999692 0.499019
0.999644 -0.00813781 -0.0254211 -19.792 0.00782255 0.999892 -0.0124765 -0.0641647 0.0255199 0.0122732 0.999599 0.561589
0.999608 -0.00886227 -0.0265433 -22.1669 0.00871168 0.999945 -0.0057833 -0.0696887 0.0265931 0.0055498 0.999631 0.644882
0.999312 -0.0160553 -0.0334235 -25.1056 0.0160666 0.999871 6.96513e-05 -0.107146 0.0334181 -0.000606605 0.999441 0.729198
0.999024 -0.0377206 -0.0230033 -27.5348 0.0377427 0.999287 0.000526741 -0.193551 0.0229671 -0.00139443 0.999735 0.785031
0.99761 -0.0658811 -0.020827 -29.9981 0.0657312 0.997807 -0.00780356 -0.357189 0.0212955 0.00641592 0.999753 0.840064
0.996098 -0.0849084 -0.0240567 -31.9899 0.0845115 0.996276 -0.017064 -0.551245 0.025416 0.0149644 0.999565 0.913725
0.994411 -0.10378 -0.0194206 -33.9788 0.103627 0.994578 -0.0087072 -0.747127 0.020219 0.00664602 0.999773 0.96227
0.993031 -0.11714 -0.0129408 -35.9768 0.116928 0.993009 -0.0161292 -1.00461 0.0147397 0.0145037 0.999786 1.0414
0.992451 -0.121552 -0.0163087 -38.0054 0.121373 0.99254 -0.0115722 -1.25518 0.0175937 0.00950537 0.9998 1.11358
0.992469 -0.120398 -0.0225921 -40.097 0.120332 0.992725 -0.00427239 -1.47707 0.0229421 0.00152167 0.999736 1.17706
0.99282 -0.117711 -0.0212981 -42.1894 0.117731 0.993046 -0.000316778 -1.71312 0.0211873 -0.00219294 0.999773 1.23858
0.99327 -0.113857 -0.0212325 -44.3362 0.113923 0.993488 0.0019104 -1.95139 0.0208767 -0.00431641 0.999773 1.32035
0.993282 -0.114056 -0.0195618 -46.5212 0.11415 0.993457 0.00372115 -2.19431 0.0190093 -0.00592912 0.999802 1.37499
0.992617 -0.119688 -0.0196546 -49.3319 0.119642 0.992811 -0.00349926 -2.53687 0.0199321 0.00112191 0.999801 1.47109
0.991188 -0.130564 -0.0223624 -52.21 0.130532 0.99144 -0.00286113 -2.90608 0.0225446 -8.31069e-05 0.999746 1.57598
0.98947 -0.143562 -0.0184135 -54.5705 0.143488 0.989638 -0.0052623 -3.24372 0.0189782 0.00256477 0.999817 1.64499
0.987489 -0.156392 -0.0201691 -56.9787 0.156166 0.987654 -0.0123407 -3.63276 0.0218501 0.00903656 0.99972 1.70849
0.985659 -0.168041 -0.0154662 -59.4128 0.167832 0.985717 -0.0139192 -4.05575 0.0175843 0.0111238 0.999784 1.79234
0.983617 -0.179679 -0.0146243 -61.8528 0.179521 0.983687 -0.0114972 -4.49141 0.0164515 0.00868348 0.999827 1.88119
0.981575 -0.190665 -0.0125672 -64.2753 0.190559 0.981633 -0.00912852 -4.94332 0.0140769 0.00656552 0.999879 1.97045
0.980147 -0.197931 -0.0116337 -66.6557 0.197809 0.980181 -0.0108123 -5.4299 0.0135432 0.0082964 0.999874 2.06696
0.980206 -0.197784 -0.00884392 -69.0257 0.197727 0.980233 -0.00693242 -5.90295 0.0100402 0.00504651 0.999937 2.15613
0.980569 -0.195912 -0.0101916 -71.3796 0.195814 0.980592 -0.00985152 -6.35703 0.0119238 0.00766443 0.9999 2.2592
0.981215 -0.192776 -0.00733858 -73.6789 0.192687 0.981195 -0.0113371 -6.79253 0.00938609 0.00971007 0.999909 2.35146
0.98201 -0.188656 -0.00809613 -75.8662 0.188547 0.981982 -0.0126787 -7.20084 0.0103422 0.0109241 0.999887 2.42665
0.982724 -0.185021 -0.00454022 -78.2952 0.184945 0.982655 -0.0135693 -7.63586 0.00697207 0.0124952 0.999898 2.51862
0.983004 -0.183583 -0.000497512 -80.4405 0.18356 0.982914 -0.0136205 -8.00918 0.0029895 0.0132976 0.999907 2.60351
0.982888 -0.184187 0.00270779 -82.5621 0.184206 0.982773 -0.0150091 -8.37242 0.000103327 0.015251 0.999884 2.67944
0.981122 -0.193035 0.0117011 -84.5367 0.193234 0.980963 -0.0192682 -8.73661 -0.00775891 0.0211655 0.999746 2.74558
0.979866 -0.198824 0.0182079 -86.582 0.199144 0.979808 -0.0178115 -9.12423 -0.0142989 0.0210789 0.999676 2.82756
0.974753 -0.222645 0.0168977 -88.5902 0.222891 0.974737 -0.014399 -9.54904 -0.0132649 0.0178018 0.999754 2.91254
0.96665 -0.256097 0.00156749 -90.7858 0.256101 0.966642 -0.00386693 -10.0963 -0.00052489 0.0041394 0.999991 2.98238
0.953423 -0.301631 0.00206347 -92.941 0.301636 0.953371 -0.0100187 -10.7988 0.00105469 0.0101744 0.999948 3.06931
0.935432 -0.353466 0.00533239 -95.0724 0.353506 0.935297 -0.0159331 -11.6444 0.000644465 0.0167894 0.999859 3.11753
0.915704 -0.401829 0.00436937 -96.9955 0.401817 0.915425 -0.0232273 -12.5013 0.00533356 0.023025 0.999721 3.21923
0.88907 -0.457764 0.00265872 -99.0526 0.457713 0.88885 -0.021091 -13.5709 0.00729147 0.0199683 0.999774 3.30976
0.854011 -0.520251 -0.00206324 -101.186 0.520121 0.853875 -0.019257 -14.8728 0.0117802 0.0153726 0.999812 3.39564
0.78272 -0.622343 -0.00628331 -104.654 0.622042 0.782592 -0.0247807 -17.5012 0.0203394 0.0154879 0.999673 3.54626
0.74655 -0.665291 -0.00717517 -106.408 0.66494 0.746438 -0.02616 -19.0568 0.0227598 0.0147587 0.999632 3.60455
0.719449 -0.69449 -0.00880833 -108.16 0.694152 0.71941 -0.0245251 -20.7318 0.0233693 0.0115303 0.99966 3.67552
0.70222 -0.711949 -0.0039671 -109.943 0.711742 0.702132 -0.0208453 -22.5365 0.0176263 0.0118145 0.999775 3.77069
0.697149 -0.716926 -0.00110464 -111.757 0.716759 0.697018 -0.0205343 -24.4149 0.0154915 0.0135237 0.999789 3.87619
0.701345 -0.712813 -0.00351089 -113.184 0.712552 0.701207 -0.0240563 -25.8454 0.0196095 0.0143701 0.999704 3.95797
0.706811 -0.707396 -0.0029683 -114.669 0.707201 0.706703 -0.020899 -27.3145 0.0168816 0.0126725 0.999777 4.0361
0.711406 -0.702775 -0.00313008 -116.186 0.70256 0.711286 -0.0219286 -28.8054 0.0176372 0.013401 0.999755 4.12035
0.715388 -0.69868 -0.00820923 -117.753 0.698379 0.715353 -0.0231728 -30.3052 0.0220629 0.0108444 0.999698 4.18867
0.719631 -0.694313 -0.0077599 -119.382 0.694086 0.719618 -0.0198933 -31.8355 0.0193964 0.00892982 0.999772 4.26817
0.72334 -0.690425 -0.00963753 -121.033 0.690182 0.723363 -0.0198769 -33.3991 0.0206949 0.0077261 0.999756 4.35373
0.726859 -0.686662 -0.0131248 -122.732 0.686321 0.726937 -0.022942 -34.9801 0.0252943 0.0076678 0.999651 4.41885
0.731203 -0.682037 -0.0129579 -124.479 0.68175 0.73129 -0.0207866 -36.5691 0.0236532 0.00636518 0.9997 4.49078
0.734842 -0.678113 -0.0130742 -126.238 0.677905 0.734948 -0.0172162 -38.1591 0.0212834 0.00378808 0.999766 4.56706
0.739767 -0.672753 -0.0121491 -128.038 0.67255 0.739853 -0.0171217 -39.7849 0.0205072 0.0044952 0.99978 4.64929
0.745699 -0.666195 -0.0108694 -129.849 0.665962 0.745747 -0.0188893 -41.3982 0.0206898 0.00684713 0.999762 4.73705
0.753939 -0.656847 -0.0113038 -131.71 0.656631 0.753999 -0.0179071 -43.0159 0.0202853 0.00607839 0.999776 4.80982
0.764221 -0.64483 -0.0126706 -133.617 0.644585 0.7643 -0.0188315 -44.5987 0.0218273 0.00622417 0.999742 4.89038
0.776648 -0.629834 -0.0113076 -135.557 0.62965 0.776711 -0.0161521 -46.1602 0.0189558 0.00542466 0.999806 4.96693
0.788983 -0.614318 -0.0109425 -137.554 0.614225 0.789056 -0.0108575 -47.6939 0.0153042 0.00184526 0.999881 5.05567
0.800853 -0.598749 -0.0115588 -139.593 0.598722 0.800934 -0.00601969 -49.1961 0.0128621 -0.0020996 0.999915 5.14298
0.812456 -0.582852 -0.0141079 -141.663 0.582839 0.812569 -0.00541137 -50.6657 0.0146177 -0.00382613 0.999886 5.23882
0.824759 -0.565388 -0.0104464 -143.773 0.56543 0.824795 0.00135814 -52.0801 0.00784822 -0.00702682 0.999945 5.32812
0.838807 -0.5444 -0.00562734 -145.929 0.544427 0.838789 0.00568649 -53.4744 0.00162442 -0.00783354 0.999968 5.45208
0.853992 -0.520269 -0.00413491 -148.121 0.520286 0.853969 0.0063367 -54.7866 0.000234289 -0.00756283 0.999971 5.5822
0.870683 -0.491843 0.00144998 -150.342 0.491809 0.870651 0.00948402 -56.0467 -0.00592707 -0.00754446 0.999954 5.70772
0.88651 -0.462702 0.00274572 -152.611 0.462643 0.886467 0.0117305 -57.215 -0.00786171 -0.00912889 0.999927 5.84824
0.900975 -0.433859 0.0033414 -154.905 0.4338 0.900939 0.0112342 -58.3097 -0.00788446 -0.00867223 0.999931 5.99339
0.913847 -0.406047 0.00293283 -157.21 0.405989 0.913802 0.0117941 -59.316 -0.00746897 -0.00958727 0.999926 6.12468
0.926219 -0.376956 0.00468667 -159.565 0.376887 0.926191 0.0112643 -60.2675 -0.00858687 -0.00866683 0.999926 6.24347
0.935239 -0.354003 0.00329528 -161.939 0.353921 0.93516 0.0147068 -61.1464 -0.00828786 -0.0125881 0.999886 6.3829
0.943185 -0.332266 -0.0013446 -164.338 0.332249 0.94308 0.0145237 -61.9685 -0.00355767 -0.0141453 0.999894 6.50974
0.951675 -0.307098 0.00229261 -166.756 0.307031 0.951579 0.0151137 -62.7491 -0.00682301 -0.0136795 0.999883 6.62178
0.960109 -0.279328 -0.0128965 -169.215 0.279466 0.960098 0.0104986 -63.4522 0.00944936 -0.0136839 0.999862 6.73393
0.967923 -0.251246 0.000163381 -171.7 0.251201 0.967761 0.0183329 -64.0845 -0.00476417 -0.0177038 0.999832 6.84206
0.974115 -0.226033 -0.00289192 -174.205 0.226048 0.973946 0.0182278 -64.6477 -0.0013035 -0.0184097 0.99983 6.97232
0.97947 -0.201579 -0.00223645 -176.742 0.201582 0.979256 0.0205428 -65.1526 -0.00195095 -0.0205719 0.999786 7.07642
0.983129 -0.182907 -0.00126671 -179.296 0.182874 0.982769 0.0268775 -65.6157 -0.00367119 -0.0266557 0.999638 7.20054
0.986297 -0.164977 -0.000759154 -181.87 0.164921 0.985819 0.031021 -66.0244 -0.00436936 -0.0307211 0.999518 7.32343
0.989237 -0.146306 -0.00210928 -184.462 0.146296 0.988689 0.0330355 -66.3992 -0.00274788 -0.0329885 0.999452 7.44955
0.991736 -0.128253 -0.00339807 -187.093 0.128296 0.991217 0.0320877 -66.7178 -0.000747139 -0.0322585 0.999479 7.58234
0.993836 -0.110707 -0.00577811 -189.722 0.110825 0.993463 0.0273655 -67.0016 0.00271078 -0.0278372 0.999609 7.69657
0.995521 -0.0941001 -0.00916788 -192.378 0.0943068 0.995214 0.0255973 -67.236 0.00671529 -0.0263472 0.99963 7.8037
0.996821 -0.0790531 -0.00990027 -194.982 0.0792677 0.996574 0.0235823 -67.4389 0.0080021 -0.0242921 0.999673 7.91344
0.998428 -0.0558321 -0.00499103 -198.409 0.0559312 0.998179 0.0225927 -67.632 0.00372054 -0.0228363 0.999732 8.05365
0.999419 -0.0336952 -0.00518454 -200.968 0.0338117 0.999133 0.0243084 -67.718 0.00436097 -0.0244695 0.999691 8.15629
0.999901 -0.0109957 -0.0087831 -203.543 0.0112268 0.99958 0.0267107 -67.727 0.00848571 -0.0268066 0.999605 8.26801
0.999907 0.0111402 -0.00783088 -206.103 -0.0109165 0.999547 0.0280524 -67.6884 0.00813984 -0.0279643 0.999576 8.36497
0.999479 0.031429 -0.00731536 -208.672 -0.0311893 0.999037 0.0308445 -67.5934 0.00827773 -0.0306003 0.999497 8.47796
0.998706 0.0502746 -0.00760787 -211.248 -0.0500381 0.998337 0.0286105 -67.4581 0.0090336 -0.0281928 0.999562 8.58025
0.997489 0.0697594 -0.0122275 -213.829 -0.0693768 0.997159 0.0293336 -67.2732 0.014239 -0.0284117 0.999495 8.67697
0.993732 0.111279 -0.0106534 -219.851 -0.110865 0.993263 0.0337178 -66.6474 0.0143337 -0.0323253 0.999375 8.90288
0.991982 0.126022 -0.00947574 -222.431 -0.12567 0.991575 0.031413 -66.3028 0.0133546 -0.0299704 0.999462 8.99279
0.989084 0.146911 -0.0114084 -225.864 -0.146501 0.988727 0.0309363 -65.7846 0.0158246 -0.0289272 0.999456 9.12253
0.986257 0.164788 -0.0118897 -228.468 -0.164326 0.985861 0.0327942 -65.342 0.0171257 -0.0303897 0.999391 9.20568
0.983048 0.183091 -0.00971983 -231.055 -0.182609 0.982461 0.037737 -64.8402 0.0164587 -0.0353223 0.99924 9.3053
0.979146 0.202882 -0.0106237 -233.63 -0.202351 0.978574 0.0380413 -64.3017 0.0181139 -0.0350983 0.99922 9.40135
0.974027 0.226256 -0.0089431 -236.199 -0.225767 0.973431 0.0382353 -63.7149 0.0173565 -0.0352231 0.999229 9.49044
0.968939 0.247298 -0.000696696 -238.738 -0.247066 0.968146 0.0406288 -63.0501 0.0107219 -0.0391947 0.999174 9.59703
0.964966 0.262351 -0.00360294 -241.271 -0.261984 0.964182 0.0414435 -62.3492 0.0143467 -0.0390477 0.999134 9.71538
0.9593 0.282363 -0.00375353 -243.77 -0.282061 0.958743 0.0354031 -61.5991 0.0135952 -0.0329035 0.999366 9.80767
0.950547 0.310387 -0.01094 -246.249 -0.309653 0.949842 0.043753 -60.7814 0.0239716 -0.0382017 0.998982 9.89886
0.939761 0.341747 -0.00761066 -248.697 -0.341092 0.938959 0.0448457 -59.8826 0.022472 -0.0395483 0.998965 9.99072
0.927361 0.373999 -0.0112346 -251.092 -0.373181 0.926679 0.0447481 -58.9142 0.0271465 -0.0373051 0.998935 10.0622
0.912989 0.407743 -0.0140033 -253.481 -0.406641 0.912231 0.0497789 -57.8494 0.0330712 -0.0397532 0.998662 10.1336
0.892161 0.451639 -0.00844679 -256.618 -0.450687 0.891231 0.0508694 -56.2723 0.0305027 -0.0415768 0.99867 10.233
0.874886 0.484178 -0.0120875 -258.911 -0.482897 0.873946 0.055044 -55.0158 0.0372149 -0.0423202 0.998411 10.3007
0.857864 0.513794 -0.00927524 -261.2 -0.512539 0.856791 0.0566766 -53.636 0.037067 -0.0438669 0.99835 10.3657
0.844006 0.536304 -0.00571447 -263.411 -0.53513 0.842776 0.0579985 -52.2337 0.0359209 -0.0458931 0.9983 10.4402
0.831337 0.555737 -0.00597463 -265.55 -0.554411 0.830009 0.0609349 -50.7844 0.0388228 -0.0473451 0.998124 10.5027
0.819205 0.573498 -0.00187105 -267.65 -0.572306 0.817705 0.0618367 -49.3099 0.0369932 -0.0495862 0.998085 10.5731
0.807268 0.590184 0.000774702 -269.692 -0.58904 0.80562 0.0633152 -47.8195 0.0367435 -0.0515687 0.997993 10.6431
0.794154 0.607701 0.00431485 -271.675 -0.606655 0.792329 0.0646827 -46.2977 0.0358889 -0.0539856 0.997897 10.7131
0.779931 0.625821 0.00745059 -273.612 -0.624994 0.778161 0.0620392 -44.7445 0.0330277 -0.0530429 0.998046 10.7819
0.763825 0.645326 0.0111933 -275.496 -0.644669 0.761979 0.0615611 -43.1427 0.0311979 -0.0542379 0.998041 10.8415
0.74666 0.665104 0.0116571 -277.325 -0.664376 0.744737 0.0630177 -41.5291 0.0332318 -0.0547975 0.997944 10.9223
0.730694 0.682565 0.0138025 -279.117 -0.681862 0.728639 0.0644192 -39.8369 0.0339132 -0.0564821 0.997827 10.9856
0.716112 0.697802 0.016004 -280.865 -0.697009 0.71371 0.0692585 -38.1179 0.0369065 -0.0607518 0.99747 11.0473
0.703412 0.710636 0.0144224 -282.582 -0.709555 0.700862 0.0729672 -36.3735 0.041745 -0.0615595 0.99723 11.1002
0.692009 0.721711 0.0160207 -284.265 -0.720614 0.6893 0.0747045 -34.6139 0.0428719 -0.063241 0.997077 11.1479
0.682525 0.730682 0.0162446 -285.922 -0.729545 0.679793 0.0751284 -32.8388 0.043852 -0.0631282 0.997042 11.1826
0.674084 0.738429 0.0182864 -287.542 -0.73716 0.670939 0.0802188 -31.0414 0.0469668 -0.0675542 0.99661 11.21
0.670175 0.741839 0.0232526 -289.167 -0.740892 0.666801 0.0803482 -29.2407 0.0441006 -0.071075 0.996496 11.2448
0.668472 0.743355 0.0238309 -290.768 -0.742537 0.665231 0.0781453 -27.454 0.0422367 -0.0699333 0.996657 11.2828
0.668965 0.742789 0.0274067 -292.361 -0.742423 0.665942 0.0729996 -25.682 0.0359721 -0.0691815 0.996955 11.3291
0.675206 0.737254 0.0235343 -293.945 -0.736875 0.672731 0.0666947 -23.9406 0.0333387 -0.0623746 0.997496 11.381
0.686589 0.726682 0.0230063 -295.567 -0.726437 0.684375 0.0626123 -22.2645 0.0297543 -0.0597016 0.997773 11.4301
0.701494 0.712254 0.0245204 -297.186 -0.712264 0.699504 0.0580816 -20.6313 0.0242168 -0.0582089 0.998011 11.484
0.718139 0.695504 0.0234623 -298.824 -0.695516 0.716216 0.0573737 -19.0473 0.0230996 -0.0575207 0.998077 11.5408
0.737659 0.674726 0.0245777 -300.501 -0.67495 0.735989 0.0525673 -17.5074 0.0173796 -0.0553654 0.998315 11.6077
0.756258 0.653806 0.0247304 -302.223 -0.654085 0.75459 0.0526029 -16.0588 0.0157308 -0.0559572 0.998309 11.6742
0.775921 0.630489 0.0207432 -303.974 -0.630624 0.774408 0.0510367 -14.6453 0.0161144 -0.0526816 0.998481 11.7283
0.796611 0.603984 0.0247771 -305.761 -0.60442 0.795211 0.0481273 -13.3048 0.00936511 -0.0533145 0.998534 11.7904
0.82099 0.57042 0.0244323 -307.61 -0.570912 0.819751 0.0454762 -12.0354 0.00591213 -0.0512842 0.998667 11.8533
0.844446 0.535069 0.024725 -309.525 -0.535637 0.843377 0.042527 -10.8674 0.0019024 -0.0491554 0.998789 11.9279
0.869507 0.493446 0.0216663 -311.503 -0.493916 0.868464 0.0426181 -9.79794 0.00221326 -0.0477581 0.998856 11.9832
0.89532 0.44449 0.0288325 -313.555 -0.445387 0.894203 0.0450747 -8.8195 -0.0057469 -0.0531979 0.998567 12.0589
0.920363 0.389913 0.0299924 -315.641 -0.390915 0.919423 0.0429615 -7.97722 -0.0108244 -0.0512646 0.998626 12.1494
0.943437 0.330847 0.0216136 -317.83 -0.331503 0.942417 0.0442343 -7.26015 -0.00573418 -0.0488972 0.998787 12.2391
0.961901 0.272349 0.0239381 -320.051 -0.273092 0.961281 0.0368677 -6.71917 -0.0129704 -0.0420004 0.999033 12.309
0.97507 0.221028 0.0195983 -322.285 -0.221627 0.974427 0.0370594 -6.25032 -0.010906 -0.040479 0.999121 12.4112
0.982319 0.18632 0.0183083 -324.569 -0.186938 0.981491 0.0415792 -5.87667 -0.0102224 -0.0442665 0.998967 12.4793
0.987697 0.155204 0.0191644 -326.893 -0.155896 0.986862 0.0424259 -5.55254 -0.012328 -0.0448915 0.998916 12.5859
0.991582 0.127474 0.0227231 -329.247 -0.128244 0.991072 0.0364584 -5.31894 -0.0178728 -0.0390655 0.999077 12.6888
0.994339 0.103521 0.023962 -331.613 -0.104334 0.993904 0.0356198 -5.12614 -0.0201286 -0.0379182 0.999078 12.8
0.995862 0.0875471 0.024372 -334.02 -0.0883605 0.995488 0.0345807 -4.98129 -0.0212346 -0.0365912 0.999105 12.9126
0.99687 0.076246 0.020893 -336.439 -0.0769087 0.996492 0.0329975 -4.84504 -0.0183038 -0.0345011 0.999237 13.0312
0.997192 0.0723026 0.0195261 -338.87 -0.0728213 0.996971 0.0273073 -4.73482 -0.0174926 -0.0286525 0.999436 13.1351
0.997023 0.0741817 0.0210432 -341.348 -0.0747327 0.996845 0.0267337 -4.61127 -0.0189936 -0.0282267 0.999421 13.2531
0.996517 0.0808742 0.0203108 -343.813 -0.0813613 0.996385 0.0244258 -4.47559 -0.018262 -0.0259932 0.999495 13.3626
0.99614 0.0856295 0.0192833 -346.314 -0.0860689 0.996018 0.0232429 -4.3111 -0.0172163 -0.0248129 0.999544 13.4857
0.99569 0.0899968 0.0224199 -348.825 -0.09055 0.995578 0.0250179 -4.14493 -0.0200692 -0.0269402 0.999436 13.6022
0.995312 0.0941113 0.0222734 -351.364 -0.0947245 0.995101 0.0282917 -3.96698 -0.0195017 -0.030269 0.999352 13.7177
0.994961 0.0976199 0.0228696 -353.901 -0.098236 0.994781 0.0275723 -3.77474 -0.0200587 -0.02968 0.999358 13.8317
0.994725 0.100267 0.0216293 -356.448 -0.100902 0.994427 0.030556 -3.57169 -0.018445 -0.0325772 0.999299 13.9467
0.994397 0.103941 0.0192553 -359.049 -0.104537 0.99397 0.0330977 -3.35064 -0.015699 -0.0349251 0.999267 14.0679
0.994031 0.106639 0.0230359 -361.64 -0.107396 0.993614 0.0345986 -3.13361 -0.0191992 -0.0368661 0.999136 14.1768
0.994214 0.105324 0.0211016 -364.251 -0.106113 0.993524 0.0406219 -2.88441 -0.0166864 -0.042626 0.998952 14.2948
0.994497 0.102404 0.0221012 -366.871 -0.103308 0.993646 0.0446551 -2.67376 -0.0173879 -0.0466926 0.998758 14.4178
0.994951 0.0984672 0.0194029 -369.531 -0.099282 0.993957 0.0468223 -2.46162 -0.0146752 -0.0485123 0.998715 14.5415
0.995362 0.0941604 0.0197106 -372.193 -0.0950252 0.994275 0.0488635 -2.28351 -0.0149968 -0.0505099 0.998611 14.653
0.99576 0.0893271 0.0219709 -374.874 -0.0903125 0.994711 0.0489282 -2.09656 -0.0174841 -0.050705 0.998561 14.7666
0.996347 0.0828239 0.0208005 -377.576 -0.0838131 0.995107 0.0523233 -1.93741 -0.0163651 -0.0538756 0.998414 14.8906
0.997298 0.0717362 0.0158298 -380.296 -0.0724833 0.995951 0.0531776 -1.79617 -0.0119509 -0.0541813 0.99846 15.0159
0.997853 0.0631056 0.0175314 -383.03 -0.0638681 0.996851 0.0470058 -1.69634 -0.0145098 -0.0480246 0.998741 15.1269
0.99814 0.0578888 0.0191046 -385.78 -0.0586714 0.997337 0.0433251 -1.6026 -0.0165457 -0.0443654 0.998878 15.2549
0.998546 0.0512362 0.016741 -388.544 -0.0518856 0.997812 0.0409842 -1.52521 -0.0146045 -0.0417932 0.99902 15.3794
0.998778 0.0456104 0.0190452 -391.309 -0.0462787 0.99827 0.036263 -1.47502 -0.0173583 -0.0371001 0.999161 15.4973
0.998993 0.0404504 0.0194291 -394.066 -0.0411661 0.998431 0.0379659 -1.42141 -0.0178629 -0.0387274 0.99909 15.6261
0.999126 0.0358907 0.0214217 -396.779 -0.0367697 0.998434 0.0421584 -1.38181 -0.019875 -0.0429092 0.998881 15.7659
0.999074 0.0333792 0.0271424 -399.447 -0.0344767 0.998563 0.0410281 -1.35602 -0.0257339 -0.0419259 0.998789 15.9242
0.999118 0.0349953 0.023222 -402.128 -0.035915 0.998536 0.0404429 -1.32717 -0.0217727 -0.0412412 0.998912 16.0556
0.999101 0.0357054 0.0228361 -404.754 -0.0366241 0.998481 0.0411633 -1.28668 -0.0213317 -0.0419627 0.998891 16.2043
0.999217 0.034892 0.0186737 -407.401 -0.0355683 0.998675 0.0371983 -1.27012 -0.017351 -0.0378334 0.999133 16.3381
0.99931 0.0346975 0.0132489 -410.039 -0.0351679 0.998693 0.0370983 -1.26321 -0.0119444 -0.0375387 0.999224 16.4505
0.999025 0.0345496 0.0274965 -412.688 -0.0354412 0.998839 0.0326258 -1.24037 -0.0263374 -0.0335685 0.999089 16.5828
0.999172 0.037257 0.0163459 -415.322 -0.0377572 0.998792 0.0314431 -1.21142 -0.0151547 -0.0320343 0.999372 16.7144
0.999032 0.0390072 0.0203342 -417.993 -0.0395519 0.99885 0.027113 -1.18017 -0.0192532 -0.027891 0.999426 16.8342
0.999047 0.0401054 0.017207 -420.632 -0.040536 0.998854 0.0254498 -1.15522 -0.0161666 -0.026123 0.999528 16.9663
0.999107 0.0391924 0.0158109 -423.263 -0.0396093 0.998851 0.0269812 -1.13763 -0.0147353 -0.0275833 0.999511 17.072
0.999068 0.0365429 0.0229748 -425.848 -0.0373229 0.998708 0.0344934 -1.09709 -0.0216847 -0.0353188 0.999141 17.2032
0.999158 0.0344072 0.022365 -428.413 -0.0352114 0.998709 0.0366148 -1.06702 -0.0210763 -0.0373714 0.999079 17.349
0.999275 0.0325125 0.0198208 -430.946 -0.0331809 0.998858 0.0343769 -1.05315 -0.0186804 -0.0350096 0.999212 17.4788
0.999448 0.0275754 0.0185055 -433.435 -0.0281653 0.999078 0.0324097 -1.05997 -0.0175947 -0.0329131 0.999303 17.6022
0.999566 0.0218819 0.0197298 -435.937 -0.0225188 0.999213 0.0326588 -1.05995 -0.0189996 -0.0330889 0.999272 17.7261
0.999686 0.018982 0.0163589 -438.42 -0.0194888 0.999317 0.031396 -1.07132 -0.0157518 -0.0317049 0.999373 17.852
0.999642 0.0161971 0.0212973 -440.853 -0.0168591 0.999369 0.0312769 -1.09457 -0.0207772 -0.0316248 0.999284 17.9866
0.99973 0.0138821 0.0186401 -443.259 -0.0144455 0.999432 0.0304365 -1.11983 -0.018207 -0.0306975 0.999363 18.1097
0.999759 0.0119607 0.0184035 -445.653 -0.012463 0.999546 0.0274213 -1.1583 -0.0180671 -0.0276441 0.999455 18.2257
0.999855 0.0102821 0.0135554 -448.013 -0.0105851 0.999691 0.0224749 -1.19266 -0.0133201 -0.0226151 0.999656 18.3408
0.999712 0.0101024 0.021752 -450.346 -0.0104935 0.999784 0.0179408 -1.24617 -0.0215661 -0.0181639 0.999602 18.4574
0.999777 0.0108214 0.0181393 -452.648 -0.0110716 0.999844 0.0137496 -1.28943 -0.0179877 -0.0139474 0.999741 18.5729
0.999741 0.012575 0.0189846 -454.91 -0.0128565 0.999808 0.0147789 -1.32225 -0.0187951 -0.0150192 0.999711 18.6832
0.999704 0.0137671 0.0200537 -457.153 -0.014096 0.999767 0.0163516 -1.35585 -0.0198239 -0.0166295 0.999665 18.7934
0.999695 0.0164823 0.018379 -460.055 -0.0167923 0.999717 0.0168406 -1.37197 -0.0180963 -0.0171441 0.999689 18.9443
0.999685 0.0177279 0.0177376 -462.108 -0.0180879 0.999629 0.0203461 -1.39001 -0.0173704 -0.0206606 0.999636 19.0561
0.999665 0.0208426 0.0153551 -464.107 -0.0212076 0.999487 0.0240068 -1.39441 -0.0148468 -0.0243244 0.999594 19.1384
0.999422 0.0283046 0.018814 -466.609 -0.0287804 0.99926 0.0255143 -1.37453 -0.0180779 -0.0260411 0.999497 19.2795
0.998651 0.0467396 0.0226265 -468.956 -0.047419 0.99841 0.0304836 -1.32252 -0.0211658 -0.0315154 0.999279 19.4121
0.995131 0.0943167 0.02861 -471.668 -0.0950751 0.995119 0.0264196 -1.14171 -0.0259785 -0.029011 0.999241 19.5716
0.984528 0.171512 0.035883 -473.685 -0.172509 0.984643 0.0268046 -0.80847 -0.0307346 -0.03258 0.998996 19.6864
0.956037 0.290761 0.0381014 -476.035 -0.291753 0.956201 0.0236498 -0.128832 -0.0295561 -0.0337263 0.998994 19.8433
0.90618 0.42142 0.0352521 -478.202 -0.42232 0.906139 0.0236305 0.860748 -0.0219849 -0.0363012 0.999099 19.9672
0.833877 0.550801 0.035602 -480.17 -0.551688 0.833734 0.022984 2.13658 -0.017023 -0.038807 0.999102 20.0827
0.728712 0.683744 0.0383819 -481.872 -0.684785 0.728101 0.0306343 3.75184 -0.00699982 -0.0486069 0.998793 20.1743
0.586496 0.808471 0.0489591 -483.241 -0.809943 0.585699 0.0308015 5.66464 -0.00377317 -0.057719 0.998326 20.2406
0.45269 0.891001 0.0344791 -484.094 -0.891586 0.451786 0.031059 7.3924 0.0120964 -0.0448012 0.998923 20.2869
0.282253 0.95836 0.043355 -484.804 -0.959007 0.280675 0.0390803 9.7422 0.0252843 -0.0526083 0.998295 20.3245
0.19767 0.978887 0.0520234 -485.197 -0.979863 0.195783 0.0392095 11.7739 0.0281964 -0.0587263 0.997876 20.3622
0.146714 0.988069 0.046841 -485.531 -0.988398 0.144553 0.0466181 13.9059 0.0392909 -0.0531371 0.997814 20.378
0.112889 0.992435 0.0482524 -485.788 -0.992631 0.110492 0.0497573 16.1115 0.0440494 -0.0535139 0.997595 20.3839
0.0845742 0.995041 0.0523566 -486.001 -0.995335 0.0819171 0.0509747 18.4224 0.046433 -0.0564235 0.997327 20.3699
0.0627922 0.996415 0.056692 -486.177 -0.996749 0.0597372 0.0540633 20.8322 0.0504829 -0.0599025 0.996927 20.3742
0.0449309 0.996846 0.0654209 -486.293 -0.997599 0.0413172 0.0555812 23.33 0.0527029 -0.0677611 0.996309 20.3761
0.0259475 0.997377 0.0675659 -486.411 -0.998275 0.0222911 0.0543192 25.9197 0.0526706 -0.0688588 0.996235 20.3637
0.00767032 0.997744 0.0666964 -486.448 -0.998497 0.00402174 0.0546674 28.6347 0.0542758 -0.0670155 0.996275 20.3688
-0.00548541 0.997644 0.0683905 -486.472 -0.998587 -0.0090805 0.0523676 30.7328 0.0528653 -0.0680066 0.996283 20.3561
-0.0172044 0.997609 0.0669379 -486.461 -0.998331 -0.020831 0.053864 32.8703 0.0551296 -0.0658995 0.996302 20.3463
-0.0282853 0.997248 0.0685259 -486.399 -0.998004 -0.0320463 0.0544225 35.7944 0.0564688 -0.0668497 0.996164 20.3383
-0.0335261 0.997276 0.0657012 -486.371 -0.99779 -0.0371723 0.0550839 38.0593 0.0573761 -0.0637092 0.996318 20.3227
-0.0364451 0.99704 0.0677025 -486.305 -0.997492 -0.0404075 0.0581098 40.3522 0.0606735 -0.0654149 0.996012 20.3025
-0.0370233 0.997161 0.0655699 -486.253 -0.997592 -0.0407305 0.0561342 42.7057 0.0586455 -0.0633337 0.996268 20.284
-0.0380745 0.997037 0.066839 -486.196 -0.997647 -0.0417433 0.0543798 45.0799 0.0570088 -0.0646112 0.996281 20.28
-0.0393427 0.997088 0.0653294 -486.151 -0.997511 -0.0430199 0.0558688 47.491 0.0585166 -0.0629687 0.996299 20.2569
-0.0444115 0.996923 0.064587 -486.073 -0.997425 -0.0478918 0.0533745 49.8687 0.0563035 -0.0620502 0.996484 20.2531
-0.05097 0.996526 0.0658681 -486 -0.997017 -0.0546007 0.0545499 52.2596 0.0579568 -0.0628912 0.996336 20.2384
-0.0574987 0.996113 0.0667219 -485.883 -0.99687 -0.0609177 0.0503919 55.4626 0.0542606 -0.0636156 0.996498 20.2236
-0.0549154 0.996614 0.061195 -485.78 -0.996753 -0.0583309 0.0554998 57.9152 0.0588814 -0.0579486 0.996582 20.2131
-0.0533996 0.996471 0.0647547 -485.688 -0.997152 -0.0566704 0.0497707 60.3687 0.0532647 -0.0619125 0.996659 20.201
-0.0531597 0.996634 0.0624134 -485.599 -0.997264 -0.0562012 0.0480304 62.8772 0.0513764 -0.0596894 0.996894 20.1917
-0.0552591 0.996402 0.0642541 -485.471 -0.997052 -0.0584968 0.049649 66.2368 0.053229 -0.0613211 0.996698 20.1867
-0.0560752 0.996379 0.0639107 -485.37 -0.997138 -0.0591386 0.0470931 68.8064 0.0507021 -0.0610871 0.996844 20.1716
-0.05759 0.996458 0.0612727 -485.27 -0.996889 -0.0607059 0.0502682 71.3924 0.0538098 -0.0581872 0.996854 20.1682
-0.0594843 0.996346 0.0612839 -485.156 -0.996945 -0.0624092 0.0469727 73.9969 0.0506258 -0.0583025 0.997014 20.165
-0.0617369 0.996238 0.0608146 -485.043 -0.996729 -0.0647217 0.0483967 76.6454 0.0521507 -0.0576278 0.996975 20.1522
-0.0643256 0.996127 0.0599384 -484.925 -0.996662 -0.0671541 0.0464341 79.3054 0.0502794 -0.0567514 0.997121 20.1438
-0.0683967 0.99607 0.0562627 -484.79 -0.996312 -0.0711243 0.047995 81.9821 0.051808 -0.0527725 0.997262 20.1418
-0.0743394 0.995626 0.0565932 -484.645 -0.995889 -0.0770648 0.0476017 84.6722 0.0517548 -0.0528219 0.997262 20.1269
-0.0822427 0.995153 0.0539182 -484.469 -0.995252 -0.0848363 0.0477202 87.3796 0.0520631 -0.0497375 0.997404 20.1198
-0.0925699 0.994211 0.0545503 -484.265 -0.994161 -0.0953385 0.0505427 90.1318 0.0554508 -0.049553 0.997231 20.1013
-0.103984 0.99305 0.0551326 -484.028 -0.993104 -0.106688 0.0486064 92.8772 0.0541506 -0.0496981 0.997295 20.0908
-0.114719 0.991872 0.0550359 -483.763 -0.991942 -0.117373 0.0476894 95.6464 0.0537616 -0.0491216 0.997345 20.0723
-0.125684 0.990373 0.0580151 -483.445 -0.990567 -0.128496 0.0475902 98.4511 0.0545868 -0.0514866 0.997181 20.0549
-0.134265 0.989072 0.0608972 -483.116 -0.98948 -0.137155 0.0460275 101.257 0.0538768 -0.0540766 0.997082 20.0444
-0.143454 0.987814 0.0603722 -482.744 -0.988042 -0.146437 0.0482698 104.097 0.0565223 -0.0527258 0.997008 20.0314
-0.152428 0.986466 0.0604132 -482.367 -0.986769 -0.155322 0.046491 106.894 0.0552453 -0.0525274 0.99709 20.0218
-0.160084 0.985307 0.0595186 -481.971 -0.985487 -0.162981 0.0474599 109.652 0.056463 -0.0510572 0.997098 20.006
-0.178697 0.982796 0.0466838 -480.981 -0.982887 -0.180468 0.0369397 116.01 0.0447291 -0.0392839 0.998226 19.9915
-0.186084 0.981247 0.0502783 -480.511 -0.980864 -0.188506 0.0486867 118.739 0.0572514 -0.0402564 0.997548 19.9871
-0.195881 0.97953 0.0463872 -480.038 -0.979088 -0.198005 0.0467074 121.48 0.0549362 -0.036268 0.997831 19.9562
-0.20689 0.977244 0.0468028 -479.514 -0.976897 -0.208962 0.0448054 124.263 0.0535658 -0.0364517 0.997899 19.9412
-0.21715 0.974873 0.0496788 -478.94 -0.974582 -0.219395 0.0453318 127.058 0.0550921 -0.0385722 0.997736 19.9188
-0.234648 0.970518 0.0550833 -477.907 -0.970566 -0.237068 0.0424353 131.739 0.0542428 -0.0435046 0.99758 19.8716
-0.246105 0.967679 0.0550469 -477.25 -0.967757 -0.248475 0.041315 134.597 0.0536574 -0.0431041 0.997629 19.86
-0.268066 0.961855 0.0545475 -476.042 -0.961791 -0.27046 0.0425252 139.377 0.055656 -0.0410637 0.997605 19.8251
-0.278793 0.958844 0.0537856 -475.499 -0.95866 -0.281188 0.0436455 141.328 0.0569731 -0.039394 0.997598 19.8029
-0.335224 0.940514 0.0552993 -472.465 -0.940378 -0.337607 0.0413478 151.02 0.0575576 -0.0381415 0.997613 19.7515
-0.346115 0.936601 0.0546077 -471.757 -0.936577 -0.348348 0.0384377 152.998 0.0550233 -0.0378404 0.997768 19.7118
-0.368367 0.928035 0.0552809 -469.939 -0.92811 -0.370549 0.0361291 157.922 0.0540134 -0.037998 0.997817 19.659
-0.377743 0.923994 0.0595383 -469.167 -0.923912 -0.38037 0.0412948 159.892 0.0608028 -0.0394093 0.997372 19.628
-0.38783 0.919593 0.0627426 -468.369 -0.919198 -0.39091 0.0475865 161.874 0.0682869 -0.0392174 0.996895 19.5927
-0.397407 0.915775 0.0585129 -467.562 -0.915156 -0.400214 0.0481384 163.855 0.0675016 -0.0344179 0.997125 19.5389
-0.407481 0.91121 0.0604677 -466.726 -0.911469 -0.409901 0.034722 165.802 0.0564248 -0.0409659 0.997566 19.519
-0.415433 0.907077 0.0680199 -465.868 -0.90784 -0.418138 0.0314087 167.74 0.0569318 -0.048703 0.997189 19.4883
-0.423051 0.903524 0.0683556 -464.991 -0.904129 -0.425905 0.0339892 169.669 0.0598231 -0.0474231 0.997082 19.4919
-0.435212 0.898062 0.0638356 -463.679 -0.898021 -0.438077 0.0405792 172.53 0.0644075 -0.0396652 0.997135 19.4457
-0.442927 0.894168 0.0654231 -462.788 -0.894402 -0.445741 0.0368851 174.408 0.0621432 -0.0421771 0.997176 19.4056
-0.449441 0.890824 0.0665957 -461.877 -0.891205 -0.452249 0.0349947 176.268 0.061292 -0.0436223 0.997166 19.3842
-0.462104 0.883913 0.0718152 -460.015 -0.884618 -0.46515 0.0329544 179.985 0.0625337 -0.0483007 0.996873 19.3225
-0.480129 0.870396 0.109025 -454.247 -0.875425 -0.483342 0.00350393 190.706 0.0557463 -0.0937611 0.994033 19.1038
-0.485755 0.867542 0.106829 -453.258 -0.871983 -0.489439 0.00972187 192.613 0.0607202 -0.0884303 0.99423 19.1087
-0.489408 0.865611 0.105817 -452.271 -0.869993 -0.492983 0.00897588 194.427 0.0599355 -0.0876671 0.994345 19.0936
-0.493428 0.863367 0.105479 -451.282 -0.86766 -0.497064 0.00967614 196.229 0.060784 -0.0867458 0.994374 19.0679
-0.496542 0.861492 0.106193 -450.277 -0.865654 -0.500486 0.0125333 198.013 0.0639452 -0.0857027 0.994267 19.0358
-0.50042 0.859063 0.107659 -449.292 -0.863386 -0.504408 0.0117309 199.78 0.0643818 -0.0870812 0.994119 19.0029
-0.503544 0.857185 0.108065 -448.297 -0.861623 -0.507445 0.01027 201.534 0.0636405 -0.0879401 0.994091 18.9736
-0.506892 0.855378 0.106725 -447.283 -0.859741 -0.510644 0.00934945 203.282 0.0624957 -0.0870165 0.994245 18.9432
-0.510156 0.853285 0.107918 -446.281 -0.857753 -0.513981 0.00912455 205.019 0.0632536 -0.0879118 0.994118 18.9149
-0.511469 0.852623 0.106931 -444.804 -0.857218 -0.514924 0.00557261 207.577 0.0598129 -0.0888132 0.994251 18.871
-0.513718 0.851323 0.106504 -443.327 -0.855607 -0.517533 0.00982937 210.116 0.0634875 -0.0860764 0.994264 18.8278
-0.513056 0.851226 0.110396 -441.854 -0.855508 -0.517574 0.014933 212.651 0.0698497 -0.0867836 0.993775 18.7706
-0.513977 0.851181 0.106391 -440.402 -0.855464 -0.517772 0.00966499 215.167 0.0633128 -0.0860459 0.994277 18.7171
-0.514465 0.851436 0.101896 -438.958 -0.85552 -0.517728 0.00664771 217.622 0.0584145 -0.083754 0.994773 18.6751
-0.51318 0.852027 0.103421 -437.536 -0.856171 -0.516633 0.00788375 220.093 0.060148 -0.0845005 0.994606 18.6434
-0.51076 0.854093 0.0982354 -436.139 -0.857798 -0.513921 0.00821438 222.524 0.057501 -0.0800706 0.995129 18.6066
-0.506805 0.856349 0.0990672 -434.752 -0.8603 -0.50976 0.0053282 224.952 0.0550633 -0.0825272 0.995066 18.5687
-0.502445 0.858651 0.101327 -433.399 -0.862841 -0.505453 0.00471413 227.353 0.0552637 -0.0850603 0.994842 18.5436
-0.499304 0.860641 0.0999601 -432.078 -0.864677 -0.502297 0.00561548 229.737 0.0550426 -0.0836294 0.994976 18.5192
-0.495898 0.862741 0.0988052 -430.784 -0.866723 -0.498764 0.00503374 232.098 0.0536232 -0.0831406 0.995094 18.4966
-0.4937 0.864358 0.0956356 -429.49 -0.868027 -0.496479 0.00617925 234.439 0.0528222 -0.0799636 0.995397 18.4784
-0.49372 0.865094 0.0886175 -428.246 -0.86824 -0.49611 0.00579708 236.749 0.0489791 -0.0740792 0.996049 18.4677
-0.492569 0.865475 0.0912606 -427.004 -0.868562 -0.495463 0.0107967 239.031 0.0545606 -0.0739473 0.995769 18.4503
-0.491937 0.865974 0.0899255 -425.822 -0.869183 -0.494446 0.00660388 241.189 0.0501821 -0.0749131 0.995927 18.4374
-0.491343 0.865968 0.0931686 -424.691 -0.869593 -0.493759 0.00333646 243.258 0.0488921 -0.0793793 0.995645 18.44
-0.490154 0.866553 0.0939917 -423.616 -0.870079 -0.492867 0.00662434 245.24 0.0520657 -0.0785333 0.995551 18.4314
-0.492152 0.865374 0.0944199 -422.594 -0.86884 -0.495024 0.0082594 247.098 0.0538876 -0.0779709 0.995498 18.4234
-0.497967 0.86209 0.0939714 -421.612 -0.865447 -0.500915 0.00925435 248.877 0.0550497 -0.0767189 0.995532 18.4161
-0.525827 0.845119 0.0963297 -420.33 -0.848604 -0.528961 0.00846871 251.047 0.0581117 -0.0772927 0.995313 18.3855
-0.582741 0.806873 0.0967908 -419.004 -0.810105 -0.586209 0.00945642 252.955 0.0643698 -0.0729 0.99526 18.349
-0.668914 0.733931 0.117897 -417.465 -0.738598 -0.67412 0.00593231 254.668 0.0838306 -0.0831102 0.993008 18.2448
-0.754436 0.648178 0.103402 -415.76 -0.651647 -0.758522 0.000299902 256.128 0.078627 -0.0671554 0.99464 18.1903
-0.825659 0.555208 0.100152 -413.928 -0.559742 -0.828365 -0.0223743 257.375 0.0705401 -0.0745328 0.994721 18.0769
-0.882642 0.459969 0.0968091 -411.985 -0.463075 -0.886249 -0.0111783 258.442 0.0806552 -0.0546963 0.99524 17.9661
-0.933841 0.34287 0.101885 -409.461 -0.345154 -0.938532 -0.0051558 259.336 0.0938544 -0.0399807 0.994783 17.827
-0.96501 0.242974 0.0985864 -406.871 -0.246431 -0.968854 -0.0243676 259.978 0.0895951 -0.0478097 0.99483 17.6993
-0.980742 0.165685 0.103412 -404.262 -0.170629 -0.984486 -0.0408921 260.403 0.0950328 -0.0577498 0.993798 17.5475
-0.988618 0.115977 0.0958305 -402.217 -0.119488 -0.992329 -0.0317304 260.671 0.0914154 -0.0428198 0.994892 17.4088
-0.992624 0.0720371 0.0975092 -400.149 -0.0762774 -0.996265 -0.0404758 260.782 0.0942292 -0.047615 0.994411 17.3126
-0.994113 0.0445221 0.0987809 -398.069 -0.0495433 -0.997571 -0.0489735 260.881 0.0963605 -0.0535792 0.993903 17.1677
-0.994658 0.0277974 0.0994137 -396.02 -0.0325035 -0.998411 -0.0460371 260.946 0.097976 -0.0490225 0.993981 17.0521
-0.995144 0.018442 0.0966863 -393.996 -0.0230894 -0.99862 -0.0471713 260.986 0.0956829 -0.0491747 0.994196 16.9484
-0.995214 0.00807743 0.0973801 -392 -0.0127277 -0.998803 -0.0472273 261.033 0.0968821 -0.0482408 0.994126 16.8169
-0.995031 -0.00207054 0.0995431 -390.002 -0.00244888 -0.998972 -0.045258 261.044 0.0995345 -0.0452769 0.994003 16.6956
-0.994794 -0.0140795 0.100931 -387.539 0.00935645 -0.998846 -0.0471166 261.023 0.101478 -0.045927 0.993777 16.5524
-0.994808 -0.0248995 0.0986786 -385.089 0.0202763 -0.998662 -0.0475806 260.99 0.0997313 -0.0453327 0.993981 16.4041
-0.994515 -0.0321528 0.0995249 -382.599 0.0273457 -0.99841 -0.0492937 260.934 0.100952 -0.0463018 0.993813 16.2321
-0.995015 -0.0285707 0.0955466 -376.272 0.0244904 -0.998748 -0.0436083 260.848 0.0966729 -0.041051 0.994469 15.876
-0.99577 -0.0257289 0.088201 -374.007 0.0221912 -0.998918 -0.040859 260.815 0.0891569 -0.0387288 0.995264 15.7378
-0.995913 -0.0166144 0.08878 -369.907 0.0131886 -0.999151 -0.0390354 260.794 0.0893532 -0.037705 0.995286 15.5138
-0.995937 -0.0119257 0.0892588 -367.482 0.00896721 -0.999399 -0.0334732 260.806 0.0896044 -0.0325368 0.995446 15.3918
-0.995914 -0.00650505 0.0900776 -365.051 0.00336899 -0.999384 -0.0349234 260.816 0.0902493 -0.0344772 0.995322 15.2634
-0.996066 -0.00357835 0.0885447 -362.626 0.000646947 -0.999451 -0.033113 260.853 0.0886146 -0.0329255 0.995522 15.1451
-0.995323 -0.000739354 0.0966049 -360.161 -0.00240472 -0.999471 -0.0324252 260.888 0.0965778 -0.0325058 0.994795 15.0056
-0.996107 0.00149436 0.0881374 -357.727 -0.00433701 -0.999476 -0.0320698 260.92 0.0880433 -0.0323272 0.995592 14.8858
-0.995458 0.00209682 0.0951789 -355.327 -0.0055227 -0.999346 -0.035745 260.95 0.0950417 -0.0361083 0.994818 14.7617
-0.995807 0.00216452 0.0914531 -352.99 -0.00564436 -0.999269 -0.0378091 260.986 0.0913044 -0.0381668 0.995091 14.6369
-0.995943 0.00467077 0.0898613 -350.673 -0.00793489 -0.99932 -0.0360011 261.033 0.089632 -0.0365681 0.995303 14.5288
-0.996066 0.00626188 0.0883981 -348.336 -0.0095011 -0.999297 -0.0362704 261.095 0.0881088 -0.0369676 0.995425 14.4133
-0.998785 0.00410962 0.0491063 -346.056 -0.00621453 -0.999065 -0.0427888 261.125 0.0488846 -0.043042 0.997877 14.3719
-0.997405 0.00316903 0.0719313 -343.511 -0.00623946 -0.999077 -0.0425012 261.256 0.0717302 -0.0428397 0.996504 13.9331
-0.996056 -0.000587724 0.0887275 -341.336 -0.00270953 -0.99931 -0.0370366 261.209 0.0886881 -0.0371309 0.995367 14.1873
-0.996302 -0.00331529 0.0858567 -338.974 0.000162216 -0.999326 -0.0367058 261.267 0.0859205 -0.0365561 0.995631 13.9127
-0.996993 -0.00538399 0.0773022 -336.738 0.00237041 -0.999235 -0.0390233 261.279 0.0774532 -0.0387228 0.996244 13.8186
-0.996806 -0.00781408 0.0794746 -334.52 0.00488714 -0.999305 -0.0369566 261.311 0.0797082 -0.0364502 0.996152 13.704
-0.996755 -0.0111243 0.0797259 -332.32 0.00832283 -0.999339 -0.0353854 261.334 0.0800669 -0.034607 0.996189 13.5953
-0.996926 -0.0122983 0.0773762 -330.103 0.00951461 -0.999298 -0.0362428 261.346 0.0777676 -0.0353952 0.996343 13.4814
-0.99694 -0.0121664 0.0772167 -327.859 0.00927415 -0.999246 -0.0377049 261.353 0.0776172 -0.0368734 0.996301 13.3559
-0.997321 -0.013725 0.0718468 -325.562 0.0112053 -0.999312 -0.0353567 261.372 0.0722827 -0.0344569 0.996789 13.2533
-0.997387 -0.0158627 0.07048 -323.181 0.0133473 -0.999262 -0.0360192 261.385 0.0709994 -0.0349844 0.996863 13.1334
-0.997231 -0.0157289 0.0726901 -320.709 0.0131797 -0.999286 -0.0354171 261.402 0.0731952 -0.034361 0.996726 13.027
-0.997626 -0.0126442 0.0677007 -318.194 0.0105857 -0.999473 -0.0306789 261.423 0.068053 -0.0298894 0.997234 12.9131
-0.997652 -0.0102914 0.0677097 -315.61 0.00861057 -0.999649 -0.0250698 261.455 0.0679439 -0.0244279 0.99739 12.8092
-0.997297 -0.00928366 0.0728823 -312.961 0.00736368 -0.99962 -0.0265682 261.493 0.0731013 -0.0259597 0.996987 12.6787
