0.999999 0.000635723 -0.00136076 -0.011838 -0.000636243 1 -0.000381669 -0.00389627 0.00136051 0.000382534 0.999999 0.0140353
0.999063 -0.0399096 -0.0167307 -2.6502 0.040005 0.999185 0.00540586 -0.10317 0.0165013 -0.00607011 0.999845 0.0949358
0.995629 -0.0916058 -0.0181951 -4.65615 0.0917228 0.995768 0.00570474 -0.29672 0.0175955 -0.00734871 0.999818 0.147665
0.986519 -0.162319 -0.0208037 -6.83806 0.162308 0.986738 -0.00220225 -0.676586 0.0208852 -0.00120405 0.999781 0.214761
0.972207 -0.233074 -0.0221421 -8.95196 0.232934 0.972453 -0.00876303 -1.21427 0.0235746 0.00336185 0.999716 0.275095
0.954699 -0.296616 -0.0238688 -11.2281 0.296219 0.954935 -0.0187914 -1.94482 0.028367 0.0108697 0.999538 0.345937
0.944826 -0.326322 -0.0286062 -13.2565 0.325861 0.945214 -0.0196409 -2.64601 0.0334482 0.00923559 0.999398 0.408135
0.942466 -0.332757 -0.0320906 -15.4386 0.33251 0.943011 -0.0129301 -3.38027 0.0345644 0.0015157 0.999401 0.461292
0.94307 -0.331429 -0.027818 -17.7827 0.331274 0.94348 -0.0101255 -4.19898 0.0296016 0.000333722 0.999562 0.52091
0.943661 -0.329577 -0.0296996 -19.7548 0.329333 0.944125 -0.0129207 -4.88183 0.0322985 0.00241167 0.999475 0.594643
0.943727 -0.32966 -0.0265115 -21.8087 0.329588 0.944098 -0.00716276 -5.5655 0.0273908 -0.00197821 0.999623 0.652172
0.940722 -0.338029 -0.0278946 -23.9302 0.337806 0.941133 -0.0124897 -6.32677 0.0304744 0.00232642 0.999533 0.723727
0.936976 -0.347755 -0.033788 -26.1226 0.347578 0.937585 -0.011183 -7.12585 0.035568 -0.00126576 0.999366 0.767898
0.931299 -0.362857 -0.0318876 -28.3771 0.362272 0.931795 -0.0227507 -8.00436 0.037968 0.00963575 0.999232 0.8296
0.92356 -0.38222 -0.0307445 -30.7082 0.38167 0.924028 -0.0223738 -8.94087 0.0369605 0.00892927 0.999277 0.910662
0.910832 -0.411707 -0.0297054 -33.1107 0.411214 0.911287 -0.021406 -10.0205 0.0358832 0.00728201 0.999329 0.970954
0.898391 -0.438416 -0.0261691 -34.9273 0.437775 0.898682 -0.0268909 -10.9142 0.0353071 0.0127024 0.999296 1.01981
0.88193 -0.470599 -0.0271254 -36.7856 0.469928 0.88227 -0.0276975 -11.9006 0.0369664 0.0116803 0.999248 1.08143
0.864101 -0.502341 -0.0313436 -38.6377 0.501433 0.864579 -0.0326834 -12.984 0.0435172 0.0125251 0.998974 1.13127
0.844232 -0.535048 -0.0315548 -40.5027 0.533977 0.844704 -0.0366554 -14.1293 0.0462669 0.0140962 0.99883 1.18758
0.822885 -0.567211 -0.0336406 -42.3661 0.566146 0.8235 -0.0364167 -15.4031 0.048359 0.0109213 0.99877 1.23268
0.8019 -0.596541 -0.0330936 -44.2214 0.595364 0.802496 -0.0392509 -16.7687 0.0499722 0.0117726 0.998681 1.28198
0.786404 -0.617111 -0.02725 -46.0658 0.615976 0.786735 -0.0402713 -18.1975 0.0462905 0.0148842 0.998817 1.3431
0.775954 -0.630433 -0.0211877 -47.9119 0.629589 0.776112 -0.0356157 -19.6767 0.0388973 0.0142966 0.999141 1.41637
0.76458 -0.644096 -0.0236067 -49.7727 0.642824 0.764708 -0.0447022 -21.2165 0.0468448 0.0190035 0.998721 1.50154
0.756236 -0.654032 -0.0186781 -51.6094 0.652817 0.756136 -0.0456955 -22.7817 0.0440095 0.0223632 0.998781 1.56506
0.749635 -0.661569 -0.0193448 -53.4581 0.660154 0.749484 -0.0496989 -24.3942 0.0473779 0.0244854 0.998577 1.64101
0.748346 -0.663072 -0.0177124 -55.315 0.661535 0.748031 -0.0531073 -26.0119 0.0484634 0.0280253 0.998432 1.69734
0.749932 -0.661361 -0.0142308 -57.2036 0.660085 0.749553 -0.0495809 -27.6464 0.0434576 0.0277888 0.998669 1.75944
0.751464 -0.659571 -0.0163817 -59.0851 0.657898 0.750967 -0.0567353 -29.2744 0.0497231 0.031857 0.998255 1.82633
0.755329 -0.655201 -0.0137842 -60.9527 0.653708 0.754761 -0.0547961 -30.8736 0.0463062 0.0323782 0.998402 1.86535
0.759641 -0.650309 -0.0066243 -62.8027 0.649209 0.758879 -0.0512936 -32.4289 0.0383837 0.0346641 0.998662 1.92327
0.766497 -0.64224 -0.00316528 -64.6728 0.641391 0.76572 -0.0478511 -33.9628 0.0331556 0.0346476 0.998849 1.98159
0.775083 -0.631858 -0.00128695 -66.5523 0.631055 0.774199 -0.0488396 -35.4563 0.031856 0.0370426 0.998806 2.04905
0.784731 -0.619835 0.000929769 -68.4721 0.619151 0.783793 -0.0481706 -36.9391 0.0291291 0.0383766 0.998839 2.09994
0.794853 -0.606802 -0.000220748 -70.4026 0.606089 0.793936 -0.0481811 -38.3743 0.0294117 0.0381631 0.998839 2.15963
0.805416 -0.59271 -0.000446391 -72.398 0.59204 0.804541 -0.0469274 -39.7797 0.0281734 0.0375318 0.998898 2.22036
0.817095 -0.5765 0.00202107 -74.3974 0.576017 0.816256 -0.0439512 -41.1699 0.0236882 0.0370765 0.999032 2.27578
0.83071 -0.556694 0.00346633 -76.4195 0.556423 0.830074 -0.0370345 -42.4766 0.0177396 0.0326937 0.999308 2.33275
0.843539 -0.537067 0.00147245 -78.5241 0.536754 0.842948 -0.0365058 -43.7696 0.0183649 0.0315844 0.999332 2.40832
0.857303 -0.514812 0.000524381 -80.643 0.514527 0.856794 -0.0341494 -44.9862 0.0171312 0.0295462 0.999417 2.46884
0.871421 -0.490478 0.00757474 -82.7945 0.490505 0.871086 -0.0247628 -46.1346 0.00554737 0.0252943 0.999665 2.55518
0.884097 -0.467249 0.00709827 -85 0.467286 0.883831 -0.0220483 -47.249 0.00402839 0.0228098 0.999732 2.64717
0.89693 -0.441944 0.0141967 -87.2464 0.442159 0.896689 -0.0210702 -48.2922 -0.00341816 0.0251757 0.999677 2.7483
0.908386 -0.417933 0.0129159 -89.5139 0.41812 0.908169 -0.0201061 -49.2701 -0.0033268 0.0236645 0.999714 2.85305
0.920075 -0.391421 0.0158954 -91.826 0.39168 0.919898 -0.0193674 -50.203 -0.00704134 0.0240454 0.999686 2.96114
0.930454 -0.366129 0.0143026 -94.1613 0.366358 0.930263 -0.0198258 -51.0543 -0.00604638 0.0236869 0.999701 3.07616
0.93968 -0.341876 0.0110963 -96.5573 0.34204 0.939454 -0.020864 -51.8487 -0.00329161 0.0234008 0.999721 3.18587
0.947946 -0.318116 0.0141956 -98.9525 0.318348 0.94778 -0.0191729 -52.5909 -0.00735514 0.022694 0.999715 3.29249
0.953894 -0.300071 0.00652799 -101.439 0.300141 0.953723 -0.0181144 -53.298 -0.000790277 0.0192385 0.999815 3.40126
0.959347 -0.282208 0.0035354 -103.893 0.282225 0.959182 -0.0178378 -53.9439 0.00164288 0.0181104 0.999835 3.49585
0.964834 -0.262838 0.00323779 -106.366 0.262858 0.964772 -0.0109871 -54.5246 -0.000235906 0.0114518 0.999934 3.60142
0.970114 -0.242431 -0.0102901 -108.899 0.242229 0.970058 -0.0176999 -55.0806 0.014273 0.0146783 0.99979 3.6774
0.975576 -0.219636 0.00323275 -111.408 0.219659 0.975504 -0.0118759 -55.5696 -0.000545174 0.012296 0.999924 3.77076
0.98043 -0.19685 -0.00252006 -113.976 0.196807 0.980367 -0.0121297 -55.9976 0.00485832 0.0113964 0.999923 3.8668
0.984739 -0.174028 -0.00185006 -116.54 0.174002 0.984696 -0.00983259 -56.3681 0.00353289 0.00936062 0.99995 3.95298
0.988498 -0.151215 -0.00241382 -119.132 0.151204 0.988494 -0.00407003 -56.6798 0.0030015 0.00365824 0.999989 4.04839
0.991747 -0.128149 -0.00396508 -121.744 0.128147 0.991755 -0.000525736 -56.9286 0.00399976 1.32822e-05 0.999992 4.15583
0.994419 -0.105405 -0.00445519 -124.382 0.105412 0.994428 0.00125566 -57.1215 0.00429801 -0.00171828 0.999989 4.25913
0.996608 -0.0819371 -0.0076972 -127.019 0.0819323 0.996637 -0.000932564 -57.2592 0.00774773 0.000298751 0.99997 4.36194
0.998299 -0.0575173 -0.00957897 -129.658 0.0574817 0.998339 -0.00395229 -57.3416 0.00979038 0.00339495 0.999946 4.44516
0.999262 -0.0359983 -0.0134148 -132.384 0.0359517 0.999347 -0.00369721 -57.3543 0.0135391 0.0032122 0.999903 4.53354
0.99979 -0.0155133 -0.0134092 -135.096 0.0154814 0.999877 -0.0024793 -57.3143 0.013446 0.00227118 0.999907 4.61419
0.999896 0.0042465 -0.0137471 -137.822 -0.00425757 0.999991 -0.000776476 -57.2178 0.0137437 0.000834925 0.999905 4.70976
0.999643 0.0235791 -0.0125718 -140.543 -0.023542 0.999718 0.00309086 -57.0651 0.0126412 -0.00279379 0.999916 4.80155
0.99878 0.0436833 -0.0230357 -143.307 -0.0435744 0.999037 0.00520863 -56.8483 0.023241 -0.00419851 0.999721 4.88413
0.99758 0.0677683 -0.0155523 -146.088 -0.0676651 0.997683 0.00707511 -56.5784 0.0159957 -0.00600565 0.999854 4.96283
0.995739 0.0907092 -0.0166111 -148.868 -0.0906028 0.995862 0.00705397 -56.244 0.0171823 -0.0055189 0.999837 5.06716
0.993107 0.115102 -0.0221368 -151.689 -0.114974 0.993344 0.0069805 -55.8361 0.0227929 -0.00438722 0.999731 5.15953
0.989795 0.139989 -0.0266224 -154.523 -0.139828 0.990145 0.00781713 -55.3548 0.0274543 -0.0040148 0.999615 5.23244
0.986499 0.161652 -0.0262224 -157.373 -0.161454 0.986834 0.00950268 -54.8034 0.0274133 -0.00514067 0.999611 5.3131
0.982691 0.183239 -0.0272194 -160.205 -0.182983 0.983047 0.0116618 -54.1972 0.0288948 -0.00647932 0.999561 5.39142
0.978665 0.203798 -0.0261043 -163.052 -0.203515 0.978984 0.0131167 -53.5229 0.0282288 -0.00752421 0.999573 5.47539
0.974065 0.22412 -0.0311043 -165.908 -0.223802 0.974542 0.0134149 -52.7822 0.033319 -0.00610578 0.999426 5.56264
0.969195 0.244473 -0.0299005 -168.772 -0.243916 0.969567 0.0210973 -51.9672 0.0341483 -0.0131542 0.99933 5.62669
0.963996 0.264709 -0.0253145 -171.647 -0.264164 0.964205 0.0229162 -51.0851 0.0304745 -0.015404 0.999417 5.71644
0.959445 0.280775 -0.0251168 -174.465 -0.280153 0.959613 0.0256512 -50.1873 0.0313046 -0.0175744 0.999355 5.7943
0.956451 0.291141 -0.0209551 -176.376 -0.290567 0.956484 0.0266371 -49.5336 0.0277983 -0.0193883 0.999426 5.86255
0.953269 0.301747 -0.0150725 -178.269 -0.301252 0.953123 0.0283575 -48.8641 0.0229227 -0.0224917 0.999484 5.93848
0.949182 0.314182 -0.018509 -180.167 -0.3135 0.949034 0.03244 -48.1725 0.0277578 -0.0249889 0.999302 6.01424
0.944635 0.327549 -0.0194172 -182.075 -0.326837 0.944516 0.0326598 -47.4535 0.0290376 -0.0245053 0.999278 6.07525
0.939302 0.342035 -0.0269032 -183.965 -0.34095 0.939312 0.0380175 -46.694 0.0382738 -0.0265373 0.998915 6.12498
0.933288 0.35815 -0.0264997 -185.858 -0.357057 0.933289 0.0384925 -45.9047 0.0385179 -0.0264627 0.998907 6.18422
0.927148 0.373885 -0.0246289 -187.728 -0.372887 0.927128 0.0372798 -45.0928 0.0367725 -0.0253801 0.999001 6.24357
0.920389 0.389826 -0.0303154 -189.602 -0.388575 0.920547 0.0400338 -44.2394 0.043513 -0.0250669 0.998738 6.29769
0.912303 0.40823 -0.0324315 -191.411 -0.406798 0.912511 0.042881 -43.3615 0.0470994 -0.0259274 0.998554 6.33907
0.90254 0.429744 -0.0272322 -193.203 -0.428477 0.902561 0.0423235 -42.4497 0.042767 -0.0265303 0.998733 6.38242
0.892335 0.450671 -0.0251881 -194.981 -0.449339 0.89222 0.0451396 -41.5003 0.0428165 -0.0289616 0.998663 6.43389
0.881845 0.47068 -0.0284614 -196.722 -0.469039 0.881777 0.0497174 -40.5139 0.0484975 -0.0304935 0.998358 6.48535
0.865289 0.500587 -0.0262363 -199.263 -0.499073 0.865208 0.0483918 -38.9705 0.0469242 -0.0287791 0.998484 6.5453
0.848271 0.52913 -0.0213936 -201.703 -0.527568 0.84789 0.0524834 -37.3745 0.04591 -0.0332336 0.998393 6.6151
0.829453 0.558144 -0.0219869 -204.115 -0.556239 0.828939 0.0587998 -35.6897 0.0510445 -0.0365417 0.998028 6.67956
0.809108 0.587448 -0.0158016 -206.432 -0.585742 0.808346 0.0590125 -33.9437 0.0474399 -0.0384918 0.998132 6.74536
0.786616 0.617252 -0.0153356 -208.666 -0.61525 0.785672 0.064701 -32.1102 0.0519855 -0.0414596 0.997787 6.8123
0.763536 0.645673 -0.0108787 -210.842 -0.643902 0.762504 0.0630692 -30.2064 0.0490171 -0.0411508 0.99795 6.87808
0.739295 0.673347 -0.00690856 -212.93 -0.671483 0.73794 0.0674922 -28.2369 0.0505438 -0.0452576 0.997696 6.94392
0.715287 0.698827 -0.00227357 -214.935 -0.696872 0.713521 0.0725009 -26.2149 0.0522879 -0.0502746 0.997366 7.00694
0.695039 0.718965 0.00319858 -216.856 -0.71698 0.692775 0.0774719 -24.1262 0.0534837 -0.0561393 0.996989 7.06109
0.678791 0.734292 0.00762731 -218.691 -0.732162 0.675951 0.0838412 -22.0402 0.0564082 -0.062495 0.99645 7.11766
0.66794 0.744157 0.00932832 -220.509 -0.742074 0.665016 0.0841405 -19.928 0.0564102 -0.0631231 0.99641 7.16247
0.656582 0.754148 0.0126489 -222.277 -0.75212 0.653372 0.0861423 -17.8114 0.0566996 -0.066073 0.996203 7.19705
0.649256 0.760392 0.0164787 -224.001 -0.758207 0.64538 0.0927655 -15.6901 0.0599031 -0.0727228 0.995552 7.2157
0.650781 0.758928 0.0226351 -225.76 -0.75723 0.646565 0.0925057 -13.552 0.0555702 -0.0773408 0.995455 7.24875
0.65538 0.754881 0.0251142 -227.486 -0.753649 0.65139 0.0877778 -11.453 0.0499026 -0.0764551 0.995823 7.28155
0.662315 0.748781 0.0257877 -229.236 -0.748001 0.658875 0.0798649 -9.37458 0.0428105 -0.072185 0.996472 7.32521
0.6718 0.740375 0.0230103 -231.009 -0.739577 0.668693 0.0766559 -7.3464 0.0413673 -0.0685153 0.996792 7.3725
0.685557 0.727662 0.0227724 -232.839 -0.727199 0.682966 0.0688411 -5.33055 0.0345403 -0.0637546 0.997368 7.42484
0.702407 0.711458 0.0212449 -234.695 -0.711104 0.700136 0.06435 -3.39649 0.030908 -0.0603073 0.997701 7.48024
0.722849 0.690658 0.0219104 -236.584 -0.69051 0.720767 0.0607494 -1.50785 0.0261647 -0.059042 0.997913 7.54798
0.745178 0.666546 0.0206652 -238.542 -0.666354 0.743035 0.0622254 0.306562 0.0261211 -0.0601394 0.997848 7.62309
0.768673 0.639356 0.0191322 -240.562 -0.639177 0.766629 0.0611035 2.04792 0.0243997 -0.0591975 0.997948 7.67562
0.796806 0.60392 0.0195053 -242.653 -0.603885 0.79483 0.0597378 3.701 0.0205734 -0.0593784 0.998024 7.73686
0.826348 0.562893 0.0173593 -244.83 -0.562912 0.824674 0.0551588 5.27542 0.0167327 -0.055352 0.998327 7.81136
0.855338 0.517693 0.019754 -247.115 -0.51796 0.853752 0.0531454 6.70974 0.010648 -0.0556891 0.998391 7.86464
0.882096 0.47025 0.0277767 -249.491 -0.47107 0.880593 0.0514616 8.00858 -0.000260111 -0.0584788 0.998289 7.95153
0.907602 0.419294 0.0212609 -251.935 -0.419833 0.906448 0.0457374 9.1997 -9.45046e-05 -0.0504374 0.998727 8.05929
0.928582 0.370656 0.0187184 -254.505 -0.371125 0.927601 0.0426892 10.2186 -0.00154025 -0.0465873 0.998913 8.13837
0.948403 0.316342 0.021461 -257.104 -0.317017 0.947298 0.0461263 11.1041 -0.00573826 -0.0505498 0.998705 8.22049
0.959801 0.28023 0.0158887 -259.817 -0.280665 0.958794 0.0440613 11.8754 -0.00288666 -0.0467495 0.998902 8.31502
0.966929 0.25429 0.0195984 -262.549 -0.254911 0.966051 0.0420301 12.5814 -0.00824516 -0.045636 0.998924 8.40277
0.972443 0.231905 0.0239681 -265.328 -0.232632 0.971967 0.034109 13.2005 -0.0153862 -0.0387448 0.999131 8.51988
0.976845 0.212661 0.0234199 -268.14 -0.213389 0.976341 0.0349699 13.8059 -0.0154291 -0.0391577 0.999114 8.63071
0.979876 0.198534 0.0206847 -271.003 -0.199185 0.979282 0.0365098 14.3885 -0.0130077 -0.0398951 0.999119 8.75674
0.981954 0.188059 0.0199867 -273.889 -0.188693 0.981343 0.036887 14.9228 -0.0126769 -0.0399927 0.99912 8.86816
0.983716 0.178279 0.0228059 -276.807 -0.179008 0.98321 0.0354267 15.4316 -0.0161071 -0.0389323 0.999112 8.98915
0.985157 0.170452 0.0203124 -278.777 -0.171137 0.984478 0.038919 15.7722 -0.0133633 -0.0418175 0.999036 9.06598
0.986433 0.163094 0.0187105 -280.776 -0.16375 0.985623 0.041622 16.0765 -0.0116532 -0.0441211 0.998958 9.15127
0.988265 0.151086 0.0224839 -283.748 -0.15194 0.987455 0.0429737 16.5103 -0.0157091 -0.0458856 0.998823 9.27821
0.989454 0.143115 0.0223312 -285.778 -0.14398 0.988613 0.0437452 16.7994 -0.0158164 -0.0464991 0.998793 9.36165
0.990431 0.136076 0.0229964 -287.808 -0.137001 0.989545 0.0450672 17.0763 -0.0166234 -0.0477865 0.998719 9.44279
0.991224 0.130368 0.0218866 -289.844 -0.131286 0.990197 0.0476908 17.3178 -0.0154547 -0.0501456 0.998622 9.53381
0.992013 0.124771 0.0184766 -291.893 -0.125528 0.990931 0.0479503 17.5564 -0.0123262 -0.0498867 0.998679 9.62365
0.992533 0.120357 0.0198361 -293.981 -0.121189 0.991462 0.0481234 17.7904 -0.0138748 -0.0501679 0.998644 9.6946
0.993013 0.11597 0.0218276 -296.05 -0.116913 0.991958 0.0484775 18.0197 -0.0160301 -0.0506907 0.998586 9.78715
0.993493 0.111458 0.02343 -298.137 -0.112489 0.992464 0.0486042 18.2421 -0.0178361 -0.0509236 0.998543 9.88197
0.993872 0.108573 0.0207703 -300.24 -0.109489 0.992743 0.0497382 18.4497 -0.0152193 -0.0517075 0.998546 9.97374
0.994185 0.105518 0.0214834 -302.371 -0.106502 0.992982 0.0514277 18.6447 -0.015906 -0.0534167 0.998446 10.0601
0.994539 0.102006 0.0220657 -304.497 -0.103067 0.99321 0.0539481 18.84 -0.0164129 -0.0559278 0.9983 10.1504
0.994863 0.099041 0.020922 -306.64 -0.100083 0.993367 0.0566188 19.0328 -0.0151757 -0.0584219 0.998177 10.2422
0.995267 0.095276 0.0191323 -308.79 -0.0962442 0.993638 0.0584781 19.1975 -0.013439 -0.0600427 0.998105 10.3327
0.995588 0.0921347 0.0177519 -310.9 -0.0930133 0.994003 0.0575025 19.3811 -0.0123475 -0.0589 0.998188 10.4306
0.995896 0.0887492 0.0177269 -313.028 -0.0896035 0.994443 0.055273 19.5385 -0.0127229 -0.0566346 0.998314 10.524
0.996182 0.0859947 0.0150215 -315.136 -0.0866782 0.994818 0.0531407 19.6942 -0.0103739 -0.0542398 0.998474 10.6122
0.996397 0.0835046 0.0148621 -317.232 -0.0841504 0.995196 0.0500431 19.8329 -0.0106119 -0.0511134 0.998636 10.7017
0.996606 0.0805181 0.0171036 -319.301 -0.0812257 0.995645 0.0457534 19.9717 -0.0133452 -0.0469873 0.998806 10.7997
0.996825 0.0779468 0.0162802 -321.379 -0.0785751 0.996007 0.0423885 20.096 -0.0129112 -0.0435331 0.998969 10.8881
0.997012 0.0755312 0.0161753 -323.442 -0.0761091 0.996347 0.0387265 20.2119 -0.0131911 -0.0398419 0.999119 10.9745
0.997191 0.0724308 0.0190569 -325.513 -0.073083 0.996672 0.0361 20.3344 -0.0163787 -0.0373913 0.999166 11.0629
0.99748 0.0678732 0.0206646 -327.555 -0.0685712 0.997025 0.035188 20.4625 -0.0182148 -0.0365163 0.999167 11.1624
0.997739 0.0643594 0.0193554 -329.589 -0.065013 0.99726 0.0352878 20.5434 -0.0170313 -0.0364664 0.99919 11.2607
0.99792 0.0590693 0.0258053 -332.586 -0.0600465 0.997437 0.038896 20.6767 -0.0234416 -0.0403646 0.99891 11.4187
0.997966 0.0568482 0.0288505 -334.584 -0.0579185 0.997608 0.0377255 20.7469 -0.0266369 -0.0393198 0.998872 11.535
0.99821 0.0547815 0.0239957 -337.56 -0.0556455 0.997766 0.0369574 20.8604 -0.0219175 -0.0382265 0.999029 11.6886
0.998201 0.05538 0.0229875 -340.51 -0.0561043 0.997907 0.0321565 20.9711 -0.0211586 -0.0333883 0.999218 11.8411
0.997956 0.0609567 0.0191923 -343.466 -0.0614445 0.997773 0.0259434 21.075 -0.0175681 -0.0270696 0.999479 11.9839
0.997342 0.0716222 0.0133652 -346.414 -0.0718472 0.997267 0.0171912 21.2077 -0.0120974 -0.0181058 0.999763 12.1034
0.996042 0.0843976 0.0278734 -349.334 -0.0849906 0.996164 0.0208186 21.4032 -0.0260095 -0.0231052 0.999395 12.2539
0.995284 0.0952125 0.0185722 -352.297 -0.0955975 0.995197 0.0210827 21.6291 -0.0164756 -0.0227587 0.999605 12.3953
0.99484 0.0987719 0.0231658 -355.247 -0.099265 0.994835 0.0211981 21.8652 -0.0209524 -0.0233883 0.999507 12.5344
0.994837 0.0994903 0.0200034 -358.192 -0.099956 0.994707 0.0238111 22.0818 -0.0175285 -0.0256877 0.999516 12.6718
0.994475 0.100419 0.0305897 -361.14 -0.101376 0.994349 0.0315133 22.3413 -0.0272523 -0.0344402 0.999035 12.8158
0.995032 0.0963643 0.0250008 -364.091 -0.0972077 0.994647 0.0350526 22.5931 -0.0214891 -0.0373087 0.999073 12.9888
0.995554 0.0913125 0.0230939 -367.011 -0.0919702 0.995333 0.0292341 22.8042 -0.0203167 -0.0312281 0.999306 13.1299
0.995837 0.0884527 0.0220008 -369.006 -0.0890703 0.995606 0.0288837 22.9387 -0.0193493 -0.0307231 0.999341 13.2268
0.995747 0.0890357 0.0236955 -371.893 -0.0896778 0.995589 0.0275703 23.1401 -0.0211362 -0.029578 0.999339 13.376
0.995675 0.0900926 0.0227055 -374.774 -0.0907241 0.995468 0.0285126 23.3427 -0.0200339 -0.0304492 0.999336 13.5282
0.995549 0.0906245 0.0258852 -377.631 -0.0913636 0.995397 0.0289563 23.573 -0.0231419 -0.0311924 0.999245 13.6814
0.995526 0.0918466 0.0221949 -380.45 -0.0924089 0.995387 0.0257945 23.7751 -0.0197233 -0.0277301 0.999421 13.8244
0.995824 0.0895659 0.0176644 -383.272 -0.0899326 0.995722 0.0211914 23.9727 -0.0156909 -0.0226915 0.999619 13.9583
0.995949 0.0869635 0.0228509 -385.958 -0.0873281 0.996059 0.0154713 24.1543 -0.0214155 -0.0174042 0.999619 14.0948
0.996232 0.0848058 0.0181503 -388.587 -0.0850925 0.99625 0.0156487 24.3154 -0.0167551 -0.0171342 0.999713 14.2341
0.996296 0.0837928 0.0193049 -391.102 -0.0840876 0.996345 0.0150019 24.4714 -0.0179773 -0.0165697 0.999701 14.3572
0.996406 0.0815813 0.0228098 -393.502 -0.0819687 0.996497 0.0165961 24.6165 -0.021376 -0.0184061 0.999602 14.487
0.996392 0.080875 0.0257412 -395.783 -0.0813935 0.996486 0.0197743 24.7574 -0.0240515 -0.0217982 0.999473 14.6093
0.996588 0.0802699 0.0191956 -397.996 -0.0806196 0.996579 0.0181938 24.8943 -0.0176695 -0.0196793 0.99965 14.7267
0.996558 0.0800105 0.0216972 -400.16 -0.0805398 0.996445 0.0247279 25.0379 -0.0196416 -0.0263903 0.999459 14.8377
0.996236 0.0832738 0.0240522 -402.181 -0.0838635 0.996172 0.0246455 25.1829 -0.0219078 -0.0265699 0.999407 14.9469
0.994255 0.103234 0.0282805 -404.718 -0.10381 0.994402 0.0197015 25.376 -0.0260883 -0.0225241 0.999406 15.1046
0.987133 0.155925 0.0354455 -407.017 -0.156721 0.987422 0.0208984 25.7114 -0.0317411 -0.0261846 0.999153 15.2473
0.971747 0.232691 0.0395321 -409.093 -0.233572 0.972148 0.0192932 26.1825 -0.0339417 -0.0279817 0.999032 15.3827
0.934413 0.353998 0.0394624 -411.343 -0.35493 0.934688 0.0195996 27.0097 -0.0299468 -0.0323205 0.999029 15.517
0.869032 0.49307 0.040802 -413.295 -0.494101 0.869166 0.0203487 28.1667 -0.0254304 -0.037844 0.99896 15.657
0.772028 0.634079 0.0437813 -414.956 -0.63535 0.771791 0.0258508 29.5703 -0.0173986 -0.047774 0.998707 15.7443
0.660861 0.748963 0.0481279 -416.362 -0.750474 0.660079 0.0329333 31.2817 -0.00710234 -0.0578831 0.998298 15.8392
0.54576 0.835684 0.0614743 -417.527 -0.837936 0.544549 0.0364613 33.1269 -0.0030057 -0.0714106 0.997442 15.9062
0.438758 0.897441 0.045719 -418.531 -0.898487 0.437309 0.038483 35.2142 0.0145429 -0.0579627 0.998213 15.9652
0.344086 0.938169 0.0379936 -419.336 -0.93871 0.342828 0.0359624 37.5054 0.0207135 -0.0480391 0.998631 16.0269
0.275383 0.960221 0.0462679 -419.859 -0.961117 0.273977 0.0345101 39.4609 0.020461 -0.0539723 0.998333 16.0501
0.2037 0.978044 0.0440037 -420.285 -0.978457 0.201832 0.0434338 41.5466 0.0335988 -0.0519031 0.998087 16.0719
0.125388 0.990734 0.0521947 -420.516 -0.991133 0.122761 0.0508345 43.7832 0.043956 -0.058106 0.997342 16.0995
0.0492044 0.996505 0.0675016 -420.616 -0.997544 0.0456574 0.0531202 46.1746 0.0498526 -0.0699495 0.996304 16.0939
-0.00726313 0.997487 0.0704717 -420.567 -0.998316 -0.0112891 0.0568996 48.6946 0.0575522 -0.0699398 0.99589 16.0885
-0.0567245 0.995624 0.0742647 -420.423 -0.996521 -0.0610107 0.0567765 51.3718 0.061059 -0.0707857 0.995621 16.079
-0.0830705 0.993545 0.0772467 -420.241 -0.994302 -0.087831 0.060416 53.4713 0.0668107 -0.0717878 0.99518 16.0557
-0.103708 0.991483 0.0787831 -420.018 -0.992372 -0.108458 0.0586089 55.6691 0.0666544 -0.0721039 0.995167 16.0375
-0.115833 0.989937 0.0812818 -419.749 -0.991129 -0.120564 0.0559223 57.8909 0.0651592 -0.0740831 0.995121 16.0161
-0.117594 0.989779 0.0806777 -419.456 -0.99061 -0.122622 0.0604701 60.2196 0.0697449 -0.0728092 0.994904 16.0042
-0.118982 0.989868 0.0774913 -419.189 -0.990564 -0.123687 0.0590287 62.6296 0.0680152 -0.0697368 0.995244 15.9869
-0.119252 0.99004 0.0748309 -418.906 -0.990259 -0.124057 0.0632271 65.1192 0.0718806 -0.066562 0.99519 15.9649
-0.11917 0.990179 0.0731081 -418.612 -0.990106 -0.124009 0.0656593 67.6854 0.0740805 -0.0645602 0.99516 15.9398
-0.118695 0.990404 0.0707927 -418.327 -0.990299 -0.123267 0.064127 70.3129 0.072238 -0.0624944 0.995428 15.9089
-0.119262 0.990473 0.0688483 -418.02 -0.990408 -0.123554 0.0618506 73.0206 0.0697678 -0.0608115 0.995708 15.8936
-0.123883 0.989934 0.0684401 -417.706 -0.98984 -0.128132 0.0616296 75.8037 0.0697786 -0.0601099 0.99575 15.8634
-0.127867 0.9894 0.0688347 -417.379 -0.98925 -0.132198 0.0625209 78.6367 0.070958 -0.0601004 0.995667 15.8464
-0.130716 0.989029 0.0688038 -417.047 -0.988641 -0.135228 0.0655875 81.5202 0.0741722 -0.059449 0.995472 15.8195
-0.129561 0.989375 0.0659554 -416.704 -0.98908 -0.133661 0.0620842 84.3768 0.0702403 -0.0571915 0.995889 15.811
-0.127729 0.989608 0.0660405 -416.362 -0.989292 -0.131863 0.0625585 87.2851 0.0706167 -0.0573427 0.995854 15.7814
-0.126483 0.989742 0.0664235 -416.022 -0.989863 -0.130292 0.0565288 90.1951 0.0646034 -0.0586002 0.996189 15.7705
-0.125532 0.98972 0.0685258 -415.683 -0.98972 -0.129705 0.0602652 93.1612 0.0685338 -0.0602561 0.995827 15.7657
-0.125378 0.989863 0.0667142 -415.46 -0.990028 -0.129185 0.0561748 95.1534 0.0642238 -0.0590059 0.99619 15.7499
-0.125733 0.989817 0.0667289 -415.225 -0.990016 -0.129509 0.0556472 97.1802 0.0637226 -0.059066 0.996218 15.7416
-0.126061 0.989892 0.064975 -414.995 -0.989753 -0.129931 0.0592269 99.2315 0.0670705 -0.056843 0.996128 15.7332
-0.127586 0.989747 0.0642059 -414.762 -0.989752 -0.131238 0.0562851 101.294 0.0641342 -0.0563668 0.996348 15.7239
-0.130041 0.989424 0.0642557 -414.52 -0.98946 -0.133663 0.0557024 103.389 0.0637019 -0.0563349 0.996378 15.7166
-0.132098 0.989214 0.0632957 -414.267 -0.989085 -0.135747 0.0573083 105.484 0.0652824 -0.0550345 0.996348 15.713
-0.135418 0.988776 0.0631167 -414.013 -0.988679 -0.13901 0.0564803 107.587 0.0646203 -0.0547537 0.996407 15.7052
-0.138246 0.988496 0.0613541 -413.741 -0.988107 -0.141873 0.0593091 109.76 0.0673313 -0.0524251 0.996352 15.7004
-0.141292 0.988139 0.0601465 -413.469 -0.987734 -0.144793 0.0584571 111.914 0.0664725 -0.0511492 0.996476 15.6887
-0.145826 0.987543 0.0591063 -413.178 -0.987156 -0.149189 0.0571523 114.085 0.0652583 -0.0500128 0.996614 15.6826
-0.150476 0.986827 0.0594084 -412.873 -0.98623 -0.154013 0.0602563 116.284 0.0686122 -0.0495232 0.996413 15.6728
-0.219066 0.973857 0.0600987 -409.229 -0.975459 -0.217196 -0.036133 142.875 -0.0221352 -0.0665393 0.997538 15.4611
-0.228552 0.971571 0.0617544 -408.678 -0.973435 -0.227176 -0.0285526 145.257 -0.0137118 -0.0666397 0.997683 15.6627
-0.239886 0.968937 0.0601286 -408.129 -0.970713 -0.23857 -0.0282998 147.638 -0.0130759 -0.0651563 0.997789 15.8516
-0.253325 0.965586 0.0589021 -407.571 -0.967211 -0.25167 -0.0341171 150.032 -0.0181191 -0.0656135 0.997681 16.0477
-0.27391 0.959723 0.0624907 -406.631 -0.96166 -0.27239 -0.0318333 153.607 -0.0135293 -0.0688143 0.997538 16.3413
-0.290417 0.954642 0.0657027 -405.954 -0.956797 -0.288691 -0.0345914 155.994 -0.0140546 -0.0729101 0.997239 16.5248
-0.305099 0.94968 0.0708649 -405.231 -0.952226 -0.303171 -0.0367877 158.372 -0.0134524 -0.0787033 0.996807 16.7173
-0.318815 0.945151 0.0710399 -404.457 -0.947745 -0.316969 -0.036199 160.76 -0.0116961 -0.0788685 0.996816 16.9212
-0.332039 0.940717 0.0692999 -403.673 -0.943175 -0.330089 -0.0382411 163.144 -0.0130989 -0.0780595 0.996863 17.1108
-0.345032 0.935885 0.0712116 -402.838 -0.938551 -0.343321 -0.0353986 165.534 -0.0086806 -0.0790494 0.996833 17.2982
-0.356749 0.931077 0.0763295 -401.968 -0.934172 -0.354914 -0.0368544 167.924 -0.00722394 -0.0844527 0.996401 17.4722
-0.367302 0.927046 0.075329 -401.065 -0.930043 -0.365162 -0.0409477 170.323 -0.0104531 -0.0850994 0.996318 17.6691
-0.376539 0.923426 0.0741787 -400.15 -0.926359 -0.374557 -0.03957 172.707 -0.00875579 -0.0836158 0.99646 17.8624
-0.386293 0.9195 0.0727845 -399.195 -0.922357 -0.38457 -0.036936 175.086 -0.00597194 -0.0814013 0.996664 18.0451
-0.395768 0.915491 0.0724153 -398.207 -0.918311 -0.393786 -0.0404634 177.469 -0.00852771 -0.0825139 0.996553 18.2303
-0.405462 0.911218 0.0726755 -397.198 -0.914081 -0.403511 -0.0404312 179.841 -0.00751627 -0.0828246 0.996536 18.418
-0.414676 0.906962 0.0739104 -396.162 -0.909945 -0.412702 -0.0409641 182.233 -0.0066499 -0.0842412 0.996423 18.6069
-0.423759 0.902534 0.0765502 -395.104 -0.905771 -0.422001 -0.0386501 184.593 -0.00257878 -0.0857153 0.996316 18.7857
-0.432004 0.898124 0.0821334 -394.011 -0.90185 -0.430832 -0.0324078 186.978 0.00627946 -0.0880723 0.996094 18.9462
-0.446615 0.891318 0.0780214 -392.335 -0.894722 -0.444663 -0.0417983 190.497 -0.00256237 -0.0884753 0.996075 19.2001
-0.455856 0.88645 0.0800102 -391.176 -0.890022 -0.453236 -0.0493832 192.839 -0.00751228 -0.0937224 0.99557 19.3652
-0.464912 0.88147 0.0828689 -389.981 -0.88535 -0.462491 -0.0475244 195.185 -0.00356521 -0.0954626 0.995427 19.575
-0.473925 0.876905 0.0802077 -388.769 -0.880564 -0.47212 -0.0413507 197.524 0.00160706 -0.0902251 0.99592 19.7416
-0.483444 0.871514 0.0821309 -387.533 -0.875368 -0.481689 -0.0413106 199.872 0.0035588 -0.0918661 0.995765 19.9083
-0.492678 0.866226 0.0831978 -386.268 -0.87021 -0.49061 -0.0451262 202.186 0.00172821 -0.0946323 0.995511 20.076
-0.499571 0.861419 0.091574 -384.969 -0.866248 -0.497555 -0.0453007 204.496 0.00654025 -0.101957 0.994767 20.228
-0.503376 0.858636 0.0967319 -383.66 -0.864048 -0.500948 -0.0497161 206.789 0.00576966 -0.108607 0.994068 20.395
-0.501977 0.859804 0.0935747 -382.379 -0.86488 -0.498877 -0.0557156 209.048 -0.00122217 -0.108899 0.994052 20.5789
-0.500734 0.860464 0.0941714 -381.067 -0.865593 -0.498224 -0.0502096 211.341 0.00371487 -0.106656 0.994289 20.7481
-0.499484 0.86131 0.0930678 -379.781 -0.86632 -0.496866 -0.0511212 213.618 0.00221106 -0.106161 0.994347 20.9152
-0.499075 0.861902 0.0897147 -378.528 -0.866558 -0.496334 -0.0522378 215.865 -0.000495361 -0.103814 0.994597 21.0926
-0.499107 0.861902 0.0895356 -377.277 -0.866539 -0.49659 -0.0500762 218.103 0.0013017 -0.10258 0.994724 21.2594
-0.498547 0.862325 0.0885762 -376.019 -0.86686 -0.496182 -0.0485501 220.343 0.00208389 -0.100988 0.994885 21.4263
-0.49772 0.862703 0.0895496 -374.771 -0.867331 -0.495465 -0.0474537 222.551 0.00343019 -0.101288 0.994851 21.5807
-0.497176 0.862969 0.0900043 -373.524 -0.867645 -0.494854 -0.0480929 224.787 0.00303627 -0.102002 0.99478 21.746
-0.496879 0.863197 0.0894558 -372.276 -0.867818 -0.494437 -0.0492351 227.02 0.00173069 -0.102095 0.994773 21.916
-0.496725 0.863373 0.0886066 -371.041 -0.867908 -0.494236 -0.0496711 229.213 0.000907855 -0.101575 0.994827 22.0776
-0.498002 0.862744 0.0875631 -369.82 -0.867176 -0.495399 -0.0508588 231.389 -0.000499406 -0.10126 0.99486 22.2491
-0.498681 0.86213 0.0897125 -368.597 -0.866785 -0.495912 -0.0524877 233.57 -0.000761753 -0.103936 0.994584 22.409
-0.499706 0.861299 0.0919733 -367.373 -0.86619 -0.497254 -0.0495389 235.728 0.00306625 -0.104421 0.994528 22.5644
-0.500076 0.860032 0.101336 -366.148 -0.865957 -0.497505 -0.051065 237.898 0.00649781 -0.113289 0.993541 22.7011
-0.500876 0.859987 0.0976997 -364.919 -0.865519 -0.497753 -0.0558521 240.038 0.000598162 -0.112536 0.993647 22.8791
-0.503046 0.859114 0.0941702 -363.701 -0.864251 -0.499546 -0.059369 242.166 -0.0039624 -0.111252 0.993784 23.044
-0.505273 0.857928 0.0930543 -362.495 -0.862956 -0.501989 -0.05757 244.296 -0.0026786 -0.10939 0.993995 23.207
-0.507154 0.856913 0.0921718 -361.271 -0.861851 -0.503889 -0.057524 246.41 -0.00284871 -0.108612 0.99408 23.3696
-0.510135 0.855329 0.0904114 -360.044 -0.860086 -0.506854 -0.0578838 248.53 -0.00368432 -0.10729 0.994221 23.5344
-0.513883 0.853209 0.0892122 -358.824 -0.85784 -0.510356 -0.0603972 250.631 -0.00600145 -0.107567 0.99418 23.7062
-0.515956 0.851835 0.0903646 -357.598 -0.856592 -0.512283 -0.0617791 252.718 -0.00633337 -0.109281 0.993991 23.877
-0.519134 0.850178 0.087735 -356.354 -0.854674 -0.515697 -0.0599099 254.794 -0.00568949 -0.106086 0.994341 24.0466
-0.521698 0.848362 0.0900744 -355.126 -0.853124 -0.518366 -0.0589649 256.873 -0.00333214 -0.107606 0.994188 24.2087
-0.524422 0.846559 0.0912132 -353.882 -0.851456 -0.521123 -0.0587696 258.925 -0.00221864 -0.108484 0.994096 24.3546
-0.528277 0.844391 0.0890356 -352.63 -0.849058 -0.524748 -0.061158 260.975 -0.00491994 -0.107905 0.994149 24.5217
-0.531626 0.84247 0.0872763 -351.38 -0.846944 -0.527843 -0.0637739 263.004 -0.00765948 -0.107822 0.994141 24.6881
-0.537056 0.839169 0.0858313 -350.128 -0.843534 -0.533704 -0.0600875 265.04 -0.00461508 -0.104672 0.994496 24.8651
-0.542882 0.836109 0.0787503 -348.861 -0.839778 -0.539667 -0.0594257 267.07 -0.00718734 -0.0983939 0.995122 25.0299
-0.548481 0.832615 0.0769426 -347.579 -0.836145 -0.545534 -0.0570514 269.085 -0.00552712 -0.0956268 0.995402 25.19
-0.552901 0.829845 0.0752154 -346.286 -0.833243 -0.550347 -0.053151 271.077 -0.00271257 -0.0920599 0.99575 25.3504
-0.558293 0.826557 0.0715049 -344.982 -0.829639 -0.555919 -0.0515091 273.082 -0.00282424 -0.0880805 0.996109 25.5016
-0.564366 0.822686 0.0683989 -343.662 -0.825508 -0.561888 -0.053097 275.086 -0.00524963 -0.08643 0.996244 25.658
-0.570912 0.817838 0.0721153 -342.303 -0.82101 -0.568559 -0.0517988 277.083 -0.00136123 -0.0887799 0.99605 25.8093
-0.577424 0.812664 0.0784728 -340.948 -0.816444 -0.574648 -0.0565614 279.045 -0.000871239 -0.0967286 0.99531 25.9513
-0.584363 0.806994 0.0853188 -339.564 -0.811486 -0.580701 -0.065399 280.983 -0.00323192 -0.107452 0.994205 26.0911
-0.591363 0.801488 0.0889191 -338.162 -0.8064 -0.58733 -0.0690113 282.912 -0.00308692 -0.112515 0.993645 26.2761
-0.598023 0.796298 0.0909859 -336.735 -0.801477 -0.594392 -0.0658205 284.857 0.00166855 -0.112285 0.993675 26.4235
-0.605362 0.792108 0.0781142 -335.306 -0.795928 -0.601686 -0.0668781 286.788 -0.0059745 -0.102659 0.994699 26.6054
-0.611746 0.787393 0.0760206 -333.876 -0.791054 -0.608788 -0.0600991 288.726 -0.00104122 -0.0969017 0.995293 26.7687
-0.617326 0.78253 0.0809672 -332.423 -0.786664 -0.615094 -0.0530982 290.64 0.00825149 -0.0964729 0.995301 26.8577
-0.624464 0.776842 0.0810006 -330.929 -0.781008 -0.619946 -0.0754492 292.509 -0.00839612 -0.110377 0.993854 27.0049
-0.630452 0.772226 0.0787271 -329.454 -0.776119 -0.625408 -0.0806487 294.355 -0.0130425 -0.111947 0.993629 27.1988
-0.635252 0.767701 0.0842083 -327.938 -0.772303 -0.631694 -0.0671586 296.236 0.00163622 -0.107697 0.994182 27.3536
-0.640875 0.763823 0.0765042 -326.441 -0.767644 -0.637551 -0.0652015 298.104 -0.00102707 -0.100514 0.994935 27.488
-0.644128 0.760512 0.0819781 -324.897 -0.764918 -0.640457 -0.0686748 299.973 0.00027544 -0.106942 0.994265 27.6206
-0.645715 0.758552 0.0874724 -323.356 -0.763571 -0.641978 -0.0694532 301.804 0.00347151 -0.111638 0.993743 27.764
-0.648783 0.756829 0.0793174 -321.824 -0.760952 -0.644439 -0.0751746 303.631 -0.00577915 -0.109129 0.994011 27.9241
-0.651721 0.755094 0.0713708 -320.298 -0.758397 -0.647569 -0.0740912 305.465 -0.00972832 -0.102414 0.994694 28.0928
-0.653666 0.752794 0.077608 -318.746 -0.756781 -0.649967 -0.0694619 307.307 -0.00184778 -0.104137 0.994561 28.2374
-0.655547 0.751078 0.0783609 -317.169 -0.755153 -0.652236 -0.0658215 309.151 0.00167273 -0.102324 0.99475 28.3856
-0.658289 0.748573 0.0793321 -315.621 -0.752762 -0.654931 -0.0664487 310.973 0.00221532 -0.103461 0.994631 28.5222
-0.660223 0.746616 0.0816712 -314.066 -0.751036 -0.657301 -0.0624478 312.787 0.00705801 -0.102568 0.994701 28.658
-0.663389 0.744406 0.0759923 -312.491 -0.748273 -0.660175 -0.0652417 314.609 0.00160186 -0.100144 0.994972 28.7935
-0.6662 0.741808 0.0768034 -310.916 -0.745772 -0.662832 -0.0669195 316.404 0.0012664 -0.10186 0.994798 28.9261
-0.66865 0.739632 0.0764983 -309.327 -0.743576 -0.664899 -0.0707384 318.208 -0.00145676 -0.104182 0.994557 29.0655
-0.670013 0.7381 0.0793189 -307.713 -0.742344 -0.665738 -0.0756194 320.024 -0.00300905 -0.109548 0.993977 29.2134
-0.667879 0.739609 0.0831654 -306.106 -0.74427 -0.663767 -0.0739961 321.813 0.000474283 -0.111318 0.993785 29.3711
-0.665479 0.742042 0.0806867 -304.522 -0.746416 -0.661445 -0.0731732 323.617 -0.000927794 -0.108921 0.99405 29.5171
-0.663145 0.744284 0.0792397 -302.947 -0.748488 -0.659109 -0.0730872 325.446 -0.00217001 -0.107777 0.994173 29.6596
-0.65866 0.748009 0.0815433 -301.359 -0.75244 -0.65473 -0.0718462 327.285 -0.000352704 -0.108679 0.994077 29.8022
-0.654281 0.752079 0.0793318 -299.786 -0.75625 -0.650461 -0.0706088 329.125 -0.00150118 -0.106193 0.994344 29.9521
-0.648102 0.757574 0.0777529 -298.212 -0.76154 -0.644087 -0.0721712 331.019 -0.00459534 -0.105986 0.994357 30.0993
-0.640864 0.763714 0.0776853 -296.659 -0.767629 -0.636725 -0.0729875 332.919 -0.00627736 -0.106409 0.994303 30.2646
-0.632832 0.770653 0.0749518 -295.115 -0.774186 -0.628196 -0.0774961 334.829 -0.0126382 -0.107069 0.994171 30.4324
-0.625011 0.776779 0.077304 -293.585 -0.78056 -0.620712 -0.0737696 336.784 -0.00931911 -0.106447 0.994275 30.6079
-0.616707 0.783319 0.0780016 -292.074 -0.787133 -0.612404 -0.0733657 338.752 -0.0097002 -0.106643 0.99425 30.7872
-0.608181 0.790022 0.0773328 -290.575 -0.793701 -0.603692 -0.0747951 340.743 -0.0124047 -0.106868 0.994196 30.9613
-0.600643 0.795927 0.0756823 -289.084 -0.799429 -0.596473 -0.071646 342.76 -0.0118826 -0.103536 0.994555 31.144
-0.593684 0.801587 0.0706994 -287.628 -0.804524 -0.589432 -0.0728716 344.803 -0.0167405 -0.100142 0.994832 31.3363
-0.586673 0.806803 0.0698762 -286.18 -0.80965 -0.582574 -0.071228 346.851 -0.0167589 -0.0983629 0.995009 31.524
-0.578307 0.812632 0.0720379 -284.754 -0.815631 -0.57402 -0.0724325 348.942 -0.0175098 -0.100645 0.994768 31.7212
-0.56967 0.817976 0.0799479 -283.323 -0.82179 -0.56553 -0.0695409 351.042 -0.0116697 -0.105316 0.99437 31.9129
-0.56425 0.823129 0.0638816 -281.927 -0.82502 -0.559249 -0.0811355 353.155 -0.0310592 -0.0984843 0.994654 32.1229
-0.558539 0.826914 0.0651798 -280.556 -0.82911 -0.554223 -0.0735696 355.291 -0.0247115 -0.0951327 0.995158 32.3364
-0.551991 0.830987 0.0690453 -279.165 -0.833664 -0.548223 -0.0667492 357.442 -0.0176155 -0.0944055 0.995378 32.5401
-0.546812 0.834599 0.0666502 -277.798 -0.836928 -0.542636 -0.0713985 359.618 -0.0234223 -0.094823 0.995219 32.7501
-0.542924 0.837396 0.0632606 -276.435 -0.839459 -0.539084 -0.0685264 361.789 -0.0232809 -0.0903093 0.995642 32.9649
-0.543952 0.836909 0.0608232 -275.086 -0.838827 -0.540431 -0.0656011 363.995 -0.0220314 -0.086704 0.99599 33.1747
-0.545729 0.836145 0.0551496 -273.714 -0.83753 -0.542152 -0.0679311 366.184 -0.0269008 -0.0832615 0.996165 33.4012
-0.547267 0.835151 0.0549662 -272.323 -0.83647 -0.543523 -0.0700116 368.401 -0.0285949 -0.0842926 0.996031 33.6184
-0.548402 0.834368 0.0555479 -270.951 -0.835799 -0.544824 -0.0678701 370.604 -0.0263648 -0.083647 0.996147 33.8467
-0.55028 0.833011 0.057312 -269.565 -0.834516 -0.546389 -0.0710056 372.811 -0.0278339 -0.0869007 0.995828 34.0536
-0.546654 0.835496 0.0558283 -268.169 -0.836791 -0.542614 -0.0731464 375.026 -0.0308203 -0.0867024 0.995757 34.3065
-0.543226 0.837956 0.0522983 -266.789 -0.838924 -0.539268 -0.0734681 377.244 -0.0333603 -0.0837841 0.995925 34.5467
-0.538902 0.840363 0.0580958 -265.408 -0.842021 -0.535418 -0.0657854 379.504 -0.0241781 -0.0843698 0.996141 34.7678
-0.535504 0.842274 0.0617196 -264.031 -0.844141 -0.5316 -0.0694791 381.748 -0.0257103 -0.0893063 0.995672 34.9871
-0.532791 0.843901 0.0629691 -262.665 -0.845741 -0.528425 -0.0740834 383.998 -0.0292446 -0.0927265 0.995262 35.2119
-0.531449 0.844405 0.0674002 -261.287 -0.846684 -0.527045 -0.0731454 386.271 -0.0262414 -0.0959397 0.995041 35.4462
-0.529099 0.845863 0.0676094 -259.92 -0.848062 -0.524376 -0.0762938 388.529 -0.0290813 -0.0977039 0.994791 35.6805
-0.528304 0.846505 0.0657626 -258.544 -0.848554 -0.523745 -0.0751494 390.821 -0.0291714 -0.0955048 0.995001 35.9209
-0.527519 0.84704 0.0651654 -257.192 -0.849103 -0.523221 -0.0725563 393.124 -0.0273622 -0.0936069 0.995233 36.1616
-0.526202 0.848135 0.0614701 -255.849 -0.849818 -0.521913 -0.0735962 395.4 -0.0303375 -0.0909649 0.995392 36.3993
-0.525422 0.848973 0.0563609 -254.472 -0.850321 -0.521631 -0.0696797 397.745 -0.0297566 -0.0845361 0.995976 36.6582
-0.523735 0.850208 0.053375 -253.125 -0.851389 -0.520274 -0.0667172 400.062 -0.0289538 -0.080385 0.996343 36.8969
-0.522893 0.850687 0.0539915 -251.795 -0.852054 -0.519832 -0.0614712 402.351 -0.0242262 -0.0781465 0.996647 37.1409
-0.523657 0.850486 0.0495715 -250.445 -0.851493 -0.520641 -0.0623845 404.63 -0.0272482 -0.0748779 0.99682 37.382
-0.524009 0.850356 0.0480616 -249.106 -0.85111 -0.520682 -0.0670924 406.909 -0.0320276 -0.0760627 0.996589 37.6193
-0.524732 0.850111 0.0443612 -247.783 -0.85046 -0.521253 -0.0708029 409.16 -0.0370669 -0.0748799 0.996503 37.8797
-0.524823 0.850283 0.0397504 -246.473 -0.850225 -0.521396 -0.0725489 411.396 -0.0409614 -0.0718721 0.996572 38.1462
-0.523199 0.851301 0.0393671 -245.163 -0.851422 -0.520171 -0.0670988 413.65 -0.0366436 -0.0686241 0.996969 38.4034
-0.52073 0.85273 0.0411402 -243.869 -0.853086 -0.517878 -0.0636213 415.889 -0.0329462 -0.0682256 0.997126 38.6496
-0.521428 0.852393 0.0392338 -242.565 -0.85267 -0.518737 -0.0621708 418.132 -0.0326419 -0.0658712 0.997294 38.8969
-0.522855 0.851497 0.0396776 -241.255 -0.851786 -0.520103 -0.062868 420.377 -0.0328955 -0.0666677 0.997233 39.1355
-0.523454 0.851094 0.0404269 -239.944 -0.851364 -0.520532 -0.0650067 422.588 -0.0342833 -0.0684461 0.997066 39.379
