1 -0.000111671 2.17307e-05 -0.00299554 0.000111672 1 -3.09289e-05 -0.00110658 -2.17273e-05 3.09313e-05 1 -0.00024077
0.999862 -0.0014368 -0.0165764 -2.02835 0.0013394 0.999982 -0.00588506 -0.0373464 0.0165845 0.00586204 0.999845 0.0519234
0.999991 0.000239215 -0.00429054 -4.22447 -0.000207349 0.999972 0.00742602 -0.00475344 0.00429219 -0.00742506 0.999963 0.110178
0.999231 0.00129982 -0.0391947 -6.43535 -0.00121081 0.999997 0.00229468 0.00307464 0.0391975 -0.00224546 0.999229 0.166099
0.998705 0.00234171 -0.0508198 -8.63165 -0.00210612 0.999987 0.00468878 0.0361461 0.0508301 -0.00457568 0.998697 0.208746
0.99932 0.00465776 -0.0365873 -11.0371 -0.00467006 0.999989 -0.00025072 0.0294624 0.0365858 0.000421415 0.99933 0.200872
0.999311 0.00706183 -0.0364448 -13.195 -0.0071487 0.999972 -0.00225381 0.0460219 0.0364278 0.00251279 0.999333 0.236701
0.999181 0.00934034 -0.0393592 -15.47 -0.0093096 0.999956 0.000964077 0.0860266 0.0393665 -0.000596869 0.999225 0.271665
0.999028 0.0129996 -0.0421197 -17.7834 -0.0129697 0.999915 0.000983216 0.122581 0.0421289 -0.000435981 0.999112 0.335373
0.999039 0.0180192 -0.0399571 -20.1663 -0.0177923 0.999824 0.00602716 0.179076 0.0400586 -0.00531044 0.999183 0.34631
0.999111 0.0234635 -0.035024 -22.5545 -0.0236097 0.999714 -0.00376701 0.239826 0.0349256 0.00459057 0.999379 0.417426
0.998971 0.0290795 -0.0347993 -24.9524 -0.0292129 0.999568 -0.0033313 0.299232 0.0346874 0.00434446 0.999389 0.464555
0.998415 0.0372289 -0.0422062 -27.347 -0.0374331 0.999291 -0.00405682 0.386773 0.0420252 0.00563029 0.999101 0.501205
0.998671 0.0441201 -0.0266445 -29.6733 -0.0442772 0.999005 -0.00533351 0.48265 0.0263826 0.00650617 0.999631 0.556369
0.998155 0.0519797 -0.0313686 -31.9903 -0.0521824 0.998621 -0.00567663 0.603643 0.0310303 0.00730305 0.999492 0.610374
0.997618 0.0598583 -0.0342734 -34.2872 -0.059871 0.998206 0.000655266 0.738631 0.0342511 0.00139828 0.999412 0.650349
0.997516 0.0668697 -0.0221233 -36.5383 -0.0669909 0.997742 -0.00478006 0.886178 0.0217537 0.00625025 0.999744 0.709472
0.996921 0.0757203 -0.0203529 -38.7841 -0.0757341 0.997128 9.27886e-05 1.06261 0.0203015 0.00144891 0.999793 0.785196
0.996374 0.084186 -0.0122932 -41.0177 -0.0841785 0.99645 0.00112435 1.23419 0.0123442 -8.54506e-05 0.999924 0.845275
0.995425 0.0930557 -0.0216641 -43.2572 -0.0929874 0.995659 0.00413876 1.43573 0.0219551 -0.00210534 0.999757 0.913526
0.994333 0.101916 -0.0302471 -45.5636 -0.101806 0.994791 0.00516072 1.67214 0.0306155 -0.00205215 0.999529 0.959261
0.993858 0.108016 -0.0240553 -47.8352 -0.10785 0.994134 0.00809893 1.93448 0.024789 -0.00545483 0.999678 1.02515
0.993239 0.113074 -0.0262736 -50.183 -0.112927 0.993578 0.00702137 2.18104 0.0268988 -0.00400689 0.99963 1.07305
0.992426 0.120013 -0.0262276 -52.582 -0.119777 0.992746 0.0104206 2.46946 0.027288 -0.0072002 0.999602 1.1223
0.991953 0.124189 -0.0246039 -55.0279 -0.123908 0.992213 0.0126384 2.77162 0.0259819 -0.00948802 0.999617 1.18309
0.991474 0.127852 -0.0251633 -57.5152 -0.127554 0.991745 0.0131153 3.09705 0.0266324 -0.00979382 0.999597 1.24026
0.991662 0.126262 -0.0257887 -60.097 -0.126032 0.991972 0.0103474 3.41603 0.0268881 -0.00701094 0.999614 1.29953
0.992001 0.124181 -0.0226282 -62.7508 -0.123992 0.992237 0.00959342 3.7349 0.0236438 -0.00671097 0.999698 1.3579
0.992132 0.123375 -0.0212969 -64.7813 -0.123251 0.992351 0.00703003 3.99207 0.0220013 -0.00434985 0.999748 1.41868
0.992187 0.122457 -0.0238521 -66.8551 -0.122321 0.992465 0.00708186 4.23946 0.0245396 -0.00410892 0.99969 1.46238
0.992227 0.122615 -0.0212186 -68.9786 -0.122542 0.992452 0.00470513 4.49441 0.0216353 -0.0020684 0.999764 1.51712
0.992169 0.123069 -0.0213086 -71.1072 -0.12296 0.992391 0.00632296 4.75515 0.0219246 -0.00365333 0.999753 1.57492
0.99215 0.123581 -0.0191444 -73.2954 -0.123414 0.992308 0.009694 5.02749 0.0201952 -0.00725521 0.99977 1.62709
0.992246 0.122242 -0.0224521 -75.5286 -0.121999 0.992459 0.0119068 5.30317 0.0237383 -0.00907534 0.999677 1.69054
0.992748 0.118478 -0.0203603 -77.7713 -0.118241 0.992906 0.0124877 5.57474 0.0216954 -0.00998975 0.999715 1.75289
0.993177 0.114798 -0.0205361 -80.0341 -0.114572 0.993344 0.0118604 5.83784 0.0217609 -0.0094266 0.999719 1.82152
0.993599 0.110365 -0.0241128 -82.3614 -0.110107 0.99385 0.0117686 6.08727 0.0252633 -0.00903832 0.99964 1.87853
0.993966 0.106918 -0.0244836 -84.6541 -0.106667 0.99423 0.0113557 6.33344 0.0255564 -0.0086756 0.999636 1.934
0.994373 0.1034 -0.0230611 -86.9817 -0.103141 0.994593 0.0121534 6.55839 0.024193 -0.00970647 0.99966 1.98729
0.994734 0.0999969 -0.0224495 -89.2973 -0.099748 0.994941 0.0119497 6.79744 0.0235309 -0.00964748 0.999677 2.05009
0.99495 0.0987817 -0.0177908 -91.5591 -0.0985698 0.995053 0.0124165 7.02071 0.0189293 -0.0106001 0.999765 2.11649
0.994756 0.100151 -0.0207293 -93.8146 -0.0999631 0.994942 0.00991063 7.21997 0.021617 -0.00778649 0.999736 2.17911
0.994572 0.101874 -0.0211804 -96.0433 -0.101696 0.994772 0.00932391 7.43327 0.0220195 -0.00711933 0.999732 2.24117
0.994496 0.103116 -0.0185673 -98.2337 -0.102994 0.994654 0.00740679 7.65335 0.0192318 -0.00545371 0.9998 2.29905
0.994449 0.103993 -0.0160174 -100.395 -0.103932 0.994574 0.00460947 7.86745 0.0164098 -0.00291916 0.999861 2.37233
0.994414 0.10522 -0.00832165 -102.543 -0.105231 0.994447 -0.00084005 8.07444 0.00818706 0.00171105 0.999965 2.43882
0.994567 0.103692 0.00916473 -104.62 -0.103799 0.994526 0.0120053 8.30546 -0.0078697 -0.0128914 0.999886 2.52364
0.993688 0.104203 -0.0415364 -106.764 -0.103755 0.99452 0.0128024 8.51934 0.0426429 -0.00841196 0.999055 2.54087
0.99404 0.107549 -0.0178362 -108.868 -0.10736 0.994157 0.0112131 8.73573 0.0189379 -0.0092314 0.999778 2.61325
0.994199 0.107446 0.00496462 -110.892 -0.107488 0.994163 0.00923264 8.92561 -0.00394363 -0.00971272 0.999945 2.66546
0.994065 0.107449 -0.0170219 -113.027 -0.10721 0.994133 0.0143413 9.15197 0.018463 -0.0124313 0.999752 2.71329
0.994169 0.107605 -0.00694681 -115.158 -0.107535 0.994153 0.00979271 9.34818 0.00795994 -0.00898858 0.999928 2.77036
0.994176 0.107089 -0.0120964 -117.265 -0.106874 0.994124 0.0171988 9.57307 0.0138671 -0.0158059 0.999779 2.83193
0.9943 0.106617 -0.000437697 -119.429 -0.106593 0.99415 0.017453 9.76775 0.00229592 -0.0173069 0.999848 2.88548
0.994394 0.105697 -0.00306605 -121.589 -0.105622 0.994231 0.0186711 10.0022 0.00502184 -0.0182426 0.999821 2.96937
0.994455 0.104924 -0.00709825 -123.798 -0.104793 0.994352 0.0167825 10.2266 0.00881905 -0.0159456 0.999834 3.04375
0.994838 0.101312 -0.00568609 -126.039 -0.101209 0.994733 0.0162439 10.4306 0.00730184 -0.0155846 0.999852 3.09595
0.995424 0.0951369 -0.0089114 -128.303 -0.0950007 0.99537 0.0146251 10.6241 0.0102615 -0.0137115 0.999853 3.17206
0.996094 0.0881698 -0.0048593 -130.543 -0.0881018 0.996029 0.0127862 10.7869 0.00596736 -0.0123081 0.999906 3.23888
0.996598 0.0820209 -0.00806963 -132.775 -0.0818983 0.996535 0.0144969 10.9826 0.00923072 -0.0137867 0.999862 3.30632
0.99714 0.0754416 -0.00452012 -134.98 -0.0753698 0.997052 0.0143614 11.1307 0.00559024 -0.0139797 0.999887 3.37987
0.997654 0.0681517 -0.00639659 -137.124 -0.06804 0.99755 0.0162955 11.2529 0.00749149 -0.0158221 0.999847 3.44858
0.997956 0.0635111 -0.00708608 -139.296 -0.063401 0.997878 0.0148134 11.3667 0.00801185 -0.0143338 0.999865 3.52005
0.997946 0.0587217 0.0256208 -141.389 -0.0590171 0.998197 0.0109285 11.4634 -0.0249329 -0.0124182 0.999612 3.62319
0.99845 0.0533169 0.0159548 -143.478 -0.0535935 0.99841 0.0174476 11.5646 -0.0149992 -0.0182756 0.99972 3.69095
0.998197 0.0493733 -0.0341321 -145.731 -0.0487705 0.998643 0.0182722 11.6414 0.034988 -0.0165746 0.99925 3.69581
0.998687 0.0492551 0.0140466 -147.871 -0.0495085 0.998606 0.0183048 11.7256 -0.0131254 -0.0189762 0.999734 3.76823
0.998849 0.0474221 -0.00717483 -150.075 -0.0472661 0.998671 0.0205345 11.8159 0.00813908 -0.0201717 0.999763 3.85391
0.998814 0.048485 0.00438968 -152.367 -0.0485782 0.99852 0.0244501 11.9299 -0.00319772 -0.0246344 0.999691 3.91121
0.998752 0.049788 0.00386857 -154.674 -0.0498561 0.998553 0.0201532 12.0294 -0.00285959 -0.0203209 0.999789 4.01366
0.998645 0.0520383 -0.000866078 -157.022 -0.0520171 0.998511 0.0164515 12.1133 0.00172089 -0.0163841 0.999864 4.08566
0.998571 0.0533758 -0.00276574 -159.4 -0.0533303 0.998471 0.0145325 12.2154 0.0035372 -0.0143643 0.999891 4.15656
0.99841 0.0563647 -0.000480994 -161.789 -0.0563516 0.998303 0.0146698 12.3369 0.00130704 -0.0146193 0.999892 4.22068
0.998204 0.0598437 0.00264619 -164.186 -0.05988 0.998062 0.0169104 12.4696 -0.00162909 -0.0170385 0.999854 4.30421
0.997987 0.0631497 0.0057938 -166.612 -0.0632439 0.997838 0.0178491 12.6051 -0.00465412 -0.0181796 0.999824 4.39987
0.99732 0.0731167 0.00242336 -169.046 -0.0731478 0.997171 0.0172848 12.7436 -0.00115269 -0.0174158 0.999848 4.48178
0.996525 0.0831324 0.00521375 -171.525 -0.0832121 0.996376 0.0176119 12.9408 -0.00373074 -0.0179845 0.999831 4.57241
0.995667 0.0929497 0.00282333 -174.006 -0.0929865 0.995491 0.0187578 13.1571 -0.00106706 -0.018939 0.99982 4.6539
0.994807 0.10168 0.00445369 -176.488 -0.101754 0.994568 0.0219352 13.3974 -0.00219911 -0.0222745 0.999749 4.73939
0.994534 0.10436 0.00334612 -178.921 -0.104411 0.994208 0.0254815 13.6595 -0.000667499 -0.0256916 0.99967 4.83153
0.994496 0.104705 0.00385957 -181.321 -0.104769 0.994182 0.0250156 13.8784 -0.00121786 -0.0252822 0.99968 4.91978
0.994317 0.104167 0.0219567 -183.709 -0.104638 0.994277 0.021558 14.1011 -0.0195854 -0.023733 0.999526 5.04853
0.992962 0.101236 0.0614572 -185.97 -0.10261 0.994528 0.0196133 14.3236 -0.0591353 -0.0257814 0.997917 5.18928
0.993397 0.0948771 0.0645099 -188.246 -0.0962633 0.99518 0.0187233 14.5823 -0.0624226 -0.0248096 0.997741 5.21362
0.99597 0.0894517 0.00645846 -190.662 -0.0896085 0.995507 0.0305921 14.8034 -0.00369293 -0.0310475 0.999511 5.14154
0.995706 0.0840695 0.0387427 -192.918 -0.0851154 0.996027 0.0261857 14.9311 -0.0363873 -0.0293709 0.998906 5.38597
0.996216 0.0825299 0.0272657 -195.362 -0.0832055 0.996228 0.0246484 15.0987 -0.0251286 -0.0268238 0.999324 5.47516
0.996016 0.0817098 0.0357064 -197.747 -0.0826446 0.996252 0.0255352 15.3072 -0.0334861 -0.0283844 0.999036 5.57994
0.996401 0.0797068 0.0288558 -200.166 -0.0803549 0.996523 0.0220422 15.4771 -0.0269986 -0.0242815 0.999341 5.69472
0.99651 0.076745 0.0328314 -202.625 -0.0774131 0.996807 0.0195841 15.6475 -0.0312236 -0.0220574 0.999269 5.80106
0.99678 0.0751222 0.0280531 -205.063 -0.0756388 0.996976 0.0178306 15.806 -0.0266287 -0.0198951 0.999447 5.90256
0.99688 0.0723377 0.0315794 -207.582 -0.0729165 0.997183 0.0175799 15.9889 -0.0302188 -0.0198277 0.999347 6.00324
0.996964 0.070295 0.0334818 -210.1 -0.0708839 0.997344 0.0167387 16.1457 -0.0322162 -0.0190612 0.999299 6.1282
0.997148 0.0695054 0.0294097 -212.595 -0.0699982 0.997418 0.0160714 16.3022 -0.0282167 -0.0180842 0.999438 6.2485
0.997304 0.0663254 0.0313997 -215.123 -0.0669212 0.99759 0.0183197 16.4528 -0.030109 -0.0203716 0.999339 6.36978
0.997747 0.0598007 0.0304137 -217.663 -0.0603086 0.99805 0.0160649 16.6227 -0.0293937 -0.0178629 0.999408 6.49127
0.997908 0.0552388 0.0335944 -220.165 -0.0558146 0.998306 0.0164505 16.718 -0.0326288 -0.0182912 0.9993 6.60251
0.998004 0.053947 0.0328222 -222.595 -0.054445 0.998412 0.0144731 16.8108 -0.0319893 -0.0162312 0.999356 6.72139
0.998058 0.0519942 0.0343135 -224.999 -0.0524672 0.998538 0.01303 16.9255 -0.0335858 -0.014805 0.999326 6.84406
0.998119 0.0516922 0.0329569 -227.356 -0.0521264 0.998563 0.0124535 17.0294 -0.0322657 -0.014148 0.999379 6.95885
0.99809 0.0492662 0.0372779 -229.668 -0.0497914 0.998671 0.0132918 17.1161 -0.0365736 -0.0151225 0.999217 7.07324
0.998145 0.0488524 0.0363243 -231.931 -0.049298 0.998718 0.0114713 17.2078 -0.0357173 -0.0132407 0.999274 7.19682
0.997817 0.0467537 0.0466408 -234.154 -0.0473659 0.998804 0.0121073 17.3001 -0.0460189 -0.01429 0.998838 7.31511
0.995438 0.0450177 0.084125 -236.336 -0.0454593 0.998961 0.00334071 17.3796 -0.0838871 -0.00714974 0.99645 7.4943
0.997564 0.0378038 0.0586307 -238.445 -0.0385089 0.999198 0.0109426 17.5213 -0.05817 -0.0131737 0.99822 7.59866
0.998908 0.0354829 0.0304053 -240.794 -0.0359372 0.999248 0.014527 17.5935 -0.029867 -0.0156038 0.999432 7.62448
0.996462 0.0336877 0.0769954 -243.146 -0.0351842 0.999216 0.0181634 17.6134 -0.0763232 -0.0208082 0.996866 7.80352
0.997444 0.0313151 0.0642199 -245.408 -0.0319852 0.999444 0.00943218 17.6805 -0.0638889 -0.0114622 0.997891 7.92815
0.99718 0.024767 0.0708383 -247.805 -0.0257035 0.999593 0.0123398 17.7361 -0.0705039 -0.0141258 0.997411 8.04802
0.997481 0.0163737 0.0690209 -250.177 -0.0173228 0.999763 0.0131745 17.7927 -0.0687888 -0.0143369 0.997528 8.1899
0.99774 0.00773192 0.0667524 -252.602 -0.00893636 0.999802 0.0177637 17.8311 -0.0666019 -0.0183201 0.997611 8.31325
0.997413 -0.00014895 0.0718906 -255.113 -0.00146971 0.999747 0.0224622 17.8357 -0.0718758 -0.0225098 0.99716 8.47018
0.997731 -0.00687341 0.0669673 -257.623 0.00542543 0.999748 0.0217801 17.8334 -0.0671001 -0.0213673 0.997517 8.62863
0.99749 -0.0132315 0.069561 -260.179 0.0120213 0.99977 0.0177873 17.7852 -0.0697803 -0.0169064 0.997419 8.78013
0.997842 -0.0203234 0.0624289 -262.754 0.0193747 0.999688 0.0157645 17.7162 -0.0627298 -0.0145209 0.997925 8.92439
0.997411 -0.0266767 0.0667788 -265.363 0.0258326 0.999575 0.0134722 17.6542 -0.0671098 -0.0117122 0.997677 9.07162
0.997265 -0.027675 0.0685259 -267.961 0.0269578 0.999572 0.0113686 17.589 -0.0688112 -0.00949016 0.997585 9.22792
0.997184 -0.0282001 0.0694843 -270.617 0.027413 0.999549 0.0122557 17.5072 -0.0697986 -0.0103165 0.997508 9.38485
0.997496 -0.0288428 0.0645705 -273.257 0.0281106 0.99953 0.0122204 17.4192 -0.0648927 -0.0103747 0.997838 9.55099
0.997198 -0.0276489 0.069507 -275.931 0.0270177 0.999585 0.010005 17.3306 -0.0697548 -0.00809909 0.997531 9.70553
0.997281 -0.0251298 0.0692718 -278.57 0.0243994 0.999638 0.0113701 17.2565 -0.0695324 -0.009649 0.997533 9.8695
0.997505 -0.0216052 0.0672088 -281.253 0.0208525 0.999712 0.0118811 17.2056 -0.0674461 -0.01045 0.997668 10.0341
0.997352 -0.0199204 0.0699388 -283.898 0.0191304 0.999746 0.0119473 17.147 -0.070159 -0.0105777 0.99748 10.1928
0.997465 -0.020201 0.0682317 -286.539 0.0194645 0.999745 0.0114405 17.0891 -0.0684455 -0.0100834 0.997604 10.3644
0.997243 -0.020115 0.0714316 -289.129 0.0193689 0.999751 0.0111224 17.049 -0.0716375 -0.00970818 0.997383 10.5247
0.996907 -0.0206171 0.0758399 -291.677 0.0197579 0.999732 0.0120625 16.9854 -0.0760683 -0.0105267 0.997047 10.6945
0.99289 -0.0216232 0.117058 -294.165 0.0212548 0.999764 0.0043947 16.9184 -0.117125 -0.00187542 0.993115 10.9196
0.992804 -0.0232979 0.11746 -296.661 0.0220202 0.999684 0.0121646 16.8641 -0.117707 -0.00949052 0.993003 11.0383
0.997129 -0.0253152 0.0713688 -299.375 0.0243674 0.999603 0.0141197 16.8085 -0.0716979 -0.0123401 0.99735 11.1337
0.994058 -0.0281725 0.105146 -301.859 0.0265245 0.999503 0.0170395 16.7612 -0.105574 -0.0141493 0.994311 11.3532
0.995542 -0.0299735 0.0894247 -304.509 0.0282891 0.999399 0.0200445 16.6756 -0.0899717 -0.0174254 0.995792 11.4839
0.994692 -0.0318292 0.0978511 -307.177 0.0297308 0.999297 0.0228285 16.5987 -0.098509 -0.0197982 0.994939 11.6608
0.995305 -0.0330335 0.0909726 -309.857 0.0311512 0.999272 0.0220338 16.5243 -0.0916343 -0.0190964 0.99561 11.8464
0.994775 -0.0357724 0.0956235 -312.556 0.0338218 0.999187 0.021943 16.4359 -0.0963307 -0.0185941 0.995176 12.0243
0.994716 -0.0389911 0.094975 -315.254 0.0368071 0.999019 0.0246403 16.3368 -0.0958425 -0.0210144 0.995175 12.2041
0.994565 -0.0437692 0.0944703 -317.963 0.0413792 0.998776 0.0271118 16.2395 -0.0955413 -0.0230554 0.995158 12.3951
0.994222 -0.0482767 0.0958761 -320.649 0.0458755 0.99858 0.027094 16.1225 -0.0970479 -0.0225391 0.995024 12.5835
0.994158 -0.0527347 0.0941755 -323.316 0.0503535 0.998353 0.0274855 15.9988 -0.0954698 -0.0225829 0.995176 12.77
0.99413 -0.0570503 0.0919272 -325.958 0.0547163 0.998117 0.0277142 15.854 -0.0933352 -0.0225216 0.99538 12.9506
0.99357 -0.0610024 0.0953758 -328.569 0.0584255 0.997853 0.0295842 15.7116 -0.0969758 -0.0238216 0.995002 13.1367
0.991887 -0.0650121 0.109243 -331.155 0.062016 0.997606 0.030607 15.5564 -0.110971 -0.0235839 0.993544 13.3457
0.990979 -0.0713562 0.113439 -333.604 0.068528 0.997238 0.028643 15.3939 -0.11517 -0.0206108 0.993132 13.5531
0.995319 -0.0772981 0.0580108 -336.153 0.0758785 0.99677 0.026291 15.2209 -0.0598556 -0.0217662 0.99797 13.6683
0.989531 -0.0899951 0.112822 -338.586 0.0864709 0.995612 0.0357609 14.9965 -0.115545 -0.0256307 0.992972 13.8152
0.991325 -0.0989699 0.086481 -341.021 0.0968406 0.994892 0.0284893 14.7985 -0.0888588 -0.0198673 0.995846 13.9915
0.989867 -0.106236 0.0942196 -343.498 0.103453 0.994054 0.0339637 14.5466 -0.0972675 -0.0238723 0.994972 14.1291
0.989382 -0.112976 0.091435 -345.93 0.110132 0.993279 0.0355945 14.2998 -0.0948418 -0.0251467 0.995175 14.2975
0.988636 -0.118696 0.0922452 -348.376 0.115389 0.992498 0.0404119 14.0347 -0.0963499 -0.0293086 0.994916 14.4625
0.988054 -0.120778 0.0957136 -350.79 0.118545 0.992534 0.0287121 13.7617 -0.0984667 -0.0170228 0.994995 14.6436
0.988277 -0.121547 0.0923868 -353.212 0.119474 0.992452 0.0276652 13.466 -0.095052 -0.016303 0.995339 14.7926
0.987966 -0.12312 0.0936241 -355.636 0.120985 0.992254 0.0281721 13.1848 -0.0963675 -0.0165059 0.995209 14.9517
0.98793 -0.124369 0.0923369 -357.979 0.122361 0.992115 0.0271191 12.9216 -0.0949816 -0.0154933 0.995358 15.1178
0.987394 -0.126061 0.0957208 -360.3 0.124056 0.991918 0.0266435 12.648 -0.0983058 -0.0144329 0.995052 15.2823
0.986508 -0.1297 0.0999015 -362.616 0.127334 0.991414 0.0297271 12.3851 -0.102899 -0.0166051 0.994553 15.4364
0.985849 -0.133296 0.101656 -364.904 0.130894 0.990943 0.0299754 12.096 -0.104731 -0.0162451 0.994368 15.6199
0.980754 -0.138542 0.13758 -367.198 0.135836 0.990309 0.0289126 11.7651 -0.140252 -0.00966788 0.990069 15.8295
0.983274 -0.146228 0.108579 -369.491 0.143829 0.989158 0.0296519 11.522 -0.111737 -0.0135391 0.993646 15.9452
0.986089 -0.14922 0.0732281 -371.942 0.146977 0.988515 0.0351513 11.1792 -0.0776323 -0.0238995 0.996696 16.0549
0.979664 -0.154924 0.127501 -374.31 0.150472 0.987639 0.0438944 10.8238 -0.132725 -0.0238164 0.990867 16.2834
0.981714 -0.156477 0.10841 -376.694 0.152828 0.987392 0.041241 10.4856 -0.113497 -0.0239188 0.99325 16.4042
0.980679 -0.157342 0.11624 -379.17 0.152979 0.987177 0.0456035 10.1285 -0.121925 -0.0269401 0.992174 16.5666
0.981933 -0.154327 0.1095 -381.637 0.15032 0.987658 0.0439972 9.77889 -0.114939 -0.0267423 0.993013 16.7404
0.981909 -0.15229 0.112524 -384.142 0.148337 0.988012 0.0427575 9.43375 -0.117686 -0.0252926 0.992729 16.9012
0.983138 -0.147355 0.108284 -386.629 0.143728 0.988783 0.0406153 9.10601 -0.113055 -0.024367 0.99329 17.0612
0.983449 -0.143155 0.111066 -389.093 0.139509 0.989414 0.0399724 8.78635 -0.115612 -0.0238161 0.993009 17.2218
0.984015 -0.138598 0.111828 -391.516 0.13499 0.990069 0.0392496 8.47712 -0.116157 -0.0235265 0.992952 17.3859
0.984004 -0.138472 0.112082 -393.953 0.134376 0.989982 0.0433448 8.17155 -0.116962 -0.0275902 0.992753 17.5389
0.983544 -0.140484 0.113605 -396.288 0.136201 0.989674 0.0446652 7.88889 -0.118707 -0.0284571 0.992521 17.7125
0.976684 -0.145407 0.157941 -398.587 0.140187 0.989157 0.0437603 7.57919 -0.162592 -0.0205986 0.986478 17.9382
0.978024 -0.146216 0.148628 -400.796 0.139971 0.988805 0.0517004 7.26222 -0.154523 -0.0297606 0.987541 18.059
0.986409 -0.139706 0.0864831 -403.215 0.137444 0.990005 0.0316076 6.91057 -0.0900345 -0.0192914 0.995752 18.0831
0.981429 -0.14048 0.130622 -405.523 0.137632 0.99001 0.0306236 6.67581 -0.133619 -0.0120772 0.990959 18.2653
0.983666 -0.14122 0.111614 -407.874 0.139502 0.989952 0.0230912 6.27709 -0.113754 -0.0071436 0.993483 18.4543
0.981334 -0.14586 0.125333 -410.328 0.143802 0.989281 0.0253666 5.9214 -0.12769 -0.00686999 0.99179 18.6208
0.980507 -0.150748 0.126019 -412.756 0.148991 0.988564 0.0233028 5.52139 -0.128091 -0.0040728 0.991754 18.7981
0.980069 -0.158233 0.120115 -415.239 0.15639 0.987387 0.0246836 5.12184 -0.122506 -0.0054068 0.992453 18.9697
0.97822 -0.167196 0.123007 -417.749 0.165291 0.985912 0.0256054 4.68304 -0.125555 -0.00471581 0.992075 19.1471
0.977561 -0.176075 0.115641 -420.257 0.174236 0.984363 0.0258981 4.23382 -0.118393 -0.00516808 0.992953 19.3177
0.975237 -0.188593 0.115522 -422.794 0.186302 0.982022 0.0304148 3.74646 -0.119181 -0.00813967 0.992839 19.479
0.97265 -0.203194 0.112537 -425.35 0.200716 0.979092 0.0330438 3.21248 -0.116898 -0.00955205 0.993098 19.6528
0.970177 -0.21523 0.111506 -427.928 0.212732 0.97652 0.0339815 2.63817 -0.116201 -0.00924731 0.993183 19.8195
0.967844 -0.225665 0.111147 -430.492 0.222964 0.97415 0.0363284 2.03969 -0.116472 -0.0103786 0.99314 19.9928
0.965673 -0.235767 0.10904 -433.075 0.233157 0.971762 0.0362818 1.41424 -0.114515 -0.00961304 0.993375 20.1702
0.963307 -0.246351 0.106541 -435.661 0.243768 0.969134 0.036826 0.75203 -0.112325 -0.0095034 0.993626 20.3419
0.961439 -0.256302 0.0997181 -438.239 0.25405 0.966562 0.0348805 0.0792904 -0.105324 -0.0082021 0.994404 20.5005
0.958567 -0.266563 0.100462 -440.757 0.263869 0.963751 0.0394534 -0.620601 -0.107338 -0.0113097 0.994158 20.6462
0.956824 -0.27443 0.0957895 -443.257 0.272037 0.961557 0.0374694 -1.32071 -0.10239 -0.0097934 0.994696 20.8113
0.953919 -0.279457 0.109279 -445.671 0.277691 0.960158 0.0313656 -2.02284 -0.11369 0.000425571 0.993516 20.9875
0.95211 -0.28426 0.112622 -447.946 0.283509 0.958695 0.0229706 -2.71885 -0.1145 0.0100587 0.993372 21.1458
0.952196 -0.287752 0.102569 -450.192 0.288494 0.95745 0.00785626 -3.37253 -0.100466 0.0221099 0.994695 21.3134
0.948213 -0.298031 0.10986 -452.207 0.299019 0.954216 0.00776062 -4.01126 -0.107143 0.0254914 0.993917 21.4147
0.946614 -0.303069 0.109872 -454.138 0.304087 0.952613 0.00777656 -4.59871 -0.107023 0.0260494 0.993915 21.5495
0.937744 -0.31298 0.150599 -456.603 0.311288 0.94966 0.0352995 -5.39248 -0.154065 0.0137777 0.987965 21.7588
0.9438 -0.316391 0.0955985 -459.07 0.31663 0.948459 0.0130655 -6.17427 -0.0948051 0.0179381 0.995334 21.9124
0.939199 -0.325429 0.109549 -461.557 0.326423 0.945179 0.00924147 -6.99598 -0.106551 0.0270797 0.993938 22.074
0.936538 -0.330156 0.117875 -463.888 0.331025 0.943537 0.012699 -7.78893 -0.115412 0.0271266 0.992947 22.212
0.934349 -0.335976 0.118793 -466.258 0.336492 0.941545 0.016289 -8.59141 -0.117322 0.0247535 0.992785 22.3779
0.932635 -0.339133 0.12321 -468.541 0.340183 0.940269 0.013065 -9.38214 -0.120281 0.029729 0.992295 22.5516
0.932036 -0.340292 0.124542 -470.726 0.341907 0.939692 0.00883499 -10.1353 -0.120037 0.0343472 0.992175 22.7156
0.932293 -0.336783 0.131937 -472.779 0.339293 0.940674 0.00365492 -10.8448 -0.125341 0.0413579 0.991251 22.8755
0.940379 -0.31352 0.131881 -474.795 0.317179 0.948339 -0.00716442 -11.4873 -0.122822 0.0485671 0.99124 23.0297
0.957018 -0.258901 0.130718 -476.748 0.262889 0.964726 -0.0139241 -11.9659 -0.122502 0.0476899 0.991322 23.1663
0.981164 -0.139235 0.133904 -479.075 0.143211 0.98948 -0.0204861 -12.2484 -0.129643 0.0392767 0.990783 23.315
0.990808 0.0378132 0.129884 -481.242 -0.035998 0.999219 -0.0162962 -12.0501 -0.130399 0.0114709 0.991395 23.4636
0.970079 0.203638 0.132208 -482.872 -0.202402 0.979036 -0.0228681 -11.5551 -0.134094 -0.00457529 0.990958 23.5811
0.920786 0.369644 0.124567 -484.347 -0.368221 0.929075 -0.0351138 -10.8015 -0.128712 -0.013536 0.99159 23.6944
0.837729 0.537605 0.095872 -485.681 -0.536261 0.843033 -0.0414831 -9.76529 -0.103125 -0.0166608 0.994529 23.794
0.717826 0.692234 0.0744192 -486.793 -0.691437 0.721319 -0.0401847 -8.51572 -0.0814972 -0.0226106 0.996417 23.8384
0.602294 0.795772 0.0631586 -487.441 -0.795849 0.604745 -0.0301468 -7.40805 -0.0621848 -0.0321075 0.997548 23.8746
0.422887 0.903829 0.0652709 -488.052 -0.90507 0.424838 -0.0189869 -5.77092 -0.0448905 -0.0510454 0.997687 23.9047
0.254414 0.964376 0.0724735 -488.389 -0.966143 0.256773 -0.0251927 -3.92615 -0.0429045 -0.0636104 0.997052 23.9497
0.161504 0.983093 0.0862768 -488.575 -0.985152 0.165765 -0.0446942 -1.9372 -0.0582402 -0.0777774 0.995268 24.0364
0.121786 0.989854 0.0731916 -488.648 -0.992388 0.122793 -0.00940822 0.141658 -0.0183002 -0.0714887 0.997274 24.0723
0.0916849 0.993597 0.0660178 -488.714 -0.995746 0.0920856 -0.00304546 2.45812 -0.00910524 -0.0654577 0.997814 24.116
0.0702443 0.995426 0.0647503 -488.746 -0.996731 0.0726368 -0.0353646 4.75556 -0.0399061 -0.0620545 0.997275 24.1559
0.0570576 0.996594 0.0595406 -488.767 -0.997884 0.0587911 -0.0277782 7.18103 -0.0311841 -0.0578297 0.997839 24.1927
0.0559912 0.997096 0.0516252 -488.784 -0.997773 0.0577561 -0.0333527 9.78763 -0.0362375 -0.0496427 0.998109 24.2458
0.0586501 0.997022 0.0500724 -488.795 -0.99763 0.0603464 -0.0330647 12.4439 -0.0359879 -0.0480145 0.998198 24.3042
0.0621239 0.996494 0.0560434 -488.801 -0.997275 0.0642152 -0.0363193 14.5245 -0.0397908 -0.0536344 0.997768 24.3318
0.0634282 0.996229 0.0592068 -488.782 -0.997293 0.0654829 -0.0334322 16.6501 -0.0371832 -0.056926 0.997686 24.3746
0.06427 0.995906 0.0635634 -488.807 -0.997004 0.0668272 -0.0389566 18.8751 -0.0430448 -0.0608692 0.997217 24.4198
0.0671515 0.995888 0.060817 -488.849 -0.996926 0.069438 -0.036294 21.0634 -0.0403677 -0.0581928 0.997489 24.4652
0.066287 0.995939 0.0609195 -488.885 -0.996586 0.0690946 -0.0451965 23.3819 -0.0492222 -0.0577156 0.997119 24.5124
0.0685785 0.995558 0.0645064 -488.914 -0.996243 0.0717664 -0.0484727 25.7327 -0.0528868 -0.0609399 0.996739 24.5715
0.0724158 0.995068 0.0677849 -488.944 -0.995782 0.0759717 -0.0514369 28.1193 -0.056333 -0.0637741 0.996373 24.6354
0.079034 0.994281 0.0718261 -488.985 -0.995189 0.0828808 -0.0522526 30.5557 -0.0579068 -0.0673508 0.996048 24.714
0.0856417 0.993599 0.0736673 -489.064 -0.994581 0.0896318 -0.0526753 33.0563 -0.058941 -0.0687569 0.995891 24.7883
0.0835282 0.993152 0.0816859 -489.136 -0.99483 0.0878592 -0.0509409 35.5469 -0.0577689 -0.0770085 0.995355 24.842
0.0781426 0.992845 0.0902905 -489.186 -0.995228 0.082997 -0.0513184 38.0487 -0.058445 -0.0858494 0.994592 24.9102
0.0738476 0.99319 0.0901166 -489.209 -0.995503 0.0787913 -0.0525893 40.5928 -0.0593316 -0.0858278 0.994542 24.9804
0.0695015 0.994309 0.0807443 -489.26 -0.995427 0.0744404 -0.059856 43.1426 -0.065526 -0.076215 0.994936 25.0687
0.0666113 0.99521 0.0715585 -489.317 -0.996207 0.0703589 -0.0511908 45.7156 -0.0559804 -0.0678773 0.996122 25.1368
0.0670631 0.995338 0.0693126 -489.352 -0.996189 0.0706799 -0.0511147 48.3141 -0.0557754 -0.0656205 0.996285 25.1885
0.0724649 0.99484 0.0710095 -489.378 -0.99574 0.0762331 -0.0518743 50.8716 -0.0570199 -0.0669479 0.996126 25.2508
0.0783507 0.994601 0.0680487 -489.45 -0.995197 0.0820507 -0.0533917 53.3984 -0.0586869 -0.0635386 0.996252 25.2994
0.0820382 0.993781 0.0752881 -489.503 -0.995019 0.0859637 -0.0504661 55.8682 -0.0566243 -0.0707729 0.995884 25.3537
0.0843744 0.993244 0.0796735 -489.552 -0.994363 0.0890825 -0.0575091 58.259 -0.0642181 -0.074372 0.995161 25.4184
0.0839365 0.9932 0.0806689 -489.599 -0.994755 0.0882655 -0.0516813 60.4847 -0.0584501 -0.0759079 0.9954 25.4771
0.0809253 0.994226 0.0704651 -489.664 -0.993627 0.0860378 -0.0728239 62.5874 -0.078466 -0.0641227 0.994852 25.5587
0.0811313 0.994374 0.0680979 -489.714 -0.993843 0.085882 -0.0700023 65.2062 -0.0754568 -0.0619992 0.99522 25.629
0.0804138 0.994552 0.0663246 -489.786 -0.993292 0.0855031 -0.0778434 67.7643 -0.0830903 -0.0596201 0.994757 25.701
0.0779989 0.994628 0.0680489 -489.827 -0.992653 0.0838142 -0.0872621 70.2847 -0.0924968 -0.0607426 0.993858 25.8026
0.0768032 0.993807 0.0803093 -489.867 -0.991482 0.0846239 -0.0990018 72.7281 -0.105185 -0.0720216 0.991841 25.8542
0.0825095 0.993288 0.0810677 -489.939 -0.994221 0.087646 -0.0619847 75.302 -0.0686739 -0.0754849 0.994779 25.9513
0.0784969 0.993829 0.0783725 -489.981 -0.990948 0.0863737 -0.102769 77.7435 -0.108904 -0.069596 0.991613 26.0062
0.0814679 0.993876 0.0746592 -490.058 -0.991829 0.0882228 -0.092156 80.398 -0.0981783 -0.0665413 0.992942 26.0884
0.081215 0.994069 0.0723286 -490.148 -0.991897 0.0877242 -0.0919007 83.0037 -0.0977006 -0.0642787 0.993138 26.1737
0.0817254 0.994275 0.0688293 -490.217 -0.991412 0.0881757 -0.0965773 85.0017 -0.102093 -0.0603454 0.992943 26.2354
0.0786805 0.994799 0.0646912 -490.295 -0.991985 0.0845634 -0.0938881 87.0112 -0.0988703 -0.0567855 0.993479 26.2922
0.0747602 0.994951 0.0669581 -490.331 -0.992712 0.0806201 -0.0895727 89.0227 -0.0945186 -0.0597736 0.993727 26.3549
0.0703269 0.994778 0.0739586 -490.364 -0.992833 0.0769852 -0.091407 91.6428 -0.0966234 -0.0670002 0.993063 26.4302
0.0692106 0.994956 0.0726088 -490.415 -0.992994 0.0756955 -0.0907323 94.225 -0.0957708 -0.0658205 0.993225 26.5138
0.0705364 0.995429 0.064395 -490.474 -0.992905 0.0762599 -0.091239 96.7943 -0.0957327 -0.0575024 0.993745 26.5828
0.0681715 0.995325 0.0684231 -490.535 -0.990364 0.0757993 -0.115902 99.3058 -0.120547 -0.0598625 0.990901 26.6857
0.0650941 0.995581 0.0676823 -490.561 -0.988879 0.0734475 -0.12932 101.706 -0.13372 -0.0585116 0.98929 26.8397
0.0626141 0.996345 0.0581049 -490.625 -0.994875 0.0669412 -0.0757841 104.313 -0.0793967 -0.0530619 0.99543 26.9104
0.0657271 0.996492 0.0518024 -490.699 -0.991393 0.0711053 -0.109927 106.729 -0.113225 -0.0441313 0.992589 26.9322
0.0666983 0.995931 0.0605987 -490.733 -0.991503 0.0729547 -0.107697 109.282 -0.11168 -0.0529006 0.992335 27.0271
0.0674715 0.994764 0.0767643 -490.769 -0.992262 0.0749411 -0.098994 111.828 -0.104228 -0.0694911 0.992123 27.114
0.0659548 0.994176 0.0852297 -490.806 -0.991972 0.0745648 -0.102139 114.39 -0.107899 -0.0778089 0.991112 27.2122
0.0671453 0.994263 0.0832574 -490.861 -0.992218 0.0753102 -0.0991545 116.956 -0.104856 -0.0759517 0.991583 27.3204
0.0635841 0.994415 0.0842322 -490.913 -0.991743 0.07238 -0.105858 119.523 -0.111364 -0.0768059 0.990807 27.4142
0.0637682 0.994377 0.0845468 -490.967 -0.995183 0.0696833 -0.068961 121.538 -0.0744647 -0.079742 0.99403 27.4323
0.0516275 0.993976 0.0966772 -490.986 -0.993339 0.0610966 -0.0976961 124.129 -0.103014 -0.0909894 0.990509 27.4961
0.0460377 0.993404 0.105024 -490.985 -0.994401 0.0555847 -0.0898667 126.129 -0.0951116 -0.100298 0.990401 27.535
0.0342533 0.992888 0.114016 -490.961 -0.994212 0.0454768 -0.0973398 128.758 -0.101833 -0.110022 0.988699 27.6058
0.0168615 0.993277 0.114528 -490.897 -0.993387 0.0296525 -0.110918 131.355 -0.113568 -0.1119 0.987208 27.7025
-0.0145015 0.993515 0.112768 -490.768 -0.995643 -0.00395835 -0.0931612 133.915 -0.0921107 -0.113628 0.989244 27.7709
-0.0771745 0.991594 0.103848 -490.52 -0.992289 -0.0662586 -0.104747 136.398 -0.0969858 -0.111132 0.989062 27.8097
-0.153381 0.983555 0.0953575 -490.059 -0.983929 -0.143083 -0.106819 138.824 -0.0914186 -0.110209 0.989695 27.8551
-0.238603 0.967873 0.0793068 -489.378 -0.966236 -0.228434 -0.119186 141.221 -0.0972404 -0.105067 0.9897 27.9174
-0.32178 0.944433 0.0671179 -488.504 -0.942381 -0.312616 -0.119119 143.554 -0.091518 -0.101581 0.990609 27.9041
-0.407491 0.911336 0.0584688 -487.376 -0.909932 -0.399776 -0.110463 145.797 -0.077294 -0.0982151 0.992159 27.9201
-0.491721 0.8687 0.0597534 -486.033 -0.868094 -0.483704 -0.111549 147.934 -0.068 -0.106723 0.991961 27.9188
-0.574689 0.81735 0.0408706 -484.518 -0.816035 -0.568562 -0.104037 149.933 -0.0617972 -0.0931408 0.993733 27.852
-0.655138 0.754647 0.0360882 -482.767 -0.753818 -0.64973 -0.0980317 151.779 -0.0505318 -0.0914282 0.994529 27.7931
-0.728089 0.684809 0.0303685 -480.845 -0.684194 -0.723291 -0.0934277 153.427 -0.0420149 -0.0888016 0.995163 27.7009
-0.791996 0.610014 0.0250102 -478.709 -0.609815 -0.788432 -0.0806234 154.918 -0.0294626 -0.079105 0.996431 27.5791
-0.847322 0.530617 0.0221747 -476.418 -0.530702 -0.844405 -0.0730404 156.208 -0.020032 -0.0736569 0.997082 27.4322
-0.879799 0.474399 0.0299743 -474.574 -0.475284 -0.876924 -0.0714772 157.046 -0.00762353 -0.0771319 0.996992 27.2871
-0.905916 0.422493 0.0285747 -472.684 -0.423441 -0.903209 -0.0700819 157.8 -0.0038002 -0.075588 0.997132 27.1481
-0.923601 0.382469 0.0260413 -470.73 -0.38334 -0.920823 -0.071664 158.46 -0.00342989 -0.0761716 0.997089 26.9878
-0.933752 0.356964 0.0261732 -468.755 -0.357922 -0.931232 -0.0685537 159.075 -9.78942e-05 -0.0733801 0.997304 26.8505
-0.939525 0.341878 0.0203141 -466.77 -0.342468 -0.937324 -0.064334 159.689 -0.00295346 -0.0674003 0.997722 26.689
-0.940938 0.338253 0.0148594 -464.748 -0.338563 -0.939543 -0.0513287 160.294 -0.00340105 -0.0533279 0.998571 26.561
-0.942252 0.334635 -0.0134115 -462.731 -0.33325 -0.940822 -0.0616239 160.92 -0.0332394 -0.0535958 0.998009 26.4275
-0.940557 0.339148 0.0182074 -460.523 -0.339611 -0.939789 -0.0382303 161.528 0.00414539 -0.0421412 0.999103 26.2385
-0.941335 0.337125 0.0153541 -458.471 -0.337471 -0.940147 -0.0472862 162.209 -0.00150621 -0.0496937 0.998763 26.0731
-0.939037 0.343561 0.0132409 -456.221 -0.343806 -0.938013 -0.0439249 162.859 -0.00267071 -0.0457994 0.998947 25.9474
-0.939235 0.342958 0.0147415 -453.926 -0.343262 -0.93796 -0.0490249 163.558 -0.00298658 -0.0511061 0.998689 25.7534
-0.939014 0.343645 0.0126797 -451.604 -0.343837 -0.937686 -0.0502188 164.246 -0.00536791 -0.0515159 0.998658 25.6081
-0.937726 0.346942 0.0173577 -449.204 -0.347376 -0.936519 -0.0475627 164.975 -0.00024564 -0.0506304 0.998717 25.4412
-0.936312 0.350896 0.0138227 -446.764 -0.351149 -0.935122 -0.0473396 165.727 -0.00368537 -0.0491785 0.998783 25.2859
-0.93477 0.355088 0.0108103 -444.271 -0.355185 -0.93357 -0.0478683 166.493 -0.00690529 -0.0485855 0.998795 25.1208
-0.933288 0.358823 0.0148485 -441.743 -0.359122 -0.932197 -0.0451766 167.282 -0.00236868 -0.0474952 0.998869 24.9633
-0.932248 0.361427 0.0168663 -439.164 -0.36182 -0.931154 -0.0451589 168.114 -0.000616562 -0.0482019 0.998837 24.7783
-0.931249 0.363805 0.0205382 -436.519 -0.364382 -0.92996 -0.0489989 168.953 0.00127371 -0.053114 0.998588 24.5869
-0.93042 0.366117 0.0166058 -433.851 -0.366483 -0.929085 -0.0499221 169.815 -0.00284915 -0.0525343 0.998615 24.4069
-0.929244 0.369128 0.0158141 -431.114 -0.369458 -0.928079 -0.0465834 170.707 -0.00251849 -0.04913 0.998789 24.2201
-0.928255 0.371475 0.0186929 -428.326 -0.371943 -0.926928 -0.0496147 171.616 -0.00110365 -0.0530078 0.998593 24.0272
-0.927288 0.373871 0.0188943 -425.517 -0.374348 -0.926006 -0.0487547 172.546 -0.00073175 -0.0522827 0.998632 23.8416
-0.925865 0.377396 0.0186236 -422.699 -0.377852 -0.92455 -0.0493407 173.498 -0.00140252 -0.0527198 0.998608 23.6443
-0.923984 0.381752 0.0227915 -419.903 -0.38243 -0.922475 -0.0527928 174.436 0.000870846 -0.0574958 0.998345 23.4636
-0.922755 0.384745 0.0222465 -418.002 -0.385387 -0.921273 -0.052274 175.096 0.000383022 -0.0568096 0.998385 23.3375
-0.920411 0.390752 0.0125329 -415.223 -0.390789 -0.918625 -0.0584097 176.08 -0.0113106 -0.0586586 0.998214 23.1577
-0.917443 0.3975 0.0170748 -412.441 -0.397738 -0.91521 -0.0647755 177.066 -0.0101213 -0.0662191 0.997754 22.9922
-0.913923 0.40576 0.0102091 -409.686 -0.405456 -0.9115 -0.0690852 178.078 -0.0187264 -0.0672779 0.997559 22.8476
-0.909389 0.415697 0.0144128 -406.965 -0.415736 -0.907281 -0.063284 179.109 -0.0132305 -0.0635417 0.997891 22.7062
-0.90363 0.428123 0.0128252 -404.291 -0.42809 -0.90178 -0.0594281 180.187 -0.013877 -0.0591914 0.99815 22.5503
-0.897233 0.441397 0.0118927 -401.693 -0.441285 -0.895408 -0.0592683 181.269 -0.0155121 -0.0584256 0.998171 22.4158
-0.890932 0.453949 0.0130689 -399.163 -0.453876 -0.889076 -0.0595027 182.373 -0.015392 -0.0589445 0.998143 22.2814
-0.883439 0.468451 0.00947431 -396.715 -0.468129 -0.881616 -0.0600718 183.484 -0.019788 -0.0575049 0.998149 22.1508
-0.876837 0.480669 0.0107204 -394.368 -0.480381 -0.874959 -0.060661 184.588 -0.019778 -0.0583397 0.998101 22.0391
-0.870204 0.492578 0.0105553 -392.121 -0.492242 -0.868297 -0.061308 185.69 -0.0210339 -0.0585462 0.998063 21.9273
-0.863781 0.503786 0.00902478 -389.983 -0.503297 -0.861813 -0.0630098 186.776 -0.0239658 -0.0589689 0.997972 21.8311
-0.858082 0.513345 0.0131096 -387.948 -0.513135 -0.856194 -0.0601948 187.839 -0.0196763 -0.0583791 0.998101 21.7347
-0.853406 0.521218 0.00555512 -386.046 -0.520342 -0.851248 -0.0679761 188.853 -0.0307015 -0.0609017 0.997671 21.6412
-0.84739 0.530968 0.00183084 -384.202 -0.529742 -0.84519 -0.0709004 189.854 -0.0360984 -0.0610501 0.997482 21.5784
-0.83997 0.542613 0.00458632 -382.372 -0.541598 -0.837817 -0.068803 190.897 -0.0334909 -0.0602764 0.99762 21.5024
-0.83241 0.554158 0.00163417 -380.573 -0.552923 -0.830351 -0.0692312 191.947 -0.0370081 -0.0585323 0.997599 21.4352
-0.824125 0.566407 -0.00141093 -378.801 -0.564962 -0.822195 -0.0693763 193.026 -0.0404553 -0.0563776 0.99759 21.3659
-0.816068 0.577953 0.00210189 -377.016 -0.57675 -0.814124 -0.0675461 194.138 -0.0373273 -0.0563345 0.997714 21.304
-0.807777 0.589474 0.00423195 -375.241 -0.588084 -0.805336 -0.0747789 195.292 -0.040672 -0.0628934 0.997191 21.2187
-0.800213 0.599708 0.00320191 -373.481 -0.598121 -0.797683 -0.0771584 196.446 -0.0437184 -0.0636583 0.997014 21.168
-0.793851 0.60811 0.00192594 -371.706 -0.605991 -0.790812 -0.0859745 197.64 -0.0507589 -0.069418 0.996295 21.1075
-0.788387 0.615168 0.00382617 -369.919 -0.613208 -0.785347 -0.0848862 198.875 -0.0492144 -0.0692694 0.996383 21.0586
-0.783212 0.621752 0.00174754 -368.111 -0.619549 -0.780194 -0.0863506 200.145 -0.0523252 -0.0687135 0.996263 21.0144
-0.777648 0.6287 -3.27408e-05 -366.295 -0.626342 -0.774735 -0.0864952 201.446 -0.0544049 -0.0672423 0.996252 20.969
-0.772078 0.635526 -0.00168059 -364.447 -0.633171 -0.769438 -0.0840216 202.796 -0.054691 -0.0638071 0.996463 20.9328
-0.764711 0.644373 -0.000621986 -362.583 -0.642285 -0.762309 -0.0797155 204.186 -0.0518407 -0.0605598 0.996817 20.892
-0.757252 0.653118 -0.00253262 -360.722 -0.651215 -0.75533 -0.0734492 205.625 -0.049884 -0.0539703 0.997296 20.8376
-0.750075 0.661338 -0.00432882 -358.843 -0.65948 -0.748428 -0.070296 207.106 -0.0497292 -0.0498725 0.997517 20.7859
-0.742792 0.669506 -0.00472315 -356.953 -0.667621 -0.741195 -0.0700827 208.623 -0.0504216 -0.0489036 0.99753 20.7298
-0.735436 0.677583 -0.00374343 -355.061 -0.675704 -0.733787 -0.070574 210.173 -0.0505667 -0.0493732 0.9975 20.6783
-0.728043 0.685506 -0.00586869 -353.199 -0.68323 -0.726273 -0.0756586 211.723 -0.0561267 -0.0510731 0.997117 20.6412
-0.720385 0.693556 -0.00505947 -351.339 -0.691361 -0.71865 -0.0745783 213.315 -0.0553602 -0.0502272 0.997202 20.6095
-0.712654 0.701514 -0.00166888 -349.507 -0.699541 -0.710824 -0.0732997 214.913 -0.052607 -0.0510698 0.997309 20.5806
-0.705057 0.709143 0.00331582 -347.686 -0.707477 -0.703064 -0.0719563 216.543 -0.0486961 -0.0530792 0.997402 20.5159
-0.697717 0.716371 0.00195307 -345.912 -0.714379 -0.695568 -0.0764668 218.17 -0.0534201 -0.0547474 0.99707 20.4572
-0.690231 0.723483 0.0123409 -344.107 -0.721917 -0.687378 -0.0796717 219.824 -0.0491583 -0.0639011 0.996745 20.4248
-0.681498 0.731817 0.0019723 -342.368 -0.729398 -0.67902 -0.0831288 221.502 -0.0594959 -0.0580907 0.996537 20.3997
-0.672499 0.740098 4.52041e-05 -340.663 -0.737778 -0.670386 -0.0791586 223.207 -0.0585548 -0.0532675 0.996862 20.3527
-0.663927 0.747796 0.00138284 -338.965 -0.745506 -0.661747 -0.079446 224.903 -0.0584943 -0.0537773 0.996838 20.3376
-0.654797 0.755804 -0.00142924 -337.321 -0.753525 -0.652967 -0.0763746 226.6 -0.0586574 -0.0489328 0.997078 20.3178
-0.647806 0.761805 0.000765868 -335.767 -0.759892 -0.646108 -0.071479 228.229 -0.0539582 -0.0468865 0.997442 20.2976
-0.642598 0.766191 0.0044981 -334.312 -0.76449 -0.640757 -0.0706029 229.771 -0.0512131 -0.048808 0.997494 20.2633
-0.63773 0.770247 0.00439155 -332.941 -0.768329 -0.635718 -0.074393 231.237 -0.0545092 -0.0508168 0.997219 20.24
-0.627793 0.778359 0.00575072 -331.199 -0.776339 -0.625594 -0.0770036 233.137 -0.0563388 -0.0528068 0.997014 20.2055
-0.616156 0.787595 0.00679233 -329.553 -0.785338 -0.613688 -0.0814275 235.024 -0.0599635 -0.0555063 0.996656 20.1895
-0.600587 0.799162 -0.0252199 -327.973 -0.793612 -0.599663 -0.102884 236.91 -0.097344 -0.0417757 0.994374 20.2029
