1 -0.000111671 2.17302e-05 -0.00299554 0.000111672 1 -3.09287e-05 -0.00110658 -2.17267e-05 3.09311e-05 1 -0.00024077
0.999852 -0.00144016 -0.0171553 -2.02835 0.0013418 0.999983 -0.00574346 -0.0373465 0.0171633 0.00571958 0.999836 0.0516563
0.999985 0.00024792 -0.00544269 -4.2245 -0.000205957 0.99997 0.00770918 -0.00474546 0.00544444 -0.00770794 0.999955 0.108368
0.999162 0.00130402 -0.0409128 -6.43545 -0.00119378 0.999996 0.00271902 0.0030977 0.0409162 -0.0026679 0.999159 0.161474
0.998587 0.00235279 -0.0530977 -8.63181 -0.0020767 0.999984 0.00525413 0.0361872 0.0531092 -0.00513644 0.998576 0.200065
0.999212 0.00465749 -0.0394214 -11.0372 -0.00464311 0.999989 0.000456338 0.0294975 0.0394231 -0.000272941 0.999223 0.186444
0.999182 0.00705441 -0.0398278 -13.1952 -0.00711603 0.999974 -0.00140547 0.0460801 0.0398168 0.00168773 0.999206 0.215877
0.999019 0.0093442 -0.0432848 -15.4704 -0.00926832 0.999955 0.0019535 0.0861106 0.0433011 -0.0015504 0.999061 0.242841
0.99883 0.0130037 -0.0465771 -17.784 -0.0129192 0.999914 0.00211334 0.122723 0.0466006 -0.00150913 0.998912 0.297209
0.998826 0.0180484 -0.0449451 -20.1669 -0.0177379 0.999816 0.00729827 0.179223 0.0450685 -0.00649247 0.998963 0.29719
0.998903 0.0234413 -0.0405371 -22.5554 -0.023556 0.99972 -0.00235471 0.240057 0.0404705 0.00330702 0.999175 0.356057
0.998743 0.0290569 -0.0408305 -24.9535 -0.0291537 0.999573 -0.00177821 0.299523 0.0407614 0.00296634 0.999165 0.389626
0.998118 0.0371959 -0.0487475 -27.3483 -0.0373554 0.999299 -0.00236371 0.38711 0.0486255 0.00418024 0.998808 0.41144
0.99846 0.0440783 -0.033696 -29.6748 -0.044221 0.999016 -0.00349905 0.483067 0.0335086 0.00498373 0.999426 0.450966
0.997892 0.0519288 -0.0389205 -31.9921 -0.0521118 0.998634 -0.00370216 0.60414 0.0386751 0.00572257 0.999235 0.488177
0.99731 0.0598515 -0.0423205 -34.2892 -0.0597878 0.998207 0.00276953 0.739185 0.0424104 -0.000231827 0.9991 0.510307
0.997294 0.0668209 -0.0306648 -36.5407 -0.0669294 0.997755 -0.00252523 0.886831 0.0304272 0.00457078 0.999527 0.550767
0.996697 0.0757118 -0.0293812 -38.7871 -0.0756713 0.99713 0.00248708 1.06341 0.0294852 -0.000255544 0.999565 0.606681
0.996211 0.0841913 -0.0218042 -41.0211 -0.0841312 0.996448 0.00365807 1.23509 0.0220348 -0.00180979 0.999756 0.645963
0.995155 0.093081 -0.0316504 -43.2611 -0.0929107 0.995651 0.00681036 1.43678 0.0321467 -0.00383671 0.999476 0.692158
0.993957 0.101941 -0.0407012 -45.5678 -0.101699 0.994783 0.00796954 1.67327 0.0413013 -0.00378209 0.99914 0.714022
0.993527 0.108079 -0.0349778 -47.84 -0.107755 0.994116 0.0110457 1.93574 0.0359658 -0.00720515 0.999327 0.755184
0.992867 0.113123 -0.0376568 -50.1882 -0.112819 0.993564 0.0101049 2.18238 0.0385576 -0.0057844 0.99924 0.776497
0.992031 0.120102 -0.0380668 -52.5875 -0.119662 0.992721 0.0136404 2.47089 0.0394279 -0.00897655 0.999182 0.797315
0.991557 0.124309 -0.0368949 -55.0339 -0.123792 0.992179 0.0159941 2.77317 0.0385946 -0.0112917 0.999191 0.827945
0.991052 0.12798 -0.0379 -57.5216 -0.12743 0.991709 0.0166061 3.0987 0.039711 -0.0116279 0.999144 0.853227
0.991219 0.126358 -0.0389665 -60.104 -0.125901 0.991944 0.0139728 3.41779 0.0404182 -0.00894421 0.999143 0.878268
0.991585 0.124277 -0.0362429 -62.7583 -0.123867 0.992209 0.0133531 3.73677 0.03762 -0.00875147 0.999254 0.900282
0.991722 0.123441 -0.035344 -64.7894 -0.123127 0.992331 0.0109234 3.99409 0.0364213 -0.0064812 0.999316 0.932237
0.991725 0.122522 -0.0383254 -66.8635 -0.122182 0.992446 0.0111079 4.24156 0.0393969 -0.00633326 0.999204 0.945624
0.991792 0.122653 -0.0361158 -68.9876 -0.12241 0.99244 0.00886399 4.49663 0.0369299 -0.0043703 0.999308 0.968402
0.991714 0.123132 -0.0366323 -71.1168 -0.122822 0.992372 0.0106141 4.7575 0.0376598 -0.00602686 0.999272 0.99281
0.991706 0.123704 -0.0348831 -73.3055 -0.123278 0.992272 0.0141166 5.02996 0.0363598 -0.00969919 0.999292 1.01006
0.99173 0.122399 -0.0385988 -75.5393 -0.121843 0.992413 0.0164596 5.30581 0.0403206 -0.0116205 0.999119 1.03692
0.992249 0.118656 -0.0369136 -77.7828 -0.118089 0.992854 0.0171711 5.57755 0.0386873 -0.0126789 0.999171 1.0616
0.992661 0.114973 -0.0374905 -80.0463 -0.114416 0.993293 0.0166736 5.84084 0.039156 -0.0122617 0.999158 1.09131
0.993007 0.11054 -0.0414535 -82.3742 -0.109931 0.993799 0.0167101 6.09044 0.0430436 -0.0120363 0.999001 1.1079
0.993352 0.107094 -0.0422161 -84.6675 -0.106485 0.994179 0.016426 6.33675 0.0437295 -0.0118214 0.998973 1.12217
0.993766 0.1036 -0.0411815 -86.9956 -0.102961 0.994534 0.0173523 6.56183 0.0427541 -0.013004 0.999001 1.13282
0.994124 0.100203 -0.0409533 -89.3119 -0.099568 0.994881 0.0172768 6.80107 0.0424748 -0.0130976 0.999012 1.15219
0.99441 0.0990131 -0.0366756 -91.5745 -0.0984112 0.994985 0.0178719 7.02455 0.0382613 -0.0141627 0.999167 1.17532
0.99415 0.100335 -0.0399876 -93.8307 -0.0997865 0.994888 0.0154931 7.22401 0.0413377 -0.0114122 0.99908 1.19404
0.993942 0.102051 -0.0408096 -96.0602 -0.101514 0.994721 0.0150333 7.43753 0.0421283 -0.0107995 0.999054 1.21173
0.993906 0.103266 -0.0385647 -98.2512 -0.102825 0.994611 0.0132434 7.6578 0.0397244 -0.00919724 0.999168 1.22514
0.993902 0.104097 -0.0363791 -100.414 -0.103778 0.994544 0.0105728 7.87218 0.0372812 -0.00673303 0.999282 1.25373
0.994023 0.105233 -0.0290454 -102.562 -0.105124 0.994445 0.00525048 8.07943 0.0294365 -0.00216572 0.999564 1.27509
0.994504 0.104018 -0.011915 -104.641 -0.103792 0.994432 0.0182215 8.31083 0.013744 -0.0168847 0.999763 1.31525
0.992538 0.104442 -0.0629379 -106.784 -0.10343 0.994453 0.0191358 8.52469 0.0645873 -0.0124834 0.997834 1.28577
0.993382 0.107812 -0.0396058 -108.89 -0.107183 0.994082 0.0176772 8.7414 0.0412772 -0.0133152 0.999059 1.31149
0.994032 0.107729 -0.0171581 -110.914 -0.107461 0.994083 0.0158236 8.93148 0.0187613 -0.0138853 0.999728 1.3182
0.993388 0.107802 -0.0394745 -113.049 -0.107035 0.994032 0.0210539 9.15802 0.0415086 -0.0166895 0.998999 1.31714
0.993718 0.10789 -0.0297429 -115.181 -0.107431 0.994073 0.016631 9.35449 0.0313609 -0.0133312 0.999419 1.32483
0.993577 0.107541 -0.0352198 -117.289 -0.10673 0.993995 0.0241593 9.57968 0.0376064 -0.0202451 0.999088 1.33664
0.993959 0.107117 -0.023895 -119.454 -0.106532 0.994006 0.0245377 9.7746 0.0263802 -0.0218439 0.999413 1.33859
0.993979 0.106232 -0.0268476 -121.615 -0.105544 0.994078 0.0258784 10.0096 0.0294377 -0.022889 0.999305 1.36994
0.993938 0.105417 -0.0312011 -123.825 -0.104689 0.994213 0.0241123 10.2343 0.0335624 -0.0206998 0.999222 1.38997
0.994348 0.101811 -0.0301081 -126.066 -0.101119 0.994592 0.0236961 10.4386 0.0323579 -0.0205177 0.999266 1.38645
0.994851 0.0956051 -0.0336473 -128.332 -0.0948918 0.99524 0.0221991 10.6326 0.0356095 -0.018892 0.999187 1.40561
0.995617 0.0886185 -0.0299089 -130.572 -0.0880291 0.995907 0.0204825 10.7958 0.0316016 -0.0177599 0.999343 1.41559
0.996029 0.0825224 -0.0334238 -132.805 -0.0818043 0.996399 0.0223142 10.9919 0.0351449 -0.0194914 0.999192 1.42542
0.996654 0.0759646 -0.0301796 -135.012 -0.0753089 0.996911 0.0223003 11.1405 0.0317804 -0.0199529 0.999296 1.44168
0.99711 0.0687399 -0.0323541 -137.157 -0.0679689 0.99739 0.024355 11.2632 0.0339438 -0.0220856 0.99918 1.45421
0.997388 0.0640777 -0.0333407 -139.33 -0.0633309 0.997728 0.022994 11.3776 0.0347383 -0.0208224 0.99918 1.46818
0.998242 0.0592551 -0.000932809 -141.425 -0.0592262 0.998059 0.0192281 11.4751 0.00207036 -0.0191391 0.999815 1.51534
0.99848 0.0540253 -0.0108868 -143.514 -0.0537292 0.99822 0.0258685 11.5768 0.012265 -0.0252442 0.999606 1.52661
0.996868 0.0500551 -0.0612288 -145.767 -0.0484885 0.998464 0.0268104 11.6536 0.0624767 -0.0237575 0.997764 1.47017
0.998659 0.0500209 -0.0133637 -147.908 -0.0496472 0.998403 0.0269664 11.7385 0.0146912 -0.0262668 0.999547 1.48363
0.998227 0.048241 -0.034857 -150.113 -0.0472283 0.998454 0.0293175 11.8296 0.0362174 -0.0276193 0.998962 1.5079
0.998499 0.0494485 -0.0235697 -152.406 -0.0486494 0.998259 0.0333522 11.9441 0.0251779 -0.0321554 0.999166 1.50052
0.998419 0.0506511 -0.0243671 -154.715 -0.0499343 0.998326 0.0291764 12.0446 0.0258042 -0.0279136 0.999277 1.53736
0.998173 0.0528096 -0.0293719 -157.063 -0.052064 0.998316 0.0255958 12.1292 0.0306741 -0.0240198 0.999241 1.54212
0.998037 0.0541093 -0.0315374 -159.443 -0.0533711 0.998291 0.0237973 12.232 0.0327712 -0.0220673 0.999219 1.54407
0.997931 0.0571253 -0.0295153 -161.833 -0.0564245 0.998117 0.0240542 12.3544 0.0308339 -0.0223391 0.999275 1.53813
0.997801 0.0606951 -0.0266457 -164.231 -0.0599927 0.997849 0.0264138 12.488 0.0281915 -0.0247572 0.999296 1.5506
0.997664 0.0640562 -0.0237527 -166.659 -0.0633988 0.99761 0.0274713 12.6246 0.0254556 -0.0259012 0.99934 1.5737
0.996881 0.0740195 -0.0273735 -169.094 -0.0732822 0.996945 0.0270271 12.7641 0.0292904 -0.0249368 0.99926 1.58213
0.99615 0.0840716 -0.024831 -171.574 -0.0833858 0.996139 0.0274728 12.9625 0.0270448 -0.0252965 0.999314 1.59677
0.995199 0.0939378 -0.0274632 -174.057 -0.0931484 0.995237 0.0287377 13.1799 0.0300319 -0.0260416 0.99921 1.60136
0.994361 0.102791 -0.0260699 -176.54 -0.101943 0.994274 0.0320325 13.4213 0.0292133 -0.0291942 0.999147 1.60906
0.994031 0.105601 -0.0274091 -178.974 -0.1046 0.993874 0.0356961 13.6848 0.0310108 -0.0326161 0.998987 1.62406
0.994 0.105962 -0.0271293 -181.376 -0.104981 0.993846 0.0353481 13.905 0.0307079 -0.0322879 0.999007 1.636
0.994386 0.105405 -0.00926752 -183.766 -0.10506 0.993951 0.0320026 14.1295 0.0125847 -0.0308493 0.999445 1.68818
0.994272 0.10257 0.0300366 -186.03 -0.103471 0.994176 0.0301484 14.3539 -0.0267694 -0.0330836 0.999094 1.75576
0.994818 0.0962136 0.0328697 -188.306 -0.0971855 0.994833 0.0293715 14.6134 -0.0298739 -0.0324137 0.999028 1.70554
0.995524 0.0910209 -0.0254206 -190.719 -0.0899241 0.995088 0.0413902 14.8343 0.0290632 -0.0389191 0.99882 1.55441
0.996306 0.0856206 0.00664758 -192.981 -0.0858092 0.995621 0.0370841 14.9653 -0.00344331 -0.0375176 0.99929 1.72517
0.99645 0.0840326 -0.00505049 -195.426 -0.0838006 0.995844 0.0356707 15.1345 0.00802701 -0.0351209 0.999351 1.73383
0.99652 0.0832968 0.00318668 -197.814 -0.0833576 0.995845 0.0366668 15.3449 -0.000119211 -0.0368048 0.999322 1.75894
0.996691 0.0811947 -0.0038784 -200.235 -0.0810216 0.996156 0.0332949 15.5169 0.00656686 -0.0328705 0.999438 1.79287
0.996938 0.0781953 -0.000106703 -202.695 -0.0781545 0.996461 0.0309496 15.6893 0.00252644 -0.0308465 0.999521 1.81653
0.997054 0.0765358 -0.00508847 -205.135 -0.0763552 0.99665 0.0293149 15.8499 0.00731506 -0.02884 0.999557 1.83564
0.997273 0.0737852 -0.00175586 -207.656 -0.0737028 0.996853 0.0291758 16.035 0.00390307 -0.0289668 0.999573 1.85052
0.997422 0.0717532 -4.54736e-05 -210.176 -0.0717229 0.997019 0.0284474 16.1943 0.00208653 -0.0283708 0.999595 1.88944
0.997469 0.0709669 -0.00430885 -212.675 -0.0708201 0.997099 0.0278978 16.3533 0.00627618 -0.0275221 0.999601 1.92395
0.997689 0.0679028 -0.00249946 -215.204 -0.0677965 0.99724 0.0302578 16.5065 0.00454715 -0.0300184 0.999539 1.95796
0.998111 0.0613344 -0.00367071 -217.747 -0.0612075 0.997729 0.0281183 16.6792 0.00538699 -0.0278405 0.999598 1.99102
0.998384 0.056828 -0.000665684 -220.251 -0.0567858 0.997976 0.0286145 16.7771 0.00229044 -0.0285304 0.99959 2.01555
0.998457 0.055505 -0.00161609 -222.684 -0.055442 0.998103 0.0267519 16.8727 0.00309788 -0.026621 0.999641 2.04975
0.998566 0.0535404 -0.000300748 -225.091 -0.0535155 0.998243 0.0254213 16.9901 0.00166129 -0.0253687 0.999677 2.08728
0.998579 0.0532556 -0.00182748 -227.45 -0.0531935 0.998272 0.0249597 17.0968 0.00315356 -0.024827 0.999687 2.11894
0.998701 0.0509058 0.00233225 -229.765 -0.0509492 0.998365 0.025906 17.1865 -0.00100967 -0.0259912 0.999662 2.15153
0.998725 0.0504676 0.00121269 -232.03 -0.0504822 0.998432 0.0242 17.2813 1.05271e-05 -0.0242304 0.999706 2.1946
0.998761 0.0484522 0.0113822 -234.256 -0.0487237 0.998501 0.024935 17.377 -0.010157 -0.0254587 0.999624 2.23403
0.997727 0.0465072 0.0487602 -236.442 -0.0473474 0.998747 0.0162201 17.4605 -0.0479447 -0.0184919 0.998679 2.33497
0.998951 0.039555 0.0230746 -238.554 -0.0401071 0.998908 0.0239769 17.6052 -0.022101 -0.0248772 0.999446 2.36247
0.999287 0.0373668 -0.00532226 -240.902 -0.0372056 0.998923 0.0277134 17.6797 0.00635209 -0.0274956 0.999602 2.30354
0.99851 0.035805 0.0411871 -243.259 -0.0371107 0.998818 0.0313855 17.7039 -0.0400146 -0.0328672 0.998658 2.39794
0.999052 0.0331446 0.0282256 -245.524 -0.0337924 0.999169 0.0227916 17.7748 -0.0274467 -0.0237238 0.999342 2.44025
0.999039 0.0267439 0.034719 -247.923 -0.027647 0.999285 0.0257971 17.8341 -0.0340043 -0.0267322 0.999064 2.47272
0.999294 0.018412 0.0327606 -250.299 -0.0192919 0.999456 0.0267461 17.895 -0.0322504 -0.0273592 0.999105 2.52774
0.999489 0.00997019 0.0303616 -252.726 -0.0109251 0.999446 0.0314494 17.9376 -0.0300313 -0.031765 0.999044 2.56223
0.999371 0.00229826 0.0353876 -255.242 -0.00358166 0.999336 0.0362464 17.9469 -0.0352808 -0.0363503 0.998716 2.62724
0.99953 -0.00441163 0.0303236 -257.756 0.00332824 0.999358 0.0356857 17.9496 -0.0304615 -0.035568 0.998903 2.69361
0.999403 -0.0108769 0.0327854 -260.316 0.00983416 0.999446 0.0317998 17.9065 -0.0331132 -0.0314584 0.998956 2.7516
0.999512 -0.0179989 0.025512 -262.894 0.0172337 0.999404 0.0299043 17.8426 -0.0260351 -0.02945 0.999227 2.80167
0.99926 -0.0243982 0.0297429 -265.507 0.0235751 0.999338 0.0277144 17.7859 -0.0303994 -0.0269927 0.999173 2.85301
0.999184 -0.0254236 0.0313702 -268.109 0.0246208 0.999366 0.0257186 17.7263 -0.0320042 -0.0249252 0.999177 2.91356
0.999146 -0.0258619 0.0322176 -270.769 0.0250052 0.99933 0.0267145 17.6503 -0.0328869 -0.025886 0.999124 2.9725
0.999281 -0.0264451 0.0271829 -273.414 0.0257168 0.99931 0.0268023 17.5684 -0.0278729 -0.026084 0.999271 3.04103
0.999168 -0.0252795 0.032014 -276.091 0.0244943 0.999395 0.024687 17.4859 -0.0326187 -0.0238823 0.999182 3.09645
0.999242 -0.0226449 0.0316759 -278.735 0.0218195 0.99942 0.0261637 17.4181 -0.03225 -0.0254527 0.999156 3.16208
0.999383 -0.0190324 0.0295078 -281.423 0.0182431 0.999475 0.0267915 17.3737 -0.0300022 -0.0262367 0.999205 3.22606
0.999334 -0.0172828 0.0321436 -284.072 0.0164184 0.999502 0.026962 17.3217 -0.0325935 -0.0264163 0.99912 3.28539
0.999386 -0.0175196 0.0303353 -286.717 0.0167152 0.999507 0.0265717 17.2707 -0.0307859 -0.0260484 0.999187 3.35751
0.999289 -0.0173847 0.0334469 -289.311 0.0165065 0.999516 0.0263564 17.2374 -0.0338889 -0.0257856 0.999093 3.41978
0.999128 -0.0177969 0.0377704 -291.864 0.0167676 0.999484 0.0273949 17.18 -0.0382385 -0.0267377 0.998911 3.4913
0.996692 -0.0190675 0.0790016 -294.359 0.0175626 0.999652 0.0197009 17.1209 -0.0793497 -0.0182483 0.99668 3.62203
0.996639 -0.0203836 0.0793426 -296.858 0.0182459 0.999453 0.0275758 17.0732 -0.0798613 -0.0260354 0.996466 3.64582
0.999207 -0.0222226 0.0330414 -299.574 0.0212399 0.99933 0.0297999 17.0242 -0.0336815 -0.0290745 0.99901 3.63779
0.997452 -0.0249396 0.0668391 -302.064 0.0227913 0.999205 0.0327131 16.9853 -0.0676018 -0.0311064 0.997227 3.7622
0.998346 -0.0265431 0.0510048 -304.718 0.0247285 0.99905 0.0358844 16.9072 -0.0519089 -0.0345637 0.998054 3.79201
0.997835 -0.0282346 0.059393 -307.391 0.0259588 0.998912 0.0387464 16.8388 -0.0604224 -0.0371207 0.997482 3.86679
0.998192 -0.0293926 0.052422 -310.076 0.0274131 0.998898 0.0380881 16.7732 -0.0534838 -0.0365822 0.997898 3.94972
0.997858 -0.0320754 0.0570194 -312.78 0.02993 0.998826 0.03809 16.6938 -0.0581742 -0.0363018 0.997646 4.02418
0.997795 -0.0351233 0.056316 -315.483 0.0328441 0.998623 0.0408988 16.6038 -0.057675 -0.038959 0.997575 4.10048
0.997653 -0.039743 0.0557596 -318.198 0.0373408 0.998356 0.0434813 16.5161 -0.057396 -0.0412972 0.997497 4.18746
0.997389 -0.044185 0.0571177 -320.889 0.0417249 0.998179 0.0435681 16.4099 -0.0589388 -0.0410711 0.997416 4.27516
0.997285 -0.0485603 0.0553595 -323.562 0.0461465 0.997962 0.044077 16.2961 -0.057387 -0.0414027 0.997493 4.35937
0.997195 -0.0527963 0.0530543 -326.209 0.0504614 0.997737 0.044426 16.1612 -0.0552797 -0.0416242 0.997603 4.43894
0.996798 -0.0566148 0.0564727 -328.826 0.0540243 0.997461 0.0463908 16.0289 -0.0589558 -0.0431914 0.997326 4.52491
0.995683 -0.0605499 0.0703438 -331.419 0.0572908 0.997229 0.0474601 15.8844 -0.0730226 -0.0432252 0.996393 4.63503
0.994973 -0.0669242 0.0745032 -333.874 0.0636424 0.996931 0.045587 15.7324 -0.0773254 -0.0406163 0.996178 4.74881
0.997173 -0.0727341 0.0188786 -336.427 0.0718569 0.996462 0.0435947 15.5687 -0.0219826 -0.0421149 0.998871 4.76672
0.993625 -0.0851888 0.0738404 -338.865 0.0813975 0.995276 0.0529223 15.3541 -0.078 -0.0465745 0.995865 4.82152
0.994417 -0.0943 0.0473443 -341.305 0.0921406 0.994688 0.0458953 15.1666 -0.0514207 -0.0412768 0.997824 4.90521
0.993327 -0.101319 0.0550995 -343.787 0.0985143 0.993805 0.051441 14.925 -0.0599701 -0.0456696 0.997155 4.94941
0.992784 -0.107919 0.0522853 -346.224 0.105144 0.993033 0.0531964 14.689 -0.057662 -0.047315 0.997214 5.02606
0.992131 -0.113384 0.0530972 -348.676 0.110281 0.9922 0.058118 14.4349 -0.0592726 -0.0518051 0.996897 5.09893
0.991658 -0.115859 0.0564858 -351.096 0.113304 0.992471 0.0465224 14.1733 -0.0614506 -0.0397343 0.997319 5.18934
0.991762 -0.116564 0.05312 -353.523 0.114197 0.992411 0.0456064 13.8887 -0.0580329 -0.0391645 0.997546 5.24769
0.991521 -0.118037 0.0543422 -355.953 0.115587 0.992221 0.0462195 13.6191 -0.0593751 -0.0395464 0.997452 5.31575
0.991449 -0.119231 0.0530265 -358.302 0.116889 0.992112 0.0452873 13.3675 -0.0580079 -0.0387018 0.997566 5.39373
0.991065 -0.12087 0.0564004 -360.628 0.118422 0.991947 0.044907 13.1056 -0.0613742 -0.0378267 0.997398 5.47095
0.990389 -0.124326 0.0605969 -362.95 0.121514 0.991425 0.0480778 12.8544 -0.0660546 -0.0402524 0.997004 5.53796
0.989833 -0.127839 0.0623459 -365.245 0.124937 0.990982 0.0484288 12.5777 -0.0679747 -0.0401471 0.996879 5.63576
0.986186 -0.133246 0.098396 -367.547 0.129115 0.990503 0.0472501 12.26 -0.103757 -0.033893 0.994025 5.76042
0.987629 -0.14068 0.0692713 -369.843 0.137534 0.989319 0.0482894 12.0285 -0.0753247 -0.0381648 0.996428 5.78937
0.98912 -0.143161 0.0338495 -372.298 0.141219 0.988498 0.0541113 11.6981 -0.0412068 -0.0487424 0.997961 5.80812
0.984917 -0.148767 0.0883513 -374.675 0.143564 0.987658 0.0626183 11.3573 -0.0965764 -0.0489898 0.994119 5.94909
0.986231 -0.150213 0.0691671 -377.064 0.146172 0.987425 0.0602087 11.032 -0.0773415 -0.0492694 0.995787 5.98153
0.985548 -0.150855 0.0770579 -379.546 0.146049 0.987164 0.064627 10.6891 -0.0858181 -0.0524388 0.99493 6.05218
0.986525 -0.147741 0.0702851 -382.02 0.143408 0.987645 0.063182 10.3543 -0.0787513 -0.0522513 0.995524 6.13453
0.986615 -0.145655 0.0733166 -384.531 0.141254 0.988028 0.0620363 10.0241 -0.0814747 -0.0508498 0.995377 6.2023
0.987649 -0.140648 0.0690537 -387.024 0.136615 0.988803 0.0600405 9.71145 -0.0767251 -0.0498651 0.995805 6.26976
0.98805 -0.13636 0.0718494 -389.494 0.132225 0.989433 0.0594926 9.40709 -0.0792026 -0.0492814 0.99564 6.33855
0.988626 -0.131703 0.0726204 -391.924 0.127572 0.99008 0.0588794 9.1133 -0.0796546 -0.0489453 0.99562 6.41224
0.988657 -0.131305 0.0729202 -394.367 0.12682 0.989918 0.0630828 8.82331 -0.0804681 -0.0531195 0.995341 6.47428
0.988291 -0.133169 0.074474 -396.709 0.128486 0.989611 0.0645045 8.55639 -0.0822903 -0.0541804 0.995135 6.56065
0.983214 -0.138287 0.119025 -399.016 0.131474 0.989294 0.063348 8.26359 -0.126511 -0.046636 0.990868 6.70098
0.984246 -0.13862 0.109746 -401.23 0.131287 0.988765 0.071469 7.96116 -0.11842 -0.0559349 0.991387 6.7404
0.990071 -0.132404 0.0472178 -403.65 0.129935 0.990157 0.0520156 7.62346 -0.0536401 -0.0453639 0.997529 6.6756
0.986835 -0.133343 0.0915245 -405.965 0.129104 0.990329 0.0507941 7.4056 -0.0974124 -0.0383091 0.994507 6.77082
0.988311 -0.134158 0.0724039 -408.324 0.13125 0.990393 0.0435423 7.0245 -0.0775498 -0.0335303 0.996424 6.87461
0.986576 -0.138688 0.0862173 -410.786 0.135133 0.989768 0.0458142 6.68686 -0.091689 -0.0335484 0.995222 6.9509
0.985817 -0.143563 0.0869145 -413.221 0.140182 0.989154 0.0438599 6.30527 -0.0922685 -0.031054 0.99525 7.04017
0.985227 -0.150873 0.081024 -415.711 0.147565 0.988009 0.0454066 5.9247 -0.0869031 -0.0327795 0.995677 7.12162
0.983582 -0.159741 0.0839628 -418.229 0.156272 0.986623 0.0464167 5.5055 -0.0902542 -0.0325335 0.995387 7.20879
0.982725 -0.168478 0.0766004 -420.745 0.165237 0.985139 0.0468914 5.07606 -0.0833622 -0.0334241 0.995959 7.28947
0.980544 -0.180758 0.0765514 -423.29 0.177157 0.982833 0.0515213 4.60881 -0.0845502 -0.0369573 0.995734 7.36069
0.978 -0.195183 0.0736123 -425.855 0.191494 0.979991 0.0542918 4.0957 -0.0827362 -0.0390011 0.995808 7.44486
0.975618 -0.207111 0.0726216 -428.442 0.203396 0.97753 0.0553554 3.54262 -0.0824546 -0.0392347 0.995822 7.52202
0.973404 -0.217379 0.0723209 -431.016 0.213491 0.975232 0.0578206 2.96578 -0.0830987 -0.0408429 0.995704 7.60692
0.971267 -0.227388 0.0702454 -433.608 0.223596 0.97296 0.0579121 2.36257 -0.0815145 -0.0405416 0.995847 7.69604
0.968933 -0.237854 0.0677847 -436.204 0.234124 0.970439 0.0585984 1.72287 -0.0797188 -0.0409079 0.995978 7.78029
0.966908 -0.247733 0.0609632 -438.792 0.244429 0.968 0.056841 1.07267 -0.0730937 -0.0400588 0.99652 7.85216
0.964233 -0.25775 0.0617992 -441.319 0.254072 0.965227 0.0615215 0.394954 -0.0755074 -0.0436196 0.996191 7.9143
0.962402 -0.26555 0.0571378 -443.829 0.262215 0.963161 0.059707 -0.282297 -0.0708881 -0.0424798 0.996579 7.99682
0.960027 -0.270844 0.0706562 -446.254 0.267476 0.962073 0.0535932 -0.961592 -0.0824918 -0.032552 0.99606 8.09392
0.958338 -0.27589 0.0739745 -448.54 0.273134 0.960909 0.0452903 -1.63592 -0.0835779 -0.0231985 0.996231 8.17866
0.957961 -0.279717 0.0637886 -450.797 0.278291 0.960015 0.0304131 -2.26757 -0.0697451 -0.0113828 0.9975 8.27302
0.954377 -0.290004 0.0711483 -452.82 0.288534 0.956988 0.0303601 -2.88738 -0.0768926 -0.0084463 0.997004 8.31004
0.952863 -0.294927 0.0712078 -454.759 0.29346 0.955485 0.0304963 -3.45552 -0.0770321 -0.00816211 0.996995 8.38276
0.945938 -0.304234 0.112442 -457.238 0.299451 0.952369 0.0576389 -4.22332 -0.124622 -0.020852 0.991985 8.51399
0.949783 -0.307667 0.0570375 -459.716 0.305999 0.951344 0.0361838 -4.98007 -0.0653948 -0.0169133 0.997716 8.58954
0.945783 -0.316934 0.0710438 -462.216 0.315387 0.948412 0.0323266 -5.77595 -0.0776242 -0.00816768 0.996949 8.67342
0.94356 -0.321523 0.0794868 -464.558 0.319633 0.946865 0.0358047 -6.54463 -0.0867753 -0.00837732 0.996193 8.73926
0.94155 -0.327114 0.0804986 -466.941 0.324908 0.94492 0.0395011 -7.32142 -0.0889861 -0.0110376 0.995972 8.8319
0.940039 -0.330319 0.0849503 -469.237 0.328374 0.943848 0.0363446 -8.08667 -0.0921855 -0.00626989 0.995722 8.93574
0.939498 -0.331506 0.0862944 -471.434 0.329941 0.943452 0.0322196 -8.81515 -0.0920956 -0.00179822 0.995749 9.03297
0.939982 -0.328101 0.0937175 -473.498 0.327024 0.944628 0.0270658 -9.50091 -0.0974085 0.00520646 0.995231 9.13032
0.947777 -0.304892 0.0935971 -475.525 0.30473 0.952298 0.0163683 -10.12 -0.0941229 0.0130083 0.995476 9.22204
0.963841 -0.249941 0.0924091 -477.487 0.250128 0.968164 0.00974257 -10.5757 -0.0919022 0.0137238 0.995673 9.29465
0.986947 -0.129605 0.0955897 -479.821 0.129891 0.991523 0.0032547 -10.8312 -0.0952012 0.00920401 0.995415 9.36028
0.994603 0.0486482 0.0916465 -481.989 -0.0495526 0.998742 0.00761742 -10.6072 -0.0911606 -0.0121176 0.995762 9.42012
0.972107 0.214895 0.0939599 -483.618 -0.215954 0.976403 0.00113028 -10.0925 -0.0914998 -0.0213897 0.995575 9.46224
0.920673 0.380696 0.0862067 -485.086 -0.381225 0.924418 -0.0108954 -9.32097 -0.0838389 -0.022833 0.996218 9.4997
0.834649 0.547784 0.0573939 -486.412 -0.547806 0.836438 -0.0167563 -8.26837 -0.0571852 -0.0174551 0.998211 9.52161
0.712057 0.701201 0.0359477 -487.51 -0.701189 0.712816 -0.015049 -7.00613 -0.0361765 -0.0144904 0.99924 9.49143
0.594488 0.803721 0.0248215 -488.145 -0.80389 0.594759 -0.00473172 -5.89091 -0.0185658 -0.0171408 0.999681 9.47438
0.413079 0.910291 0.0271129 -488.737 -0.91068 0.413061 0.00653356 -4.24686 -0.00525184 -0.0273901 0.999611 9.43895
0.243743 0.969233 0.0343063 -489.052 -0.969807 0.243875 0.000360677 -2.3979 -0.00801687 -0.0333584 0.999411 9.42332
0.15108 0.987357 0.0479676 -489.217 -0.988172 0.152139 -0.0192122 -0.405407 -0.0262671 -0.0444977 0.998664 9.4511
0.109621 0.993346 0.0353166 -489.264 -0.993896 0.109099 0.0163945 1.67432 0.0124324 -0.0368982 0.999242 9.42984
0.0789854 0.996475 0.0282628 -489.302 -0.996661 0.0783482 0.0229848 3.99168 0.0206895 -0.0299839 0.999336 9.41008
0.0585429 0.997929 0.0266432 -489.306 -0.998227 0.0588056 -0.00918815 6.28951 -0.0107359 -0.026058 0.999603 9.38816
0.0448553 0.998761 0.0215655 -489.296 -0.998991 0.0448957 -0.00139342 8.71512 -0.00235989 -0.0214812 0.999766 9.35966
0.0438149 0.998947 0.0136197 -489.28 -0.999013 0.0439095 -0.00672578 11.3221 -0.00731673 -0.0133116 0.999885 9.34257
0.0462988 0.998854 0.0121169 -489.257 -0.998904 0.0463773 -0.00628064 13.9789 -0.00683539 -0.0118128 0.999907 9.32924
0.0497528 0.998598 0.0181023 -489.235 -0.998708 0.0499302 -0.00948653 16.0593 -0.0103771 -0.0176069 0.999791 9.30059
0.0507946 0.998481 0.0213541 -489.189 -0.99868 0.0509439 -0.00650926 18.1848 -0.00758723 -0.0209953 0.999751 9.28649
0.0516962 0.998332 0.0256949 -489.184 -0.998575 0.0520168 -0.0119663 20.4103 -0.0132829 -0.0250396 0.999598 9.27006
0.0543147 0.998258 0.0230262 -489.197 -0.99847 0.0545367 -0.00912624 22.5993 -0.0103661 -0.0224952 0.999693 9.25401
0.0536249 0.998295 0.0230612 -489.201 -0.998378 0.0540429 -0.0179008 24.9184 -0.0191166 -0.0220639 0.999574 9.23603
0.0558955 0.998081 0.0266583 -489.199 -0.998182 0.0564647 -0.0210988 27.2701 -0.0225636 -0.0254305 0.999422 9.22893
0.0597051 0.997767 0.0299502 -489.196 -0.997884 0.0604319 -0.023981 29.6576 -0.0257374 -0.0284551 0.999264 9.22531
0.0662264 0.997224 0.0340339 -489.204 -0.997441 0.0670846 -0.0247258 32.0955 -0.0269403 -0.0323093 0.999115 9.23435
0.0727182 0.996706 0.0359193 -489.248 -0.99697 0.07364 -0.0250423 34.598 -0.0276049 -0.0339894 0.999041 9.2354
0.070402 0.996547 0.0440239 -489.285 -0.99717 0.0714754 -0.0233016 37.0899 -0.0263678 -0.0422589 0.998759 9.21601
0.0648831 0.996501 0.0526903 -489.298 -0.997525 0.0662023 -0.0236888 39.5929 -0.0270942 -0.0510229 0.99833 9.21141
0.0604646 0.996786 0.0525458 -489.284 -0.997778 0.0618332 -0.024821 42.138 -0.0279903 -0.0509282 0.99831 9.20815
0.0561964 0.997489 0.043099 -489.299 -0.997834 0.0575897 -0.0317971 44.6897 -0.0341993 -0.0412187 0.998565 9.22147
0.0527905 0.998025 0.0340604 -489.318 -0.998302 0.0535842 -0.0228257 47.264 -0.0246057 -0.0327976 0.999159 9.21334
0.053081 0.998082 0.0318592 -489.314 -0.998296 0.0538128 -0.0225689 49.8631 -0.0242401 -0.030607 0.999238 9.18846
0.0583781 0.997729 0.033596 -489.301 -0.997978 0.0591744 -0.023215 52.4213 -0.0251503 -0.0321728 0.999166 9.17533
0.0641764 0.997468 0.0306556 -489.333 -0.997588 0.0649383 -0.0245388 54.9492 -0.0264674 -0.0290069 0.999229 9.14741
0.067636 0.996986 0.0379987 -489.349 -0.997418 0.0684882 -0.0215919 57.42 -0.0241293 -0.0364402 0.999044 9.12706
0.0701064 0.996641 0.0423379 -489.361 -0.997042 0.0713485 -0.0285759 59.812 -0.0315007 -0.0402093 0.998695 9.11927
0.0693001 0.996648 0.0434693 -489.372 -0.997267 0.0703295 -0.0226144 62.0388 -0.0255958 -0.0417834 0.998799 9.11018
0.0668871 0.997215 0.032984 -489.405 -0.996719 0.0682911 -0.0434537 64.1437 -0.0455852 -0.0299693 0.998511 9.1265
0.0668277 0.997292 0.0306989 -489.413 -0.996863 0.0680436 -0.0404362 66.7638 -0.0424155 -0.0279003 0.99871 9.1164
0.066245 0.997386 0.0288544 -489.444 -0.996553 0.0675815 -0.0481082 69.3236 -0.0499325 -0.0255681 0.998425 9.10852
0.0640317 0.997482 0.0304907 -489.446 -0.996185 0.0657038 -0.0574256 71.8462 -0.0592844 -0.0266973 0.997884 9.13222
0.0631637 0.997091 0.042652 -489.444 -0.995411 0.0660204 -0.0692698 74.2903 -0.0718842 -0.0380809 0.996686 9.10781
0.0673462 0.996759 0.0439998 -489.475 -0.997117 0.0687849 -0.0320451 76.8667 -0.0349678 -0.0417148 0.998517 9.12343
0.0646938 0.997073 0.040741 -489.475 -0.995064 0.0675343 -0.0727062 79.309 -0.0752448 -0.0358363 0.996521 9.10157
0.0671074 0.997051 0.0372148 -489.508 -0.995676 0.069323 -0.0618419 81.9656 -0.0642394 -0.0329038 0.997392 9.0988
0.0666837 0.997163 0.0349262 -489.554 -0.995744 0.0687389 -0.0613859 84.5737 -0.0636126 -0.0306841 0.997503 9.09966
0.0672074 0.997245 0.0313944 -489.589 -0.99543 0.0691581 -0.0658492 86.5735 -0.067839 -0.0268254 0.997336 9.09631
0.063886 0.997583 0.0273322 -489.632 -0.995867 0.0654999 -0.0629156 88.5848 -0.0645538 -0.0231999 0.997645 9.08708
0.0596471 0.997777 0.0297111 -489.633 -0.996405 0.0613063 -0.0584758 90.5974 -0.0601673 -0.0261164 0.997847 9.08493
0.0551373 0.997803 0.0367389 -489.621 -0.996535 0.0572872 -0.0602937 93.2186 -0.0622659 -0.0332871 0.997504 9.07571
0.0538353 0.997921 0.0354402 -489.627 -0.996667 0.0558783 -0.0594312 95.8027 -0.0612879 -0.0321226 0.997603 9.07498
0.0550071 0.998114 0.027248 -489.639 -0.996618 0.0565521 -0.0596139 98.3733 -0.0610424 -0.0238767 0.99785 9.05937
0.0534207 0.998093 0.0309449 -489.656 -0.994876 0.055861 -0.0842641 100.888 -0.0858319 -0.0262849 0.995963 9.07894
0.0506869 0.998263 0.0300425 -489.642 -0.993797 0.0533959 -0.0975507 103.291 -0.0989853 -0.0249116 0.994777 9.154
0.046013 0.998713 0.0213348 -489.658 -0.997951 0.0469073 -0.0435108 105.9 -0.0444555 -0.019289 0.998825 9.13738
0.0502336 0.998632 0.0145147 -489.686 -0.995681 0.0512108 -0.0774433 108.316 -0.0780806 -0.0105617 0.996891 9.0774
0.0509918 0.998425 0.0233976 -489.673 -0.995778 0.0526193 -0.0752199 110.871 -0.0763326 -0.0194632 0.996892 9.08696
0.0513306 0.997889 0.0397722 -489.662 -0.996318 0.0539068 -0.0666673 113.419 -0.0686706 -0.0362037 0.996982 9.08818
0.0497939 0.997594 0.0482455 -489.651 -0.996144 0.0530992 -0.0698397 115.983 -0.0722334 -0.0445819 0.996391 9.09974
0.050715 0.997637 0.0463612 -489.658 -0.996328 0.0537453 -0.0666406 118.552 -0.0689748 -0.0428113 0.996699 9.12003
0.0472372 0.997765 0.047269 -489.662 -0.99603 0.0506239 -0.07322 121.121 -0.0754493 -0.0436226 0.996195 9.12564
0.0459012 0.997779 0.0482699 -489.675 -0.998211 0.0476666 -0.0360812 123.135 -0.0383019 -0.0465274 0.998182 9.07378
0.0346491 0.997599 0.0599674 -489.643 -0.997142 0.0385397 -0.0649863 125.727 -0.0671413 -0.0575443 0.996083 9.04877
0.0286071 0.99724 0.0685173 -489.603 -0.997834 0.0325519 -0.0571663 127.727 -0.0592389 -0.0667335 0.996011 9.01939
0.0169112 0.996853 0.07745 -489.526 -0.997663 0.0219523 -0.0647074 130.356 -0.0662039 -0.0761747 0.994894 9.00087
-0.000201347 0.996971 0.0777707 -489.411 -0.996922 0.00589678 -0.0781739 132.953 -0.0783958 -0.0775471 0.993902 9.01014
-0.0324928 0.996551 0.0763621 -489.231 -0.997798 -0.0279236 -0.0601612 135.51 -0.0578213 -0.0781488 0.995264 8.99438
-0.0950346 0.9932 0.067253 -488.931 -0.99336 -0.0902153 -0.0713987 137.987 -0.064846 -0.0735918 0.995178 8.95542
-0.171351 0.983457 0.0587463 -488.421 -0.983252 -0.166948 -0.0731062 140.403 -0.0620892 -0.0702893 0.995592 8.93217
-0.256077 0.965722 0.042484 -487.69 -0.96402 -0.251888 -0.0849633 142.787 -0.0713498 -0.0627126 0.995478 8.93408
-0.339017 0.940292 0.030318 -486.766 -0.93823 -0.335551 -0.0844389 145.099 -0.069224 -0.0570715 0.995967 8.8691
-0.424583 0.905125 0.0218569 -485.59 -0.903464 -0.421984 -0.0753773 147.317 -0.0590026 -0.0517508 0.996916 8.84512
-0.508279 0.860881 0.023168 -484.201 -0.859498 -0.505409 -0.0763191 149.424 -0.0539923 -0.0587043 0.996814 8.81469
-0.590365 0.807124 0.00445376 -482.641 -0.805434 -0.588752 -0.0681702 151.387 -0.0523997 -0.0438325 0.997664 8.72946
-0.669859 0.742489 -0.000168942 -480.848 -0.74106 -0.668584 -0.0618563 153.192 -0.0460406 -0.0413098 0.998085 8.66522
-0.741578 0.670842 -0.00575215 -478.887 -0.669522 -0.740607 -0.0569263 154.795 -0.0424486 -0.0383641 0.998362 8.58059
-0.804266 0.594172 -0.0108061 -476.715 -0.593256 -0.803822 -0.0437856 156.234 -0.0347023 -0.0288045 0.998983 8.47931
-0.858139 0.513242 -0.0134334 -474.391 -0.512543 -0.857909 -0.0359371 157.467 -0.0299691 -0.0239538 0.999264 8.36528
-0.889807 0.456304 -0.00554596 -472.525 -0.455872 -0.889382 -0.0343623 158.259 -0.0206121 -0.0280476 0.999394 8.25372
-0.914893 0.403639 -0.00686051 -470.614 -0.403227 -0.914514 -0.032746 158.965 -0.0194916 -0.0271927 0.99944 8.15284
-0.931697 0.363116 -0.00937039 -468.641 -0.362624 -0.931312 -0.0340855 159.576 -0.0211038 -0.0283594 0.999375 8.03602
-0.941406 0.337152 -0.00911484 -466.649 -0.336742 -0.941094 -0.0307858 160.141 -0.0189574 -0.0259126 0.999484 7.94438
-0.946762 0.321592 -0.0148239 -464.646 -0.321148 -0.946666 -0.0262355 160.704 -0.0224704 -0.0200781 0.999546 7.82871
-0.948114 0.317305 -0.0199313 -462.607 -0.317098 -0.948305 -0.012899 161.257 -0.0229939 -0.00590955 0.999718 7.74792
-0.948347 0.313531 -0.0483438 -460.572 -0.312791 -0.949559 -0.022374 161.832 -0.0529202 -0.00609676 0.99858 7.66052
-0.948106 0.317544 -0.0161631 -458.345 -0.317593 -0.948227 0.000508002 162.382 -0.015165 0.00561494 0.999869 7.52409
-0.948688 0.315632 -0.0191565 -456.273 -0.315529 -0.94888 -0.00829749 163.009 -0.0207962 -0.00182731 0.999782 7.40328
-0.946554 0.321852 -0.0211258 -454.005 -0.321827 -0.946787 -0.00469416 163.601 -0.0215125 0.00235558 0.999766 7.32997
-0.946774 0.321298 -0.0196735 -451.688 -0.321165 -0.946974 -0.00964373 164.239 -0.0217288 -0.002812 0.99976 7.18836
-0.946534 0.321875 -0.0216944 -449.346 -0.321715 -0.946777 -0.0105997 164.866 -0.0239515 -0.00305358 0.999708 7.09581
-0.945549 0.325041 -0.0168881 -446.925 -0.324952 -0.945698 -0.00786405 165.531 -0.0185272 -0.00194803 0.999826 6.98264
-0.944162 0.328853 -0.0203471 -444.463 -0.328771 -0.944381 -0.00736537 166.219 -0.0216376 -0.000264564 0.999766 6.8811
-0.942661 0.332936 -0.0233002 -441.948 -0.332849 -0.942949 -0.0076311 166.918 -0.0245116 0.000561922 0.999699 6.77068
-0.941473 0.336545 -0.0191286 -439.397 -0.336515 -0.941666 -0.00484511 167.64 -0.0196434 0.00187554 0.999805 6.66796
-0.940605 0.339076 -0.0170384 -436.794 -0.339047 -0.940758 -0.00468672 168.402 -0.0176182 0.00136848 0.999844 6.53736
-0.939777 0.341525 -0.0133856 -434.123 -0.341437 -0.939867 -0.00843087 169.168 -0.01546 -0.00335281 0.999875 6.40206
-0.938912 0.343723 -0.0172648 -431.429 -0.343613 -0.939068 -0.00906634 169.958 -0.0193291 -0.00258008 0.99981 6.27753
-0.937868 0.346531 -0.0179001 -428.666 -0.346489 -0.938038 -0.00551426 170.775 -0.0187019 0.00103055 0.999825 6.1471
-0.937032 0.34892 -0.0150187 -425.85 -0.348828 -0.937149 -0.0084295 171.606 -0.017016 -0.00265976 0.999852 6.01121
-0.936183 0.351204 -0.0147189 -423.014 -0.351131 -0.936297 -0.00738285 172.459 -0.0163741 -0.00174346 0.999864 5.88217
-0.934873 0.354669 -0.0149241 -420.167 -0.354589 -0.93499 -0.00777104 173.332 -0.01671 -0.00197301 0.999858 5.74014
-0.93323 0.359119 -0.0107652 -417.343 -0.359006 -0.933269 -0.0111423 174.192 -0.0140483 -0.00653352 0.99988 5.6137
-0.932105 0.362014 -0.0112167 -415.422 -0.361908 -0.932156 -0.0104172 174.799 -0.0142269 -0.00565054 0.999883 5.52379
-0.929571 0.368045 -0.0209932 -412.615 -0.367764 -0.92978 -0.016117 175.705 -0.0254508 -0.00726133 0.99965 5.39644
-0.92687 0.375019 -0.0165269 -409.804 -0.374632 -0.926902 -0.0224153 176.612 -0.023725 -0.0145846 0.999612 5.28213
-0.923325 0.383304 -0.0234123 -407.019 -0.382706 -0.923494 -0.0263616 177.548 -0.0317257 -0.0153803 0.999378 5.18634
-0.919287 0.393129 -0.0189844 -404.27 -0.39276 -0.919413 -0.0204655 178.503 -0.0255001 -0.0113573 0.99961 5.09136
-0.913886 0.405459 -0.0203904 -401.564 -0.405184 -0.914089 -0.0163686 179.505 -0.0252754 -0.00669716 0.999658 4.97805
-0.907841 0.418777 -0.0212321 -398.935 -0.418509 -0.908072 -0.0159896 180.514 -0.0259763 -0.00563015 0.999647 4.88293
-0.901933 0.431415 -0.019975 -396.374 -0.431156 -0.902135 -0.0160599 181.546 -0.0249486 -0.00587261 0.999671 4.78422
-0.894738 0.445973 -0.023494 -393.893 -0.445693 -0.895037 -0.0163402 182.586 -0.0283152 -0.00414911 0.99959 4.68606
-0.88852 0.458302 -0.0221746 -391.515 -0.458019 -0.888784 -0.016767 183.624 -0.0273928 -0.00474137 0.999614 4.60334
-0.882223 0.470305 -0.0222664 -389.236 -0.470014 -0.882491 -0.0172143 184.662 -0.0277459 -0.00472139 0.999604 4.51693
-0.876063 0.481612 -0.0237493 -387.068 -0.481275 -0.87637 -0.0186817 185.686 -0.0298105 -0.00493636 0.999543 4.44282
-0.870818 0.491218 -0.0195041 -385.002 -0.490982 -0.871027 -0.015774 186.691 -0.0247371 -0.00416013 0.999685 4.3658
-0.86605 0.499219 -0.0271617 -383.071 -0.498724 -0.866451 -0.0231699 187.65 -0.0351012 -0.00652005 0.999362 4.28917
-0.86018 0.509056 -0.0308667 -381.199 -0.508443 -0.860709 -0.0258033 188.599 -0.0397026 -0.00650154 0.99919 4.24162
-0.853223 0.520795 -0.0279684 -379.34 -0.520291 -0.853663 -0.0235767 189.588 -0.0361542 -0.00556444 0.999331 4.17806
-0.845925 0.53241 -0.0308375 -377.511 -0.531893 -0.846479 -0.0237289 190.587 -0.0387368 -0.00367064 0.999243 4.12173
-0.837926 0.544737 -0.0337913 -375.709 -0.544228 -0.838606 -0.0235949 191.614 -0.0411906 -0.00138056 0.99915 4.06067
-0.83035 0.556427 -0.0301415 -373.893 -0.556007 -0.830896 -0.0216554 192.675 -0.0370941 -0.00122269 0.999311 4.00572
-0.822332 0.568314 -0.0281066 -372.084 -0.567638 -0.822776 -0.0287594 193.776 -0.0394698 -0.00769538 0.999191 3.92474
-0.815015 0.578709 -0.0291041 -370.292 -0.577943 -0.815491 -0.0309168 194.879 -0.041626 -0.00837712 0.999098 3.87743
-0.808718 0.587404 -0.0305124 -368.483 -0.586242 -0.809171 -0.0395198 196.021 -0.0479038 -0.0140728 0.998753 3.81859
-0.803561 0.59454 -0.0284927 -366.661 -0.593468 -0.803946 -0.0382798 197.204 -0.0456655 -0.0138507 0.998861 3.76947
-0.798528 0.601184 -0.0305142 -364.818 -0.600031 -0.799001 -0.0394915 198.421 -0.0481225 -0.0132256 0.998754 3.72357
-0.793151 0.608173 -0.0322031 -362.965 -0.607009 -0.793718 -0.0393878 199.67 -0.0495148 -0.0116929 0.998705 3.67503
-0.787822 0.61498 -0.0336915 -361.079 -0.613941 -0.7885 -0.0366623 200.966 -0.0491124 -0.00819879 0.99876 3.63389
-0.780857 0.623867 -0.032427 -359.177 -0.623056 -0.781515 -0.0321733 202.301 -0.045414 -0.00491886 0.998956 3.58631
-0.773769 0.632551 -0.0340759 -357.274 -0.632033 -0.774517 -0.0256403 203.686 -0.0426112 0.00169742 0.99909 3.52228
-0.766891 0.640784 -0.0356909 -355.352 -0.640425 -0.767699 -0.0222307 205.111 -0.0416449 0.0058088 0.999116 3.45923
-0.759878 0.649069 -0.0359829 -353.419 -0.648738 -0.760699 -0.0218044 206.571 -0.0415247 0.00677478 0.999115 3.38985
-0.752808 0.657314 -0.0349207 -351.483 -0.656971 -0.753591 -0.0221212 208.064 -0.0408565 0.00628891 0.999145 3.32314
-0.745527 0.665443 -0.0370832 -349.577 -0.664913 -0.746434 -0.0269559 209.559 -0.0456178 0.0045607 0.998949 3.26939
-0.738184 0.67363 -0.0361492 -347.672 -0.673162 -0.739049 -0.0256929 211.096 -0.0440236 0.00536821 0.999016 3.21839
-0.730826 0.681783 -0.0326307 -345.794 -0.681364 -0.731541 -0.0243018 212.639 -0.0404393 0.004473 0.999172 3.16871
-0.723629 0.68964 -0.0275168 -343.925 -0.689264 -0.724148 -0.0228911 214.214 -0.0357128 0.00240165 0.999359 3.08077
-0.716411 0.69708 -0.0289031 -342.104 -0.69655 -0.716993 -0.0271703 215.785 -0.0396632 0.000667317 0.999213 2.99712
-0.709324 0.704639 -0.0185111 -340.252 -0.704033 -0.709514 -0.0304717 217.386 -0.0346054 -0.00858189 0.999364 2.93881
-0.700571 0.712998 -0.0288696 -338.464 -0.712219 -0.70116 -0.0334427 219.011 -0.0440868 -0.00286756 0.999024 2.88421
-0.691903 0.721342 -0.0305918 -336.71 -0.720753 -0.692576 -0.0292058 220.663 -0.0422545 0.0018415 0.999105 2.80485
-0.683617 0.729258 -0.0291667 -334.963 -0.728669 -0.684237 -0.0293276 222.308 -0.0413443 0.00120405 0.999144 2.75703
-0.674775 0.737339 -0.0317967 -333.27 -0.736905 -0.675497 -0.0259668 223.956 -0.0406249 0.00590943 0.999157 2.70237
-0.668159 0.743438 -0.0293733 -331.668 -0.743186 -0.668758 -0.0209187 225.538 -0.0351954 0.00785275 0.99935 2.64751
-0.663216 0.747993 -0.0255236 -330.168 -0.74775 -0.663681 -0.0199429 227.035 -0.0318567 0.00585876 0.999475 2.57955
-0.658422 0.752212 -0.0256386 -328.754 -0.751853 -0.658911 -0.0235345 228.458 -0.0345965 0.00378084 0.999394 2.52341
-0.648727 0.760634 -0.0242571 -326.956 -0.760192 -0.649179 -0.0259865 230.304 -0.0355134 0.00158187 0.999368 2.44479
-0.637315 0.770253 -0.0232433 -325.255 -0.76966 -0.637737 -0.0302482 232.14 -0.0381219 -0.00138818 0.999272 2.38196
