0.999999 0.000635723 -0.00136076 -0.011838 -0.000636243 1 -0.000381669 -0.00389627 0.00136051 0.000382534 0.999999 0.0140353
0.999063 -0.0399096 -0.0167307 -2.6502 0.040005 0.999185 0.00540586 -0.10317 0.0165013 -0.00607011 0.999845 0.0949358
0.995629 -0.0916058 -0.0181951 -4.65615 0.0917228 0.995768 0.00570474 -0.29672 0.0175955 -0.00734871 0.999818 0.147665
0.986519 -0.162319 -0.0208037 -6.83806 0.162308 0.986738 -0.00220225 -0.676586 0.0208852 -0.00120405 0.999781 0.214761
0.972207 -0.233074 -0.0221421 -8.95196 0.232934 0.972453 -0.00876303 -1.21427 0.0235746 0.00336185 0.999716 0.275095
0.954699 -0.296616 -0.0238688 -11.2281 0.296219 0.954935 -0.0187914 -1.94482 0.028367 0.0108697 0.999538 0.345937
0.944826 -0.326322 -0.0286062 -13.2565 0.325861 0.945214 -0.0196409 -2.64601 0.0334482 0.00923559 0.999398 0.408135
0.942466 -0.332757 -0.0320906 -15.4386 0.33251 0.943011 -0.0129301 -3.38027 0.0345644 0.0015157 0.999401 0.461292
0.94307 -0.331429 -0.027818 -17.7827 0.331274 0.94348 -0.0101255 -4.19898 0.0296016 0.000333722 0.999562 0.52091
0.943661 -0.329577 -0.0296996 -19.7548 0.329333 0.944125 -0.0129207 -4.88183 0.0322985 0.00241167 0.999475 0.594643
0.943727 -0.32966 -0.0265115 -21.8087 0.329588 0.944098 -0.00716276 -5.5655 0.0273908 -0.00197821 0.999623 0.652172
0.940722 -0.338029 -0.0278946 -23.9302 0.337806 0.941133 -0.0124897 -6.32677 0.0304744 0.00232642 0.999533 0.723727
0.936976 -0.347755 -0.033788 -26.1226 0.347578 0.937585 -0.011183 -7.12585 0.035568 -0.00126576 0.999366 0.767898
0.931299 -0.362857 -0.0318876 -28.3771 0.362272 0.931795 -0.0227507 -8.00436 0.037968 0.00963575 0.999232 0.8296
0.92356 -0.38222 -0.0307445 -30.7082 0.38167 0.924028 -0.0223738 -8.94087 0.0369605 0.00892927 0.999277 0.910662
0.910832 -0.411707 -0.0297054 -33.1107 0.411214 0.911287 -0.021406 -10.0205 0.0358832 0.00728201 0.999329 0.970954
0.898391 -0.438416 -0.0261691 -34.9273 0.437775 0.898682 -0.0268909 -10.9142 0.0353071 0.0127024 0.999296 1.01981
0.88193 -0.470599 -0.0271254 -36.7856 0.469928 0.88227 -0.0276975 -11.9006 0.0369664 0.0116803 0.999248 1.08143
0.864101 -0.502341 -0.0313436 -38.6377 0.501433 0.864579 -0.0326834 -12.984 0.0435172 0.0125251 0.998974 1.13127
0.844232 -0.535048 -0.0315548 -40.5027 0.533977 0.844704 -0.0366554 -14.1293 0.0462669 0.0140962 0.99883 1.18758
0.822885 -0.567211 -0.0336406 -42.3661 0.566146 0.8235 -0.0364167 -15.4031 0.048359 0.0109213 0.99877 1.23268
0.8019 -0.596541 -0.0330936 -44.2214 0.595364 0.802496 -0.0392509 -16.7687 0.0499722 0.0117726 0.998681 1.28198
0.786404 -0.617111 -0.02725 -46.0658 0.615976 0.786735 -0.0402713 -18.1975 0.0462905 0.0148842 0.998817 1.3431
0.775954 -0.630433 -0.0211877 -47.9119 0.629589 0.776112 -0.0356157 -19.6767 0.0388973 0.0142966 0.999141 1.41637
0.76458 -0.644096 -0.0236067 -49.7727 0.642824 0.764708 -0.0447022 -21.2165 0.0468448 0.0190035 0.998721 1.50154
0.756236 -0.654032 -0.0186781 -51.6094 0.652817 0.756136 -0.0456955 -22.7817 0.0440095 0.0223632 0.998781 1.56506
0.749635 -0.661569 -0.0193448 -53.4581 0.660154 0.749484 -0.0496989 -24.3942 0.0473779 0.0244854 0.998577 1.64101
0.748346 -0.663072 -0.0177124 -55.315 0.661535 0.748031 -0.0531073 -26.0119 0.0484634 0.0280253 0.998432 1.69734
0.749932 -0.661361 -0.0142308 -57.2036 0.660085 0.749553 -0.0495809 -27.6464 0.0434576 0.0277888 0.998669 1.75944
0.751464 -0.659571 -0.0163817 -59.0851 0.657898 0.750967 -0.0567353 -29.2744 0.0497231 0.031857 0.998255 1.82633
0.755329 -0.655201 -0.0137842 -60.9527 0.653708 0.754761 -0.0547961 -30.8736 0.0463062 0.0323782 0.998402 1.86535
0.75964 -0.65031 -0.00662488 -62.8027 0.64921 0.758878 -0.0512939 -32.4289 0.0383844 0.034664 0.998662 1.92329
0.766493 -0.642245 -0.00316754 -64.6728 0.641396 0.765716 -0.0478528 -33.9626 0.0331586 0.0346472 0.998849 1.98168
0.775075 -0.631868 -0.00129209 -66.5524 0.631066 0.77419 -0.0488436 -35.4559 0.0318631 0.0370421 0.998806 2.0492
0.784716 -0.619855 0.000920524 -68.4721 0.61917 0.783777 -0.0481781 -36.9386 0.0291419 0.038376 0.998838 2.10015
0.79483 -0.606833 -0.000235288 -70.4026 0.606119 0.793913 -0.0481933 -38.3738 0.029432 0.0381628 0.998838 2.15988
0.805383 -0.592755 -0.000467541 -72.398 0.592084 0.804508 -0.0469452 -39.7791 0.0282031 0.037532 0.998897 2.22063
0.817051 -0.576562 0.00199197 -74.3973 0.576077 0.816211 -0.0439756 -41.1692 0.0237288 0.0370778 0.999031 2.27605
0.830655 -0.556777 0.00342747 -76.4194 0.556504 0.830018 -0.0370664 -42.476 0.0177929 0.0326968 0.999307 2.33299
0.84347 -0.537174 0.00142297 -78.5239 0.536859 0.84288 -0.0365467 -43.769 0.0184325 0.03159 0.999331 2.4085
0.857222 -0.514947 0.000462609 -80.6427 0.514659 0.856712 -0.0342001 -44.9858 0.0172149 0.0295552 0.999415 2.46893
0.871327 -0.490645 0.0074978 -82.7941 0.49067 0.870992 -0.0248228 -46.1344 0.00564868 0.0253078 0.999664 2.55513
0.883991 -0.467452 0.00700558 -84.9994 0.467486 0.883724 -0.0221198 -47.2491 0.00414893 0.0228287 0.999731 2.64695
0.896813 -0.442186 0.0140875 -87.2457 0.442398 0.896569 -0.0211516 -48.2927 -0.00327744 0.0252013 0.999677 2.74786
0.908256 -0.418219 0.0127886 -89.513 0.418402 0.908037 -0.0202003 -49.2711 -0.00316435 0.0236978 0.999714 2.85233
0.919935 -0.391754 0.0157484 -91.825 0.39201 0.919755 -0.0194738 -50.2045 -0.00685578 0.0240882 0.999686 2.9601
0.930306 -0.366513 0.0141348 -94.16 0.366739 0.93011 -0.0199466 -51.0566 -0.00583626 0.0237402 0.999701 3.07474
0.939522 -0.342315 0.0109064 -96.5558 0.342475 0.939292 -0.0210008 -51.8519 -0.00305547 0.0234659 0.99972 3.184
0.947781 -0.318614 0.0139807 -98.9507 0.318842 0.947611 -0.0193234 -52.5951 -0.00709159 0.022772 0.999716 3.29011
0.95372 -0.30063 0.00628656 -101.437 0.300696 0.953545 -0.0182852 -53.3034 -0.000497442 0.0193293 0.999813 3.39829
0.959164 -0.282831 0.00326544 -103.891 0.282843 0.958997 -0.0180267 -53.9507 0.00196695 0.0182141 0.999832 3.49222
0.964648 -0.263527 0.00293293 -106.363 0.263543 0.964583 -0.011193 -54.5329 0.000120601 0.0115703 0.999933 3.59706
0.96992 -0.243191 -0.0106219 -108.896 0.242981 0.969865 -0.0179336 -55.0906 0.0146631 0.0148132 0.999783 3.6722
0.97539 -0.220469 0.00286243 -111.405 0.220488 0.975314 -0.0121169 -55.5815 -0.000120359 0.0124499 0.999922 3.76465
0.980246 -0.197759 -0.00292583 -113.972 0.197709 0.980182 -0.0123941 -56.0116 0.0053189 0.0115708 0.999919 3.85969
0.984563 -0.175015 -0.00229557 -116.536 0.174984 0.984519 -0.0101153 -56.3845 0.00403036 0.00955742 0.999946 3.94477
0.988333 -0.15228 -0.00290497 -119.129 0.152266 0.98833 -0.0043725 -56.6986 0.00353691 0.00387916 0.999986 4.03898
0.991596 -0.129295 -0.00450199 -121.74 0.129292 0.991606 -0.000849509 -56.9502 0.00457404 0.000260298 0.99999 4.14512
0.994285 -0.106635 -0.00503811 -124.378 0.106641 0.994297 0.000911421 -57.1462 0.00491219 -0.00144348 0.999987 4.24701
0.996493 -0.0832557 -0.00832302 -127.015 0.0832477 0.996528 -0.0013011 -57.287 0.00840244 0.000603662 0.999965 4.34832
0.99821 -0.0589272 -0.0102464 -129.654 0.0588853 0.998255 -0.00434476 -57.3729 0.0104846 0.00373362 0.999938 4.42987
0.999197 -0.0374987 -0.0141286 -132.38 0.037444 0.99929 -0.00411691 -57.3894 0.014273 0.00358457 0.999892 4.51643
0.999753 -0.0171052 -0.0141715 -135.092 0.0170655 0.99985 -0.00292092 -57.3534 0.0142193 0.00267835 0.999895 4.59515
0.999891 0.00256218 -0.0145594 -137.818 -0.00258051 0.999996 -0.00124067 -57.2612 0.0145561 0.00127811 0.999893 4.6887
0.999672 0.021803 -0.0134387 -140.54 -0.0217698 0.99976 0.00260663 -57.1131 0.0134923 -0.00231322 0.999906 4.77835
0.998838 0.0418125 -0.0239548 -143.305 -0.0417119 0.999119 0.0046828 -56.9012 0.0241295 -0.00367816 0.999702 4.85867
0.997696 0.0658028 -0.0165244 -146.086 -0.0657025 0.997818 0.00654086 -56.6364 0.0169188 -0.00544009 0.999842 4.93498
0.995907 0.088646 -0.0176331 -148.866 -0.0885439 0.996051 0.00649507 -56.3074 0.0181393 -0.00490718 0.999823 5.03683
0.993331 0.112941 -0.0232088 -151.688 -0.112821 0.993595 0.00638706 -55.9054 0.0237815 -0.00372602 0.99971 5.12659
0.990081 0.13773 -0.0277457 -154.524 -0.137582 0.990464 0.00718931 -55.4302 0.0284713 -0.0033007 0.999589 5.19675
0.98685 0.159297 -0.0273987 -157.375 -0.159111 0.987221 0.00885097 -54.8853 0.0284585 -0.00437516 0.999585 5.27454
0.983111 0.180788 -0.0284497 -160.209 -0.180543 0.983506 0.0109826 -54.2859 0.029966 -0.00566076 0.999535 5.34992
0.979157 0.20125 -0.0273868 -163.057 -0.200977 0.979517 0.012415 -53.6186 0.0293243 -0.00665212 0.999548 5.43087
0.974627 0.221473 -0.0324353 -165.915 -0.221171 0.975153 0.0126743 -52.8854 0.0344364 -0.00517896 0.999393 5.515
0.969837 0.241737 -0.0313002 -168.781 -0.241188 0.970266 0.0203308 -52.0782 0.0352842 -0.0121683 0.999303 5.57582
0.96473 0.261876 -0.0267657 -171.66 -0.261334 0.964995 0.022132 -51.2041 0.0316246 -0.0143566 0.999397 5.66225
0.960258 0.277843 -0.0266211 -174.48 -0.27722 0.960485 0.0248363 -50.3146 0.0324697 -0.0164693 0.999337 5.73678
0.957335 0.288102 -0.0225066 -176.394 -0.287523 0.957426 0.0258036 -49.6667 0.0289825 -0.0182316 0.999414 5.80273
0.954232 0.298603 -0.016673 -178.289 -0.298094 0.95414 0.0275117 -49.0031 0.0241235 -0.0212824 0.999482 5.87634
0.950217 0.310934 -0.0201658 -180.189 -0.310238 0.950135 0.0315509 -48.3178 0.0289705 -0.0237241 0.999299 5.94973
0.945755 0.324193 -0.0211167 -182.1 -0.323468 0.945707 0.031735 -47.6053 0.0302584 -0.0231829 0.999273 6.00832
0.940502 0.338577 -0.0286629 -183.993 -0.337484 0.940602 0.0370319 -46.8526 0.0394985 -0.0251553 0.998903 6.05563
0.934594 0.354588 -0.0283019 -185.888 -0.353489 0.934688 0.0374738 -46.0702 0.0397412 -0.0250183 0.998897 6.11245
0.928568 0.370218 -0.0264662 -187.762 -0.369214 0.928638 0.0362333 -45.2654 0.0379918 -0.0238733 0.998993 6.16939
0.921912 0.386058 -0.0322022 -189.639 -0.384808 0.922175 0.0389285 -44.4194 0.0447248 -0.023497 0.998723 6.22108
0.91395 0.404368 -0.0343692 -191.453 -0.402942 0.914274 0.041733 -43.549 0.0482984 -0.0242931 0.998537 6.26013
0.904347 0.425798 -0.0292062 -193.248 -0.42453 0.904477 0.0411638 -42.6449 0.0439438 -0.0248274 0.998725 6.30119
0.894296 0.446648 -0.0272124 -195.031 -0.445311 0.894296 0.043955 -41.7033 0.0439684 -0.0271908 0.998663 6.3504
0.883951 0.466581 -0.0305436 -196.777 -0.464939 0.884014 0.0484831 -40.7249 0.0496222 -0.0286558 0.998357 6.39968
0.867609 0.496438 -0.0283488 -199.324 -0.494925 0.867657 0.0471323 -39.1934 0.0479953 -0.0268619 0.998486 6.45656
0.850807 0.524949 -0.0235615 -201.773 -0.523378 0.85056 0.0512117 -37.6092 0.046924 -0.0312397 0.99841 6.5235
0.832203 0.553942 -0.0242211 -204.193 -0.552028 0.831841 0.0574887 -35.9365 0.0519935 -0.0344716 0.998052 6.58523
0.812102 0.583236 -0.0180714 -206.519 -0.581512 0.811489 0.0576964 -34.2024 0.0483153 -0.0363466 0.998171 6.64856
0.789847 0.613049 -0.0176689 -208.763 -0.611028 0.78907 0.06335 -32.3808 0.0527786 -0.0392406 0.997835 6.7133
0.767025 0.641481 -0.0132361 -210.95 -0.639688 0.766154 0.0617043 -30.4889 0.0497231 -0.0388618 0.998007 6.77709
0.743034 0.669189 -0.00932347 -213.049 -0.667295 0.741853 0.0661125 -28.5311 0.0511584 -0.0429024 0.997769 6.84123
0.719273 0.694712 -0.00474958 -215.065 -0.692718 0.717694 0.0711109 -26.5207 0.0528103 -0.047858 0.997457 6.90281
0.699248 0.714879 0.000661012 -216.999 -0.712842 0.697186 0.0760772 -24.4433 0.0539251 -0.053668 0.997102 6.95581
0.683196 0.730218 0.0050191 -218.846 -0.728024 0.680577 0.0824363 -22.3684 0.0567806 -0.0599742 0.996584 7.01145
0.672518 0.740051 0.00668581 -220.678 -0.737903 0.669819 0.0827081 -20.2675 0.0567299 -0.0605561 0.996551 7.05544
0.661337 0.750023 0.00996219 -222.459 -0.747923 0.65836 0.0846928 -18.1622 0.0569628 -0.0634614 0.996357 7.08936
0.654158 0.756234 0.0137177 -224.198 -0.753965 0.650539 0.0913031 -16.0521 0.0601226 -0.0700693 0.995729 7.10751
0.6558 0.754674 0.0198437 -225.971 -0.752871 0.65184 0.0910459 -13.9258 0.0557751 -0.0746477 0.995649 7.14006
0.660503 0.750492 0.0223233 -227.711 -0.74915 0.656755 0.0862956 -11.8385 0.0501032 -0.073722 0.996019 7.17243
0.667528 0.744229 0.0230213 -229.475 -0.743341 0.664308 0.0783472 -9.77234 0.043015 -0.0694116 0.99666 7.21563
0.677069 0.735641 0.020238 -231.262 -0.734744 0.674177 0.0750774 -7.75684 0.041586 -0.0657023 0.996972 7.26238
0.690863 0.722708 0.0200294 -233.108 -0.722148 0.688465 0.0672187 -5.75438 0.0347899 -0.0609032 0.997537 7.31409
0.707712 0.706259 0.0185097 -234.978 -0.705812 0.705621 0.0626737 -3.83418 0.031203 -0.0574192 0.997862 7.36872
0.728115 0.685187 0.0191783 -236.881 -0.684942 0.726202 0.0590349 -1.95998 0.0265227 -0.0561202 0.998072 7.43559
0.75036 0.660787 0.0178981 -238.854 -0.660496 0.748392 0.0604579 -0.160858 0.0265551 -0.0571868 0.99801 7.5096
0.773744 0.633288 0.0163507 -240.888 -0.633008 0.771872 0.0592795 1.56446 0.0249203 -0.0562173 0.998108 7.56079
0.801696 0.597498 0.0167124 -242.992 -0.597355 0.799886 0.0578719 3.20057 0.0212103 -0.056379 0.998184 7.62041
0.830998 0.556084 0.0145825 -245.182 -0.555999 0.829477 0.0532292 4.75696 0.017504 -0.0523412 0.998476 7.693
0.859708 0.510503 0.0169739 -247.48 -0.510654 0.858261 0.0511902 6.17204 0.0115647 -0.0526765 0.998545 7.74387
0.886165 0.462695 0.024992 -249.866 -0.463368 0.884781 0.0495305 7.45042 0.000805113 -0.0554727 0.99846 7.82788
0.911292 0.411346 0.018508 -252.321 -0.41176 0.910244 0.0437027 8.62004 0.00113014 -0.0474468 0.998873 7.93242
0.931903 0.362357 0.0159757 -254.9 -0.362709 0.931018 0.0405856 9.61601 -0.000167214 -0.0436164 0.999048 8.00764
0.951295 0.307716 0.0186708 -257.508 -0.308253 0.950286 0.0440023 10.4779 -0.00420238 -0.0476145 0.998857 8.08556
0.962398 0.271327 0.0131011 -260.228 -0.27164 0.961489 0.0418388 11.2239 -0.00124459 -0.0438244 0.999038 8.17537
0.969339 0.245151 0.0168142 -262.967 -0.24564 0.968544 0.0397964 11.9041 -0.00652915 -0.0427064 0.999066 8.25822
0.974696 0.222523 0.0212451 -265.752 -0.22312 0.97427 0.0318713 12.4964 -0.0136063 -0.0358051 0.999266 8.37011
0.978947 0.203066 0.0206749 -268.57 -0.203663 0.978495 0.0326811 13.0742 -0.0135939 -0.0362038 0.999252 8.47561
0.981864 0.188738 0.017911 -271.439 -0.189259 0.981333 0.0341475 13.6282 -0.0111317 -0.036918 0.999256 8.59615
0.983868 0.178065 0.0171955 -274.329 -0.178569 0.983323 0.0344706 14.1332 -0.0107707 -0.0369851 0.999258 8.7019
0.985569 0.168084 0.0200163 -277.254 -0.168677 0.985119 0.0329928 14.6117 -0.0141728 -0.035893 0.999255 8.81708
0.986951 0.160069 0.0174728 -279.227 -0.160615 0.986345 0.036412 14.9316 -0.0114057 -0.0387432 0.999184 8.88999
0.988173 0.152522 0.0158283 -281.229 -0.153036 0.987449 0.0390504 15.2145 -0.00967357 -0.0410109 0.999112 8.97117
0.989914 0.140313 0.0195729 -284.206 -0.141008 0.989184 0.0403965 15.6159 -0.0136931 -0.0427489 0.998992 9.09197
0.991041 0.132142 0.0193976 -286.239 -0.132846 0.990283 0.0411193 15.8825 -0.0137755 -0.0433278 0.998966 9.1712
0.991966 0.124908 0.0200337 -288.272 -0.125663 0.991166 0.042402 16.1364 -0.0145604 -0.0445788 0.9989 9.2481
0.992714 0.119006 0.0188794 -290.311 -0.11975 0.991785 0.0449655 16.3546 -0.0133732 -0.0468987 0.99881 9.33475
0.993451 0.113207 0.0154517 -292.363 -0.113798 0.992478 0.0451368 16.5692 -0.0102256 -0.0465996 0.998861 9.42019
0.993945 0.108591 0.0167939 -294.454 -0.109251 0.992983 0.0452769 16.7785 -0.0117594 -0.0468375 0.998833 9.4866
0.9944 0.104003 0.0187664 -296.526 -0.104764 0.993451 0.0456068 16.9828 -0.0139003 -0.0473175 0.998783 9.57468
0.994851 0.0992851 0.0203524 -298.616 -0.100128 0.993924 0.0457049 17.1796 -0.0156909 -0.0475074 0.998748 9.66494
0.995206 0.0961954 0.0176636 -300.722 -0.0969274 0.994193 0.0467567 17.361 -0.0130633 -0.0482446 0.99875 9.75207
0.995503 0.0929377 0.0183401 -302.855 -0.0937284 0.99442 0.0484062 17.529 -0.013739 -0.0499075 0.998659 9.83363
0.995833 0.0892216 0.0188745 -304.983 -0.0900786 0.994634 0.0508854 17.6969 -0.0142331 -0.0523735 0.998526 9.91926
0.996134 0.0860517 0.0176799 -307.129 -0.0868843 0.994781 0.053492 17.8616 -0.0129846 -0.0548213 0.998412 10.0062
0.9965 0.0820757 0.015849 -309.281 -0.0828337 0.995029 0.0552779 17.9978 -0.0112333 -0.0563973 0.998345 10.0918
0.996792 0.0787128 0.0144649 -311.394 -0.0793873 0.995367 0.0542334 18.1528 -0.0101291 -0.0552078 0.998424 10.1849
0.997071 0.0750994 0.0144538 -313.524 -0.0757547 0.995772 0.0519532 18.281 -0.0104911 -0.0528959 0.998545 10.2734
0.997327 0.0721151 0.0117622 -315.634 -0.0726144 0.996119 0.0497321 18.4072 -0.00813011 -0.0504533 0.998693 10.3568
0.997522 0.069391 0.0116311 -317.732 -0.0698609 0.996469 0.046581 18.5162 -0.00835768 -0.0472781 0.998847 10.4415
0.997712 0.0661646 0.0139192 -319.803 -0.066699 0.996877 0.0422726 18.6251 -0.0110788 -0.0431042 0.999009 10.5346
0.997905 0.0633539 0.0131313 -321.883 -0.0638206 0.997205 0.0388447 18.719 -0.0106336 -0.0396013 0.999159 10.6181
0.998071 0.0606957 0.0130673 -323.948 -0.0611216 0.997512 0.0351294 18.8042 -0.0109026 -0.0358603 0.999297 10.6996
0.998226 0.0573539 0.0159761 -326.02 -0.0578493 0.997796 0.0324953 18.8955 -0.0140771 -0.0333619 0.999344 10.7831
0.998463 0.0525562 0.0175859 -328.064 -0.0530924 0.998091 0.0315574 18.9923 -0.0158938 -0.0324426 0.999347 10.8778
0.998676 0.0488037 0.0162639 -330.1 -0.0492989 0.998285 0.031586 19.0415 -0.0146945 -0.0323459 0.999369 10.9711
0.998806 0.0432825 0.0226448 -333.099 -0.0440643 0.998407 0.0352464 19.1273 -0.0210832 -0.0362022 0.999122 11.1218
0.998836 0.0408153 0.0256964 -335.098 -0.0416802 0.99855 0.034076 19.1653 -0.0242684 -0.0351073 0.999089 11.2333
0.999041 0.0384989 0.0208427 -338.076 -0.0391773 0.998681 0.0331788 19.2302 -0.0195378 -0.0339635 0.999232 11.3795
0.999047 0.0388349 0.0199026 -341.028 -0.0393902 0.998823 0.0283108 19.292 -0.0187797 -0.0290678 0.999401 11.5248
0.998894 0.0441456 0.016202 -343.985 -0.0444966 0.998768 0.0219828 19.3462 -0.0152116 -0.0226795 0.999627 11.6603
0.998456 0.0545409 0.0105169 -346.936 -0.0546766 0.998418 0.0130796 19.4287 -0.00978691 -0.0136345 0.999859 11.7726
0.997435 0.0670885 0.0249545 -349.858 -0.0675209 0.997575 0.0169075 19.5735 -0.0237597 -0.0185491 0.999546 11.9162
0.996857 0.0776565 0.0156424 -352.825 -0.0779193 0.996815 0.016956 19.7473 -0.0142759 -0.0181216 0.999734 12.0509
0.996512 0.0809588 0.0202266 -355.779 -0.0813084 0.996542 0.0171014 19.9307 -0.0187722 -0.0186864 0.999649 12.1832
0.996535 0.0814171 0.0170103 -358.728 -0.0817456 0.99646 0.0196047 20.094 -0.0153539 -0.0209272 0.999663 12.3138
0.996246 0.0821035 0.0274463 -361.681 -0.0828546 0.996184 0.0274506 20.2993 -0.0250878 -0.0296216 0.999246 12.4512
0.996733 0.0777757 0.0217827 -364.636 -0.0784269 0.996443 0.0308343 20.4958 -0.0193071 -0.0324419 0.999287 12.6176
0.997174 0.0724175 0.0199763 -367.561 -0.0729062 0.997027 0.0249279 20.6515 -0.0181117 -0.0263139 0.99949 12.7519
0.997419 0.0692705 0.0188819 -369.558 -0.0697236 0.997265 0.0245041 20.7477 -0.0171328 -0.0257574 0.999521 12.8441
0.997365 0.069566 0.020594 -372.449 -0.0700382 0.997275 0.0231716 20.8927 -0.0189259 -0.0245529 0.999519 12.9866
0.997331 0.070339 0.0195781 -375.334 -0.0708018 0.997201 0.0240418 21.0382 -0.0178322 -0.0253638 0.999519 13.1321
0.997247 0.070582 0.0227404 -378.195 -0.0711349 0.997166 0.0244958 21.2109 -0.020947 -0.026046 0.999441 13.2788
0.997258 0.0714995 0.0191076 -381.018 -0.0719007 0.997186 0.0212052 21.3555 -0.0175377 -0.0225209 0.999593 13.4153
0.997516 0.0688999 0.0146668 -383.844 -0.0691388 0.997471 0.0164538 21.4947 -0.0134961 -0.017427 0.999757 13.5427
0.997622 0.0659743 0.0199679 -386.533 -0.0661986 0.997748 0.0107888 21.6199 -0.0192111 -0.012085 0.999742 13.6729
0.997865 0.0635057 0.0152612 -389.165 -0.0636741 0.997912 0.0108108 21.7249 -0.0145428 -0.0117595 0.999825 13.8061
0.99793 0.0621793 0.0164268 -391.683 -0.0623506 0.998003 0.0101336 21.8266 -0.0157639 -0.0111368 0.999814 13.9233
0.998021 0.0596564 0.0198934 -394.087 -0.0598974 0.998135 0.0117495 21.9191 -0.0191554 -0.0129178 0.999733 14.0474
0.99802 0.0586427 0.0227506 -396.37 -0.0589907 0.998147 0.0149385 22.0092 -0.0218324 -0.016251 0.99963 14.1644
0.998201 0.0577111 0.0162385 -398.586 -0.057927 0.998234 0.0131558 22.0961 -0.0154505 -0.0140728 0.999782 14.2766
0.998193 0.0571496 0.0185867 -400.753 -0.0575138 0.998151 0.0196907 22.1902 -0.017427 -0.0207241 0.999633 14.3827
0.997973 0.0600917 0.0209349 -402.777 -0.0605031 0.997975 0.0196068 22.2883 -0.0197143 -0.0208337 0.999589 14.4873
0.996495 0.0797472 0.025271 -405.318 -0.0801346 0.996676 0.0147081 22.4214 -0.024014 -0.0166816 0.999572 14.6393
0.990685 0.132266 0.0323994 -407.625 -0.132833 0.991009 0.016023 22.7018 -0.0299888 -0.0201774 0.999347 14.7777
0.977223 0.20905 0.0365174 -409.712 -0.209684 0.977662 0.0144658 23.1223 -0.0326776 -0.0217934 0.999228 14.9102
0.942955 0.33092 0.0364339 -411.981 -0.33161 0.943302 0.0147203 23.8939 -0.0294969 -0.0259624 0.999228 15.0431
0.881178 0.471275 0.0377482 -413.962 -0.47207 0.881426 0.0154532 25.0017 -0.0259895 -0.0314368 0.999168 15.1846
0.78793 0.614426 0.040581 -415.658 -0.615469 0.787882 0.020981 26.3631 -0.0190817 -0.0415079 0.998956 15.2756
0.679948 0.731894 0.0447365 -417.106 -0.733194 0.679437 0.0281267 28.0378 -0.00980987 -0.0519253 0.998603 15.377
0.567412 0.82139 0.0579776 -418.319 -0.823408 0.56655 0.0319595 29.8522 -0.00659592 -0.0658734 0.997806 15.4519
0.462293 0.885724 0.0421599 -419.377 -0.886668 0.46119 0.0335178 31.9124 0.0102438 -0.0528769 0.998548 15.5208
0.36903 0.928777 0.0344905 -420.242 -0.929282 0.368089 0.0307415 34.1812 0.0158565 -0.0433959 0.998932 15.5943
0.301291 0.952572 0.0427895 -420.818 -0.953411 0.300233 0.029466 36.122 0.0152216 -0.0496738 0.998649 15.6281
0.230419 0.972258 0.0402697 -421.3 -0.972689 0.228935 0.0382786 38.1954 0.0279975 -0.04799 0.998455 15.6618
0.152812 0.987077 0.0482384 -421.593 -0.987524 0.15064 0.0458612 40.4247 0.0380019 -0.0546447 0.997782 15.7028
0.0771775 0.994996 0.0634594 -421.759 -0.996064 0.0741646 0.0485392 42.8126 0.0435899 -0.0669558 0.996803 15.7121
0.0210925 0.997577 0.0663027 -421.781 -0.998472 0.017631 0.0523654 45.333 0.0510695 -0.0673059 0.996425 15.723
-0.028051 0.997147 0.0700781 -421.714 -0.998126 -0.0317552 0.0523159 48.0134 0.054392 -0.0684793 0.996169 15.7312
-0.0541068 0.995868 0.0729329 -421.593 -0.996729 -0.0582553 0.0560075 50.1174 0.0600248 -0.069664 0.995763 15.7221
-0.0744346 0.994439 0.0745005 -421.434 -0.995433 -0.0785705 0.0542124 52.3212 0.0597645 -0.070125 0.995746 15.719
-0.0862296 0.993291 0.0770575 -421.23 -0.994575 -0.0903417 0.0515682 54.5502 0.0581837 -0.0721928 0.995692 15.7132
-0.0876611 0.993224 0.0762961 -421.007 -0.994175 -0.0920516 0.0560638 56.8868 0.0627071 -0.0709371 0.995508 15.7177
-0.0886893 0.993371 0.0731329 -420.813 -0.994195 -0.0927744 0.0544897 59.3039 0.0609133 -0.0678758 0.995833 15.7176
-0.0886219 0.99358 0.0703225 -420.607 -0.993961 -0.0928012 0.0585696 61.8013 0.0647196 -0.0647072 0.995803 15.7134
-0.0881958 0.993745 0.0685017 -420.392 -0.993857 -0.0924045 0.0609113 64.3756 0.0668602 -0.0627088 0.99579 15.7068
-0.0873569 0.993974 0.0662122 -420.19 -0.994057 -0.0913123 0.0592683 67.011 0.0649572 -0.0606412 0.996044 15.6949
-0.0875597 0.994081 0.0643183 -419.97 -0.994201 -0.0912513 0.0568922 69.7273 0.0624246 -0.0589639 0.996306 15.6995
-0.0918416 0.993722 0.0638953 -419.745 -0.993819 -0.0954912 0.0566209 72.5194 0.0623668 -0.0583002 0.996349 15.6899
-0.0954917 0.993355 0.0642388 -419.51 -0.993404 -0.099214 0.0574884 75.3617 0.0634798 -0.0583254 0.996277 15.694
-0.0980123 0.99312 0.0640843 -419.273 -0.992952 -0.101901 0.0605173 78.2548 0.0666312 -0.0577012 0.996108 15.6888
-0.0964785 0.993444 0.0613307 -419.025 -0.993362 -0.0999821 0.0568812 81.1214 0.0626403 -0.0554357 0.996495 15.702
-0.0942857 0.993651 0.0613776 -418.78 -0.993552 -0.097817 0.0573215 84.0398 0.0629614 -0.0555773 0.996467 15.6947
-0.0926496 0.99377 0.061944 -418.539 -0.994072 -0.0958735 0.0512696 86.9598 0.056889 -0.0568268 0.996762 15.7062
-0.0913576 0.993766 0.0638966 -418.302 -0.993963 -0.0949147 0.055043 89.9358 0.0607646 -0.0584822 0.996437 15.7244
-0.0908243 0.993922 0.0622066 -418.148 -0.994269 -0.0940387 0.0508535 91.9348 0.0563943 -0.0572314 0.996767 15.7241
-0.0908207 0.993922 0.0622199 -417.984 -0.994301 -0.0940036 0.0502917 93.9688 0.0558349 -0.0572978 0.996795 15.7318
-0.0908092 0.99404 0.0603196 -417.826 -0.994112 -0.0940786 0.0537714 96.027 0.0591257 -0.0550815 0.99673 15.7396
-0.0919674 0.993975 0.0596355 -417.667 -0.994179 -0.0950321 0.0507665 98.097 0.0561279 -0.0546195 0.996928 15.7469
-0.0940721 0.993775 0.0596863 -417.501 -0.99401 -0.0971064 0.0501501 100.199 0.0556338 -0.0546111 0.996957 15.7565
-0.0957866 0.993673 0.0586482 -417.325 -0.99376 -0.0988455 0.0516843 102.302 0.0571544 -0.0533316 0.99694 15.7698
-0.0987594 0.993392 0.0584796 -417.148 -0.99351 -0.101763 0.0508147 104.413 0.0564299 -0.0530817 0.996994 15.7792
-0.101255 0.99325 0.0565923 -416.957 -0.993105 -0.10429 0.0535403 106.594 0.0590809 -0.0507809 0.996961 15.7924
-0.103952 0.993038 0.0553965 -416.766 -0.99288 -0.10687 0.0526062 108.758 0.0581602 -0.0495336 0.997078 15.7986
-0.108142 0.992647 0.0543859 -416.557 -0.992507 -0.110933 0.0512254 110.938 0.0568819 -0.0484388 0.997205 15.8107
-0.112473 0.992156 0.0545482 -416.337 -0.991831 -0.115422 0.0543035 113.147 0.0601737 -0.0479949 0.997033 15.8195
-0.18084 0.981743 0.058969 -413.721 -0.983032 -0.178554 -0.042025 139.861 -0.0307286 -0.0655683 0.997375 15.8341
-0.19006 0.979916 0.060339 -413.264 -0.981518 -0.188251 -0.0344186 142.26 -0.0223684 -0.0657654 0.997584 16.0568
-0.201136 0.977802 0.0587152 -412.809 -0.979321 -0.199391 -0.0342626 144.659 -0.0217947 -0.0643924 0.997687 16.2668
-0.214333 0.975053 0.057734 -412.347 -0.97639 -0.212249 -0.0401549 147.072 -0.0268992 -0.0649774 0.997524 16.4843
-0.234779 0.970118 0.0612409 -411.552 -0.971791 -0.2328 -0.0377586 150.68 -0.0223734 -0.0683783 0.997409 16.8103
-0.251113 0.965801 0.0645757 -410.972 -0.967686 -0.248901 -0.0404119 153.091 -0.022957 -0.0726369 0.997094 17.0158
-0.265618 0.961545 0.0698388 -410.347 -0.963818 -0.263165 -0.042419 155.494 -0.0224086 -0.0785791 0.996656 17.2304
-0.279161 0.957689 0.0700037 -409.672 -0.960021 -0.276781 -0.0418504 157.911 -0.020704 -0.0788881 0.996668 17.4568
-0.292211 0.953907 0.068365 -408.988 -0.956097 -0.289729 -0.0439909 160.323 -0.0221559 -0.0782182 0.99669 17.6691
-0.30505 0.949748 0.07017 -408.255 -0.95217 -0.302792 -0.0410976 162.745 -0.0177854 -0.0793506 0.996688 17.8794
-0.316599 0.945561 0.0753603 -407.487 -0.948418 -0.31418 -0.0423571 165.168 -0.0163746 -0.0848833 0.996256 18.0765
-0.326968 0.94209 0.0745513 -406.688 -0.944831 -0.324238 -0.0465139 167.601 -0.0196479 -0.0856469 0.996132 18.2969
-0.336016 0.938995 0.073358 -405.877 -0.941684 -0.333446 -0.0452141 170.021 -0.0179949 -0.0842727 0.99628 18.5137
-0.3456 0.935626 0.0718648 -405.026 -0.938258 -0.343295 -0.0426715 172.438 -0.0152537 -0.082175 0.996501 18.7202
-0.354897 0.932154 0.0716663 -404.143 -0.934735 -0.352325 -0.0462373 174.86 -0.0178505 -0.0833985 0.996356 18.9293
-0.364434 0.928446 0.0719407 -403.241 -0.931076 -0.361885 -0.0462204 177.272 -0.0168789 -0.0838265 0.996337 19.141
-0.373491 0.92474 0.0732143 -402.312 -0.927495 -0.370904 -0.0467239 179.706 -0.016052 -0.0853569 0.996221 19.3543
-0.382428 0.920874 0.0757632 -401.361 -0.923907 -0.380042 -0.0443183 182.11 -0.0120184 -0.0869468 0.99614 19.5575
-0.390532 0.917013 0.0810722 -400.377 -0.920584 -0.388706 -0.0378525 184.54 -0.00319795 -0.0894164 0.995989 19.7428
-0.405103 0.910988 0.0774082 -398.864 -0.914192 -0.402496 -0.047445 188.129 -0.0120653 -0.089986 0.99587 20.0337
-0.414212 0.906679 0.0797629 -397.813 -0.910021 -0.410904 -0.0549502 190.521 -0.0170473 -0.095347 0.995298 20.2236
-0.42316 0.902287 0.0825513 -396.729 -0.90596 -0.420035 -0.0529834 192.918 -0.0131318 -0.0972086 0.995177 20.4585
-0.432077 0.898315 0.0796199 -395.628 -0.901801 -0.429591 -0.0469702 195.308 -0.00799008 -0.0920961 0.995718 20.6503
-0.441516 0.893539 0.0815552 -394.504 -0.897233 -0.439063 -0.0468629 197.71 -0.0060659 -0.0938647 0.995566 20.8425
-0.450662 0.888845 0.082819 -393.349 -0.89266 -0.447877 -0.0506453 200.081 -0.00792309 -0.0967531 0.995277 21.0357
-0.457432 0.884554 0.0912129 -392.162 -0.889239 -0.454654 -0.0504348 202.448 -0.00314193 -0.104181 0.994553 21.2132
-0.461024 0.882114 0.0965969 -390.965 -0.887379 -0.457796 -0.0546099 204.8 -0.00395054 -0.110895 0.993824 21.4059
-0.459257 0.883342 0.093754 -389.795 -0.888235 -0.455351 -0.0607751 207.116 -0.0109942 -0.111187 0.993739 21.615
-0.45768 0.884123 0.0940997 -388.597 -0.889096 -0.454372 -0.0552701 209.469 -0.00610938 -0.10896 0.994027 21.8101
-0.456081 0.885059 0.0930608 -387.425 -0.889905 -0.452663 -0.0562565 211.805 -0.00766518 -0.108473 0.99407 22.003
-0.455343 0.885777 0.0897856 -386.285 -0.890255 -0.45181 -0.0575622 214.108 -0.0104213 -0.106143 0.994296 22.2059
-0.455069 0.885945 0.0895174 -385.147 -0.890414 -0.451763 -0.0554363 216.404 -0.00867281 -0.104935 0.994441 22.3983
-0.454186 0.8865 0.0885005 -384.003 -0.890872 -0.451036 -0.0539848 218.704 -0.00794068 -0.103362 0.994612 22.5908
-0.45303 0.886998 0.0894352 -382.869 -0.89147 -0.449984 -0.0528632 220.97 -0.00664511 -0.103677 0.994589 22.7707
-0.452161 0.88739 0.08994 -381.737 -0.891908 -0.44904 -0.0535003 223.265 -0.00708896 -0.104409 0.994509 22.9619
-0.451545 0.887752 0.0894691 -380.605 -0.892209 -0.4483 -0.0546917 225.557 -0.00844368 -0.104521 0.994487 23.1579
-0.451076 0.888071 0.0886621 -379.485 -0.892437 -0.447783 -0.0551944 227.809 -0.00931517 -0.104022 0.994531 23.3451
-0.45208 0.887656 0.0877007 -378.379 -0.891913 -0.448669 -0.0564589 230.043 -0.0107675 -0.103745 0.994546 23.5422
-0.452472 0.887231 0.0899526 -377.272 -0.89171 -0.448876 -0.0579933 232.284 -0.0110759 -0.106452 0.994256 23.7279
-0.45323 0.886626 0.0920743 -376.163 -0.891364 -0.449945 -0.0549507 234.501 -0.00729229 -0.106977 0.994235 23.9089
-0.453316 0.885549 0.101527 -375.055 -0.891341 -0.449862 -0.055989 236.731 -0.00390799 -0.115876 0.993256 24.0715
-0.453821 0.885669 0.0981704 -373.941 -0.891039 -0.449812 -0.0609833 238.932 -0.00985278 -0.115149 0.993299 24.2752
-0.455742 0.885043 0.0948563 -372.84 -0.889995 -0.451356 -0.0647062 241.121 -0.0144538 -0.113911 0.993386 24.4658
-0.457737 0.88414 0.0936663 -371.751 -0.888989 -0.453574 -0.0629936 243.311 -0.0132105 -0.112103 0.993609 24.6545
-0.459374 0.883381 0.0928042 -370.643 -0.888141 -0.455229 -0.063018 245.487 -0.0134218 -0.111372 0.993688 24.8429
-0.462147 0.882113 0.0910877 -369.534 -0.886688 -0.457987 -0.0634963 247.668 -0.0142939 -0.110111 0.993817 25.0336
-0.465708 0.880345 0.0900514 -368.432 -0.884782 -0.461295 -0.0660943 249.832 -0.0166455 -0.110456 0.993742 25.2313
-0.46755 0.879239 0.0913022 -367.323 -0.883803 -0.462975 -0.0674297 251.981 -0.0170162 -0.11222 0.993538 25.4279
-0.470535 0.877922 0.0885948 -366.196 -0.882229 -0.466209 -0.0657362 254.121 -0.0164076 -0.109092 0.993896 25.6233
-0.472893 0.876418 0.0909006 -365.087 -0.881007 -0.46866 -0.0646825 256.263 -0.0140875 -0.110672 0.993757 25.8114
-0.475416 0.874933 0.0920495 -363.961 -0.879665 -0.471207 -0.0644443 258.381 -0.0130101 -0.111611 0.993667 25.9831
-0.479102 0.873129 0.0900338 -362.827 -0.877618 -0.474659 -0.066975 260.496 -0.0157425 -0.111103 0.993684 26.1763
-0.482269 0.871546 0.0884505 -361.695 -0.875828 -0.477563 -0.0697096 262.591 -0.0185145 -0.111086 0.993638 26.3685
-0.487603 0.868738 0.0868193 -360.562 -0.872928 -0.483345 -0.0661406 264.694 -0.0154953 -0.108037 0.994026 26.5715
-0.493342 0.866174 0.0797336 -359.415 -0.869648 -0.489252 -0.0659195 266.792 -0.0180879 -0.101861 0.994634 26.7624
-0.49886 0.863182 0.0778134 -358.252 -0.866526 -0.495052 -0.0636838 268.876 -0.0164491 -0.0991967 0.994932 26.9486
-0.503164 0.860853 0.0758826 -357.076 -0.864083 -0.49977 -0.0599217 270.938 -0.0136599 -0.0957193 0.995315 27.135
-0.508475 0.858053 0.0721025 -355.893 -0.860966 -0.505283 -0.058532 273.014 -0.0137914 -0.0918399 0.995678 27.3125
-0.514495 0.854703 0.0691168 -354.694 -0.85734 -0.511204 -0.0603305 275.09 -0.0162319 -0.0902963 0.995783 27.4952
-0.521026 0.850433 0.0727715 -353.456 -0.853451 -0.51784 -0.0588404 277.163 -0.0123558 -0.0927643 0.995611 27.6731
-0.527524 0.845819 0.0794257 -352.22 -0.849457 -0.523855 -0.0632332 279.2 -0.0118763 -0.100826 0.994833 27.8414
-0.534468 0.840718 0.0868165 -350.954 -0.845068 -0.529835 -0.0716552 281.216 -0.0142434 -0.111663 0.993644 28.0073
-0.54149 0.835805 0.0906558 -349.671 -0.840589 -0.536448 -0.0750603 283.223 -0.0141036 -0.116849 0.99305 28.2187
-0.548178 0.831225 0.0925515 -348.365 -0.836309 -0.54354 -0.0717719 285.25 -0.00935321 -0.116745 0.993118 28.3927
-0.555557 0.827641 0.0797922 -347.057 -0.831305 -0.550916 -0.073647 287.261 -0.0169945 -0.107247 0.994087 28.6011
-0.561974 0.823534 0.0773112 -345.748 -0.827067 -0.558091 -0.067042 289.282 -0.0120647 -0.101617 0.99475 28.7912
-0.567573 0.819246 0.0818406 -344.416 -0.823319 -0.564423 -0.0597755 291.28 -0.00277812 -0.101308 0.994851 28.9067
-0.574749 0.81408 0.0832873 -343.041 -0.818099 -0.569188 -0.0820869 293.236 -0.0194192 -0.115317 0.993139 29.0802
-0.580761 0.809997 0.0813728 -341.683 -0.813718 -0.574645 -0.0874389 295.168 -0.0240647 -0.116996 0.992841 29.3002
-0.585568 0.806045 0.0860273 -340.287 -0.810569 -0.580992 -0.0736628 297.138 -0.00939438 -0.112866 0.993566 29.4815
-0.591214 0.802711 0.0782408 -338.911 -0.806424 -0.586909 -0.0722279 299.094 -0.0120579 -0.105797 0.994315 29.6426
-0.594385 0.799787 0.083952 -337.489 -0.804109 -0.589686 -0.0753646 301.056 -0.0107703 -0.112302 0.993616 29.802
-0.595811 0.79812 0.0895137 -336.066 -0.803089 -0.591018 -0.0758089 302.979 -0.00760045 -0.117055 0.993096 29.9719
-0.598771 0.796735 0.081769 -334.654 -0.800742 -0.593361 -0.0820644 304.897 -0.0168651 -0.114614 0.993267 30.1584
-0.601612 0.795372 0.0737979 -333.249 -0.798517 -0.596427 -0.0815262 306.824 -0.0208286 -0.107976 0.993935 30.3538
-0.60343 0.793418 0.0797537 -331.818 -0.79731 -0.598698 -0.0765291 308.759 -0.0129712 -0.109768 0.993873 30.5253
-0.605177 0.792031 0.0802972 -330.364 -0.796035 -0.600848 -0.0728749 310.7 -0.00947277 -0.108022 0.994103 30.7005
-0.607829 0.789892 0.0813352 -328.938 -0.794018 -0.60344 -0.0734604 312.617 -0.00894483 -0.109233 0.993976 30.8639
-0.609642 0.788274 0.0834352 -327.505 -0.792666 -0.605699 -0.0693402 314.526 -0.00412242 -0.108409 0.994098 31.0266
-0.612732 0.786435 0.0779788 -326.053 -0.790233 -0.608499 -0.0725279 316.446 -0.00958837 -0.106062 0.994313 31.1891
-0.615465 0.784203 0.0789275 -324.6 -0.788102 -0.61106 -0.074171 318.339 -0.00993568 -0.107853 0.994117 31.3485
-0.617813 0.782356 0.0789057 -323.134 -0.786223 -0.612998 -0.078023 320.242 -0.0126727 -0.110241 0.993824 31.515
-0.619019 0.781076 0.0820767 -321.644 -0.785247 -0.613632 -0.082722 322.16 -0.0142473 -0.115657 0.993187 31.6902
-0.616536 0.782634 0.0858377 -320.16 -0.787253 -0.611305 -0.0808661 324.05 -0.0108155 -0.117433 0.993022 31.875
-0.613763 0.785079 0.0833397 -318.701 -0.789395 -0.608619 -0.0802375 325.954 -0.0122706 -0.115035 0.993286 32.0482
-0.611061 0.787333 0.081921 -317.252 -0.791468 -0.605917 -0.0802741 327.883 -0.0135652 -0.11389 0.993401 32.2183
-0.606091 0.79093 0.0841662 -315.792 -0.795308 -0.601049 -0.078901 329.823 -0.0118171 -0.114759 0.993323 32.3887
-0.601228 0.794869 0.0819058 -314.349 -0.798971 -0.59631 -0.0778435 331.764 -0.0130341 -0.112242 0.993595 32.5666
-0.594464 0.800086 0.080468 -312.907 -0.803959 -0.589342 -0.0795335 333.758 -0.0162105 -0.111973 0.993579 32.7425
-0.586588 0.805876 0.080488 -311.488 -0.809686 -0.581334 -0.0803753 335.758 -0.0179821 -0.112317 0.99351 32.9366
-0.577877 0.812378 0.0781039 -310.08 -0.815758 -0.572101 -0.085083 337.768 -0.0244362 -0.112881 0.993308 33.1334
-0.569406 0.818132 0.080225 -308.688 -0.821783 -0.563982 -0.0812281 339.821 -0.0212099 -0.112179 0.993462 33.3384
-0.56043 0.824239 0.080925 -307.318 -0.827918 -0.554998 -0.0807998 341.887 -0.0216851 -0.112282 0.99344 33.5475
-0.551225 0.830475 0.0803897 -305.961 -0.833997 -0.545597 -0.0822946 343.975 -0.0244832 -0.112408 0.993361 33.7518
-0.543068 0.836006 0.0785543 -304.615 -0.839344 -0.537786 -0.0792969 346.088 -0.0240473 -0.108998 0.993751 33.965
-0.535521 0.8413 0.0737014 -303.306 -0.844024 -0.530169 -0.0808972 348.226 -0.0289846 -0.105528 0.993994 34.1882
-0.527929 0.846163 0.0727962 -302.006 -0.848791 -0.522742 -0.079343 350.368 -0.0290835 -0.103676 0.994186 34.4069
-0.51892 0.85152 0.0750705 -300.731 -0.854299 -0.513524 -0.0804127 352.552 -0.0299225 -0.10586 0.993931 34.6357
-0.509639 0.856396 0.0827876 -299.454 -0.860049 -0.50437 -0.0769838 354.746 -0.0241731 -0.110435 0.993589 34.8592
-0.503724 0.861214 0.067623 -298.212 -0.862762 -0.497585 -0.089722 356.95 -0.0436216 -0.103538 0.993668 35.1012
-0.497507 0.864758 0.0684089 -296.998 -0.866656 -0.492102 -0.0821157 359.176 -0.037346 -0.10014 0.994272 35.347
-0.490421 0.868522 0.0718057 -295.765 -0.870958 -0.48559 -0.0750647 361.418 -0.0303272 -0.099353 0.99459 35.5835
-0.484768 0.871854 0.069785 -294.559 -0.873894 -0.479507 -0.0798957 363.684 -0.036195 -0.0997156 0.994357 35.8262
-0.480466 0.874509 0.0662279 -293.357 -0.87627 -0.475579 -0.0773081 365.945 -0.0361101 -0.0951774 0.994805 36.0741
-0.4813 0.874245 0.0636154 -292.172 -0.875862 -0.476761 -0.0745989 368.241 -0.0348884 -0.0916227 0.995182 36.3173
-0.482918 0.873732 0.0581591 -290.964 -0.874762 -0.478337 -0.0773674 370.52 -0.0397788 -0.0882375 0.995305 36.5774
-0.484288 0.872973 0.0581618 -289.739 -0.873924 -0.47952 -0.0794813 372.83 -0.0414954 -0.0893208 0.995138 36.8286
-0.485235 0.872417 0.0586171 -288.533 -0.8735 -0.480642 -0.0773321 375.125 -0.039292 -0.0887263 0.995281 37.0907
-0.486963 0.871315 0.0606417 -287.314 -0.87247 -0.482016 -0.080351 377.426 -0.0407808 -0.092036 0.99492 37.3316
-0.482936 0.873641 0.0593549 -286.086 -0.874558 -0.47783 -0.0826214 379.734 -0.0438199 -0.0918102 0.994812 37.6187
-0.479118 0.875969 0.0558929 -284.875 -0.876522 -0.47411 -0.0832345 382.044 -0.0464114 -0.0888706 0.994961 37.8931
-0.474355 0.878209 0.0611335 -283.667 -0.879544 -0.469843 -0.0751699 384.398 -0.0372917 -0.0894268 0.995295 38.149
-0.470568 0.879962 0.0650578 -282.462 -0.881507 -0.465583 -0.0786003 386.735 -0.0388755 -0.0943357 0.994781 38.403
-0.4675 0.881474 0.066685 -281.269 -0.882973 -0.462007 -0.0831162 389.079 -0.0424558 -0.0977379 0.994306 38.6628
-0.465859 0.882 0.0710678 -280.067 -0.883977 -0.460307 -0.0818672 391.446 -0.0394939 -0.100961 0.994106 38.9325
-0.463171 0.883376 0.0715505 -278.875 -0.885255 -0.457271 -0.0850098 393.797 -0.0423777 -0.102714 0.993808 39.2019
-0.462106 0.884085 0.0696572 -277.677 -0.885806 -0.456384 -0.084035 396.184 -0.0425037 -0.100536 0.994025 39.4781
-0.461048 0.884696 0.0688987 -276.504 -0.88644 -0.455608 -0.0815217 398.579 -0.0407312 -0.09866 0.994287 39.7549
-0.459441 0.885802 0.0653287 -275.339 -0.88713 -0.454018 -0.0828671 400.948 -0.0437435 -0.0960276 0.994417 40.0282
-0.458391 0.886725 0.0599677 -274.147 -0.8877 -0.453527 -0.0793879 403.388 -0.0431983 -0.089624 0.995038 40.3239
-0.456394 0.887963 0.056796 -272.982 -0.888765 -0.4519 -0.0766955 405.798 -0.0424367 -0.0854817 0.995436 40.599
-0.455276 0.888521 0.0570377 -271.834 -0.88955 -0.451217 -0.0714485 408.179 -0.0377471 -0.0832666 0.995812 40.879
-0.455844 0.888496 0.0527345 -270.664 -0.889125 -0.451849 -0.0727307 410.552 -0.0407929 -0.0800413 0.995956 41.1562
-0.455985 0.888489 0.0516298 -269.506 -0.888819 -0.451647 -0.077565 412.925 -0.0455972 -0.081258 0.99565 41.4296
-0.456517 0.888405 0.0482657 -268.364 -0.888272 -0.452016 -0.0815789 415.268 -0.0506582 -0.0801151 0.995498 41.7257
-0.456389 0.8887 0.0438417 -267.233 -0.888105 -0.451954 -0.0837099 417.596 -0.0545785 -0.0771403 0.995525 42.0277
-0.454452 0.88973 0.043066 -266.105 -0.88935 -0.450466 -0.0783419 419.942 -0.0503034 -0.0739034 0.995996 42.3208
-0.451633 0.891089 0.0445934 -264.991 -0.890983 -0.447838 -0.0747668 422.272 -0.0466532 -0.0734991 0.996203 42.6028
-0.452132 0.890932 0.042612 -263.869 -0.890745 -0.448521 -0.0735028 424.607 -0.0463737 -0.0711894 0.996384 42.886
-0.453395 0.890265 0.0431437 -262.742 -0.890088 -0.449709 -0.0741903 426.945 -0.0466469 -0.0720392 0.99631 43.1606
-0.453794 0.890015 0.0440958 -261.611 -0.88981 -0.44991 -0.0762881 429.25 -0.0480584 -0.073856 0.99611 43.4397
