0.999999 -0.000565084 0.000910278 -0.0267719 0.000565474 1 -0.000429197 -0.0117775 -0.000910035 0.000429712 0.999999 -0.0123398
0.997437 0.0176642 -0.069332 -0.0261395 -0.0193393 0.999535 -0.0235633 -0.00104078 0.0688836 0.0248438 0.997315 -0.0102116
0.976379 -0.00556319 -0.215993 -0.005798 -0.00273911 0.999269 -0.0381195 -0.0079471 0.216047 0.0378107 0.975651 0.0560304
0.944099 0.044955 -0.326581 -0.00730551 -0.0705266 0.995265 -0.0668808 -0.0173459 0.322028 0.0861748 0.9428 0.119341
0.94064 0.166322 -0.295862 -0.010853 -0.195038 0.978285 -0.070134 -0.062063 0.277773 0.123675 0.952653 0.141801
0.952529 0.232636 -0.196389 -0.0257873 -0.253599 0.963203 -0.0890321 -0.0722651 0.16845 0.13461 0.976476 0.131725
0.981974 0.103907 -0.157893 -0.0203368 -0.120498 0.987725 -0.0993964 -0.0549098 0.145627 0.11663 0.982441 0.138142
0.98158 -0.106337 -0.158723 -0.00048187 0.0941141 0.992124 -0.0826557 -0.015315 0.166262 0.0661951 0.983857 0.146877
0.916571 -0.37669 -0.134171 0.001118 0.367305 0.925748 -0.0898766 0.01463 0.158064 0.0330964 0.986874 0.163513
0.860395 -0.466718 -0.204685 0.000172596 0.455255 0.884394 -0.102905 0.0333211 0.22905 -0.0046448 0.973404 0.18365
0.811684 -0.493696 -0.312143 0.00593565 0.496855 0.864552 -0.0754012 0.0262383 0.307089 -0.0938878 0.947038 0.200453
0.817033 -0.330148 -0.472715 -0.00758789 0.361819 0.9319 -0.0254836 -0.00521307 0.448937 -0.150216 0.880847 0.244111
0.872237 -0.174615 -0.45685 -0.0181473 0.201811 0.979363 0.0109788 -0.0294088 0.445505 -0.101773 0.889476 0.242731
0.908504 -0.00412347 -0.417855 -0.0283365 0.0154868 0.999597 0.0238074 -0.0553086 0.417588 -0.0281004 0.908202 0.230099
0.938161 0.0857406 -0.335414 -0.038013 -0.0961284 0.995264 -0.0144579 -0.0675141 0.332585 0.0458066 0.94196 0.21806
0.984149 0.0233711 -0.175798 -0.0422744 -0.0418286 0.993901 -0.102032 -0.0480672 0.172341 0.107768 0.979124 0.185065
0.991702 -0.0648933 -0.110978 -0.0328859 0.0503078 0.9903 -0.129517 -0.0206178 0.118306 0.122859 0.985347 0.167597
0.950673 -0.3088 -0.0293942 -0.0269292 0.303248 0.94514 -0.121449 0.0349968 0.0652853 0.106545 0.992162 0.166583
0.891133 -0.453687 -0.00712886 -0.0241868 0.450562 0.886634 -0.10428 0.0623761 0.0536313 0.0897155 0.994522 0.167163
0.7909 -0.61187 -0.00964037 -0.0256732 0.607802 0.787277 -0.103785 0.0738663 0.0710925 0.0762239 0.994553 0.164369
0.653116 -0.753874 -0.071506 -0.0301203 0.733849 0.653396 -0.185847 0.100093 0.186827 0.0689053 0.979973 0.177505
0.510352 -0.83827 -0.19195 -0.0295425 0.791854 0.545135 -0.27531 0.122376 0.335423 -0.0114908 0.941998 0.193737
0.445202 -0.836031 -0.320699 -0.0320368 0.79092 0.535068 -0.296895 0.119423 0.419809 -0.121469 0.899447 0.22949
0.500643 -0.751709 -0.429291 -0.0448171 0.71285 0.639358 -0.288214 0.107542 0.491123 -0.161728 0.855945 0.262111
0.626819 -0.612791 -0.481233 -0.0493086 0.553539 0.784891 -0.278463 0.0710409 0.548355 -0.0918354 0.831188 0.263182
0.745144 -0.442449 -0.498998 -0.0442681 0.365035 0.896784 -0.250056 0.0301374 0.55813 0.00417601 0.829743 0.256154
0.829072 -0.288838 -0.478761 -0.0402713 0.212635 0.95478 -0.207801 -0.000862557 0.517133 0.0704804 0.852998 0.23673
0.890941 -0.185576 -0.41447 -0.0429687 0.123265 0.977251 -0.172587 -0.00787854 0.43707 0.102675 0.893548 0.219488
0.953148 -0.197803 -0.228874 -0.0505298 0.167626 0.975173 -0.144707 0.00621949 0.251815 0.0995617 0.96264 0.165222
0.947719 -0.287022 -0.13945 -0.0553451 0.269849 0.954106 -0.129859 0.0320963 0.170323 0.0854392 0.981677 0.143779
0.906361 -0.416594 -0.0704184 -0.0586091 0.40769 0.906097 -0.11304 0.0675791 0.110898 0.073746 0.991092 0.13069
0.837943 -0.544269 -0.0402977 -0.0503786 0.538965 0.836867 -0.0957618 0.0947935 0.0858439 0.0585239 0.994588 0.110755
0.747773 -0.66325 -0.0305942 -0.0503546 0.660521 0.747795 -0.0671811 0.128438 0.067436 0.0300281 0.997272 0.101714
0.539928 -0.834683 -0.108545 -0.0580593 0.822102 0.55062 -0.144796 0.169886 0.180626 -0.0110558 0.98349 0.136232
0.486122 -0.851134 -0.198132 -0.0688401 0.824056 0.521932 -0.220271 0.170369 0.290891 -0.0561929 0.955105 0.175354
0.532038 -0.795144 -0.291001 -0.0711583 0.763561 0.599092 -0.240965 0.152107 0.365938 -0.0939943 0.92588 0.205007
0.611336 -0.698878 -0.371264 -0.0744093 0.674574 0.705505 -0.217286 0.122656 0.413785 -0.11761 0.902746 0.226544
0.694183 -0.574163 -0.434105 -0.0703951 0.569272 0.80701 -0.15705 0.0906527 0.4405 -0.138103 0.887067 0.238514
0.768106 -0.429896 -0.474555 -0.0690332 0.440375 0.892679 -0.0958873 0.0555611 0.464847 -0.135331 0.874987 0.252167
0.82623 -0.269374 -0.494755 -0.0755392 0.295723 0.954918 -0.0260651 0.0159692 0.479472 -0.124774 0.868642 0.255631
0.87474 -0.100595 -0.474037 -0.0984767 0.140698 0.988799 0.0497972 -0.00956527 0.463718 -0.110256 0.879096 0.261218
0.884396 0.0743352 -0.46078 -0.122578 -0.0253562 0.99343 0.111597 -0.0427916 0.466049 -0.0870125 0.88047 0.267171
0.871297 0.219698 -0.438833 -0.150804 -0.174174 0.974421 0.142014 -0.0674577 0.458808 -0.0473031 0.887276 0.277948
0.836688 0.36356 -0.409606 -0.17913 -0.327529 0.931568 0.157813 -0.105251 0.43895 0.00211722 0.898509 0.277617
0.788132 0.484828 -0.379197 -0.221245 -0.452038 0.874056 0.178011 -0.137041 0.417744 0.0311148 0.908032 0.288984
0.675898 0.6713 -0.304168 -0.283247 -0.638446 0.739499 0.213372 -0.167909 0.368168 0.0499773 0.928415 0.277058
0.566736 0.788787 -0.237962 -0.281746 -0.753197 0.613081 0.238383 -0.136407 0.333924 0.0441324 0.941566 0.260987
0.43 0.884338 -0.181784 -0.301861 -0.855129 0.463522 0.232167 -0.14323 0.289575 0.0556173 0.955538 0.252986
0.256409 0.960451 -0.108575 -0.314939 -0.934107 0.275097 0.227521 -0.109807 0.248392 0.0430825 0.967701 0.246561
0.161591 0.985807 -0.0455381 -0.328577 -0.964575 0.167524 0.203793 -0.0938546 0.208529 0.0109939 0.977954 0.249093
-0.0390677 0.999235 -0.00154296 -0.368552 -0.987326 -0.0383643 0.154001 -0.0547788 0.153824 0.00753989 0.988069 0.265796
-0.225918 0.974037 -0.0145862 -0.37976 -0.965354 -0.221847 0.13739 -0.046509 0.130587 0.0451197 0.99041 0.259779
-0.368274 0.929716 -0.00168671 -0.423454 -0.918409 -0.363512 0.156157 -0.0140342 0.144569 0.0590577 0.987731 0.264455
-0.49079 0.870555 0.035501 -0.396437 -0.855745 -0.489299 0.168184 0.0138218 0.163784 0.0521633 0.985116 0.282564
-0.615998 0.7857 0.0567737 -0.363226 -0.771716 -0.616358 0.156706 0.029866 0.158117 0.0527171 0.986012 0.289685
-0.710782 0.697361 0.0920717 -0.339642 -0.686909 -0.716321 0.122637 0.0528351 0.151475 0.0239229 0.988172 0.298086
-0.781877 0.602397 0.160581 -0.277327 -0.590099 -0.798197 0.1211 0.0353377 0.201125 -7.31131e-05 0.979566 0.296446
-0.793469 0.549243 0.262183 -0.252075 -0.515579 -0.835518 0.189968 0.0523916 0.323397 0.0155581 0.946135 0.312509
-0.739936 0.554694 0.380538 -0.240742 -0.491786 -0.83205 0.256592 0.0635328 0.458957 0.00271785 0.888454 0.317715
-0.632817 0.610899 0.475757 -0.237838 -0.511529 -0.791097 0.335416 0.0424044 0.581275 -0.0311066 0.813112 0.315836
-0.481776 0.672545 0.561761 -0.224923 -0.550789 -0.731012 0.402807 0.0185562 0.681559 -0.115349 0.722614 0.322156
-0.35743 0.740594 0.569004 -0.239181 -0.543159 -0.660458 0.518433 0.0136938 0.759751 -0.123757 0.638328 0.320729
-0.21497 0.810261 0.545221 -0.254524 -0.532179 -0.565292 0.630262 -0.000135352 0.818886 -0.154668 0.552724 0.330607
-0.110721 0.850491 0.514204 -0.251716 -0.521646 -0.490119 0.698333 -0.0145019 0.845947 -0.190912 0.497922 0.336849
0.0120302 0.869098 0.494494 -0.264079 -0.517285 -0.417805 0.746897 -0.0298431 0.855729 -0.26478 0.444545 0.331843
0.147548 0.870508 0.469517 -0.282898 -0.513921 -0.338119 0.788391 -0.0418854 0.845053 -0.35762 0.397484 0.335953
0.298772 0.860412 0.412827 -0.281999 -0.482256 -0.237164 0.843316 -0.0502158 0.823508 -0.451047 0.344081 0.352252
0.424409 0.849996 0.312064 -0.271406 -0.438327 -0.108705 0.892218 -0.0768745 0.792305 -0.515451 0.326441 0.36233
0.561583 0.805509 0.189156 -0.250381 -0.357107 0.0297333 0.93359 -0.0802331 0.746391 -0.591837 0.30435 0.37516
0.68928 0.723234 0.0427276 -0.216032 -0.245059 0.177243 0.953169 -0.090839 0.681791 -0.667471 0.299405 0.38531
0.790044 0.605783 -0.094114 -0.171318 -0.118171 0.301122 0.946235 -0.0856441 0.601553 -0.736446 0.309486 0.388936
0.859509 0.468342 -0.204694 -0.121335 0.00553194 0.391933 0.919977 -0.0598295 0.51109 -0.791861 0.334279 0.38013
0.89978 0.316876 -0.299976 -0.0734481 0.140132 0.441212 0.886394 -0.031195 0.41323 -0.839596 0.35259 0.362408
0.915615 0.153649 -0.371539 -0.0451747 0.25575 0.490455 0.833094 -0.0125211 0.310227 -0.857815 0.409772 0.348282
0.903821 -0.0224265 -0.427322 -0.0289454 0.36833 0.549075 0.750233 0.00372702 0.217807 -0.835472 0.504526 0.329631
0.874958 -0.16151 -0.456468 -0.0198901 0.454365 0.599668 0.658749 0.0163193 0.167335 -0.783781 0.598068 0.306792
0.85017 -0.279739 -0.446047 -0.00622365 0.511354 0.640501 0.572954 0.021659 0.125416 -0.715196 0.68758 0.280957
0.788172 -0.492489 -0.369107 -0.0252691 0.615412 0.637718 0.463231 0.0481356 0.00724959 -0.592259 0.805715 0.254966
0.730535 -0.606853 -0.313128 -0.0356396 0.681246 0.615994 0.395544 0.0631271 -0.0471524 -0.502276 0.863421 0.257074
0.640197 -0.713586 -0.284504 -0.045118 0.762949 0.547333 0.343998 0.0809439 -0.0897535 -0.437289 0.894831 0.251259
0.528417 -0.800109 -0.283904 -0.0378259 0.845356 0.46498 0.262998 0.0851855 -0.078417 -0.378972 0.92208 0.251889
0.427031 -0.863248 -0.26916 -0.0419757 0.901258 0.38219 0.204117 0.106349 -0.0733332 -0.329747 0.941217 0.253542
0.349838 -0.875707 -0.332793 -0.045065 0.932345 0.360104 0.0325254 0.115815 0.0913572 -0.321657 0.942439 0.26212
0.288833 -0.84816 -0.444072 -0.0649342 0.908736 0.388852 -0.151633 0.137494 0.301288 -0.359747 0.883067 0.301795
0.298648 -0.787197 -0.539564 -0.0758791 0.835561 0.48885 -0.250726 0.146077 0.461137 -0.37596 0.803746 0.305408
0.36669 -0.698485 -0.614539 -0.088003 0.719455 0.631696 -0.288694 0.138138 0.58985 -0.336272 0.734165 0.310178
0.48104 -0.564218 -0.671013 -0.0974685 0.580824 0.778416 -0.238143 0.111588 0.656692 -0.275184 0.70216 0.312019
0.585179 -0.371167 -0.720972 -0.0898166 0.430781 0.895555 -0.111399 0.072021 0.687017 -0.245392 0.683952 0.311535
0.653337 -0.155518 -0.740921 -0.0803948 0.279928 0.958939 0.0455584 0.0277532 0.703414 -0.237169 0.670045 0.304061
0.692528 0.0318083 -0.720689 -0.0778124 0.145537 0.972325 0.182765 -0.00900036 0.706558 -0.231457 0.668733 0.297671
0.73097 0.178431 -0.658669 -0.0852188 0.0224521 0.9584 0.284544 -0.0360551 0.68204 -0.222781 0.696556 0.296911
0.748152 0.305002 -0.589272 -0.104506 -0.0924855 0.927356 0.36257 -0.061376 0.65705 -0.216758 0.722012 0.299513
0.70375 0.460588 -0.54092 -0.15669 -0.209199 0.861969 0.461785 -0.0814005 0.678949 -0.211821 0.702965 0.31415
0.663718 0.602331 -0.443481 -0.197924 -0.364732 0.778258 0.51116 -0.0926484 0.65303 -0.177514 0.736234 0.31334
0.661809 0.657507 -0.360129 -0.20221 -0.451308 0.733013 0.508934 -0.0844055 0.598607 -0.174288 0.781853 0.310081
0.733817 0.644367 -0.215184 -0.19943 -0.51891 0.736088 0.434633 -0.0663138 0.438458 -0.20728 0.874522 0.300282
0.756357 0.652977 -0.0392935 -0.200691 -0.604068 0.720233 0.341125 -0.0575331 0.251048 -0.234277 0.939196 0.281304
0.760707 0.642042 0.0954275 -0.199279 -0.631822 0.698727 0.335533 -0.0312276 0.148748 -0.315535 0.937183 0.273163
0.87324 0.468267 0.134824 -0.168514 -0.480973 0.783867 0.392706 -0.000539981 0.0782069 -0.407773 0.909728 0.271053
0.874626 0.46946 0.12098 -0.162306 -0.471571 0.765957 0.436956 0.0121524 0.112468 -0.439224 0.89131 0.274615
0.788119 0.5979 0.146233 -0.169563 -0.595969 0.681828 0.424183 -0.0119477 0.153914 -0.421457 0.893691 0.271484
0.687724 0.710407 0.149524 -0.183379 -0.69996 0.594224 0.396174 -0.0270893 0.192594 -0.377119 0.905919 0.271722
0.569091 0.808672 0.14895 -0.214132 -0.791028 0.488946 0.367705 -0.0453437 0.224524 -0.327081 0.917936 0.283662
0.337356 0.928678 0.154103 -0.270725 -0.909296 0.279091 0.308689 -0.0516131 0.243664 -0.244264 0.938596 0.296403
0.11143 0.982511 0.149179 -0.314288 -0.963211 0.0698383 0.259513 -0.033238 0.244556 -0.172609 0.954148 0.288304
-0.132241 0.979705 0.150631 -0.329596 -0.956537 -0.165979 0.239768 -0.00202451 0.259904 -0.112377 0.959073 0.277534
-0.406151 0.901024 0.152302 -0.287846 -0.877608 -0.431052 0.209757 0.00963873 0.254646 -0.0484685 0.965819 0.272441
-0.621351 0.764817 0.170228 -0.240657 -0.745096 -0.643968 0.173598 0.0170645 0.242392 -0.0189708 0.969993 0.276225
-0.773211 0.577765 0.261404 -0.193691 -0.568636 -0.814154 0.117497 0.0258141 0.280709 -0.0577936 0.958051 0.287292
-0.830211 0.468605 0.301927 -0.176755 -0.466504 -0.880533 0.0838787 0.03423 0.305163 -0.0712132 0.949634 0.292776
-0.871899 0.34602 0.346501 -0.16612 -0.350718 -0.935077 0.0512683 0.0429627 0.341744 -0.0768232 0.936648 0.289327
-0.915788 0.118827 0.383682 -0.149597 -0.131537 -0.991287 -0.00695535 0.057144 0.379512 -0.0568381 0.923439 0.289601
-0.920502 -0.0727967 0.383896 -0.142297 0.0559326 -0.996922 -0.054928 0.0619047 0.386713 -0.0290891 0.921741 0.276448
-0.898459 -0.25378 0.358285 -0.136652 0.238635 -0.967232 -0.0866933 0.0632221 0.368545 0.00760873 0.929579 0.296867
-0.844678 -0.432359 0.31557 -0.155451 0.42081 -0.900732 -0.107713 0.0301914 0.330814 0.0418123 0.942769 0.294814
-0.754382 -0.559641 0.343088 -0.166699 0.54472 -0.825352 -0.148573 -0.0113286 0.366316 0.0748061 0.927478 0.302178
-0.641635 -0.691688 0.331471 -0.171621 0.671756 -0.715349 -0.192403 -0.0997673 0.3702 0.0992151 0.923639 0.29629
-0.515056 -0.793632 0.323829 -0.137449 0.788937 -0.58663 -0.182879 -0.0666295 0.335106 0.161288 0.928273 0.294626
-0.445937 -0.867709 0.219596 -0.085219 0.876974 -0.472647 -0.0867279 0.0346301 0.179046 0.153904 0.971728 0.29867
-0.395633 -0.90615 0.149555 -0.0563495 0.918153 -0.394083 0.0411448 0.117774 0.021654 0.153593 0.987897 0.253868
-0.246678 -0.963295 0.105889 -0.0210747 0.961055 -0.229119 0.154524 0.145732 -0.124591 0.139883 0.982298 0.238829
-0.267725 -0.950386 0.1584 0.0448134 0.960823 -0.275586 -0.0295245 0.16578 0.0717124 0.14429 0.986934 0.223002
-0.315195 -0.925275 0.210995 0.0477373 0.929905 -0.345519 -0.126064 0.17916 0.189547 0.15647 0.969324 0.223717
-0.35129 -0.897016 0.268251 0.0392802 0.880716 -0.413815 -0.230426 0.175564 0.317702 0.155306 0.935385 0.235835
-0.427801 -0.842493 0.327402 0.0200939 0.802515 -0.520696 -0.291282 0.167011 0.41588 0.138135 0.898867 0.250549
-0.537616 -0.754258 0.376915 -0.0018968 0.704607 -0.647402 -0.290516 0.162381 0.463139 0.10939 0.879509 0.258363
-0.592018 -0.758282 0.27299 -0.0110283 0.744472 -0.64428 -0.175116 0.16203 0.308669 0.0995613 0.945945 0.255878
-0.565463 -0.798622 0.206045 -0.0214168 0.805539 -0.588402 -0.0699274 0.160071 0.177083 0.126436 0.976041 0.239976
-0.5392 -0.8346 0.112719 -0.0242669 0.841819 -0.538024 0.0432445 0.150916 0.0245537 0.118207 0.992685 0.223812
-0.577413 -0.81101 0.0941119 -0.0255587 0.816435 -0.574289 0.0602091 0.118051 0.00521727 0.111602 0.993739 0.252227
-0.661099 -0.735284 0.149352 -0.0286656 0.742984 -0.669281 -0.00619934 0.116388 0.104517 0.106868 0.988765 0.250646
-0.732732 -0.648336 0.206795 -0.0479273 0.656238 -0.753622 -0.0374946 0.100145 0.180154 0.108233 0.977666 0.24834
-0.789921 -0.554035 0.262813 -0.0653098 0.556157 -0.827819 -0.0735138 0.083701 0.258291 0.0880956 0.962042 0.249551
-0.837403 -0.435714 0.330015 -0.0980113 0.43 -0.897885 -0.0943538 0.0601992 0.337427 0.0628942 0.939248 0.254851
-0.866245 -0.269396 0.420768 -0.113943 0.260922 -0.962135 -0.0788392 0.0562293 0.426075 0.0414937 0.903736 0.275334
-0.875494 -0.0628811 0.479121 -0.142733 0.0322086 -0.996886 -0.0719794 0.0516507 0.482155 -0.0475857 0.874793 0.276959
-0.824221 0.159554 0.543326 -0.178761 -0.172317 -0.984651 0.0277494 0.0507573 0.539413 -0.0707528 0.839063 0.277613
-0.745856 0.341512 0.571899 -0.188432 -0.357812 -0.929594 0.0884615 0.0592631 0.561844 -0.138653 0.81554 0.280727
-0.662023 0.489135 0.567867 -0.196238 -0.504998 -0.850979 0.144264 0.0549226 0.553807 -0.191266 0.81038 0.29321
-0.549178 0.619144 0.561306 -0.192519 -0.650228 -0.738494 0.17841 0.046904 0.524983 -0.266998 0.808149 0.300317
-0.417879 0.746793 0.517376 -0.184275 -0.783553 -0.584479 0.210783 0.027145 0.459806 -0.31731 0.829393 0.301156
-0.215155 0.857714 0.466942 -0.172582 -0.910653 -0.34891 0.221297 0.00172836 0.35273 -0.377609 0.85615 0.289235
-0.0203502 0.887213 0.460912 -0.181111 -0.954259 -0.154777 0.2558 -0.0035641 0.298287 -0.434624 0.849781 0.28227
0.203842 0.883569 0.42161 -0.214843 -0.944202 0.0636278 0.323162 0.00715049 0.25871 -0.463959 0.847238 0.286975
0.368365 0.853067 0.369573 -0.214587 -0.904896 0.237818 0.352995 -0.00782034 0.213237 -0.464456 0.859541 0.278582
0.488387 0.824525 0.285719 -0.21829 -0.84998 0.37538 0.369625 -0.0315983 0.197512 -0.423376 0.884162 0.275865
0.588884 0.786277 0.187042 -0.220476 -0.785855 0.502982 0.359779 -0.0499123 0.188807 -0.358856 0.914098 0.283395
0.665351 0.737257 0.117302 -0.225309 -0.725923 0.602283 0.3321 -0.0730181 0.174194 -0.306116 0.935922 0.288907
0.777232 0.627909 0.0404952 -0.210238 -0.609382 0.735144 0.297014 -0.0843712 0.156728 -0.255526 0.954014 0.289328
0.866137 0.499221 -0.024182 -0.190408 -0.481701 0.846689 0.226014 -0.0866807 0.133306 -0.184111 0.973824 0.283028
0.929855 0.360652 -0.0728011 -0.172696 -0.349271 0.927462 0.133508 -0.0855347 0.11567 -0.098716 0.98837 0.269186
0.96862 0.224978 -0.105646 -0.162707 -0.217111 0.972781 0.0809895 -0.0755595 0.120991 -0.0555111 0.9911 0.258287
0.989278 0.0779876 -0.123479 -0.155035 -0.0726453 0.99624 0.0471988 -0.0565497 0.126695 -0.0377226 0.991224 0.261921
0.984702 -0.140961 -0.102428 -0.138378 0.144344 0.989176 0.0263666 -0.0054754 0.0976028 -0.0407481 0.994391 0.252992
0.946808 -0.319103 -0.0415648 -0.141575 0.31948 0.94759 0.0025901 0.0123877 0.0385598 -0.0157314 0.999132 0.243269
0.875957 -0.482353 0.00594962 -0.162116 0.482276 0.875416 -0.0324988 0.0489797 0.0104675 0.0313369 0.999454 0.236807
0.765552 -0.636985 -0.0904492 -0.17961 0.624401 0.769486 -0.134215 0.0665402 0.155093 0.0462723 0.986816 0.238382
0.776523 -0.568844 -0.270979 -0.184599 0.528738 0.822192 -0.210797 0.0633446 0.342708 0.0204118 0.93922 0.247798
0.808481 -0.409237 -0.422946 -0.182102 0.363066 0.912428 -0.188836 0.0482758 0.463186 -0.000886979 0.88626 0.283394
0.871904 -0.186585 -0.452735 -0.154449 0.172356 0.982332 -0.0729127 0.0237765 0.458341 -0.0144587 0.888659 0.287834
0.917656 0.0316065 -0.396118 -0.140609 -0.026607 0.999482 0.0181108 -0.00485474 0.396485 -0.00607998 0.918021 0.288117
0.953595 0.228493 -0.196079 -0.131665 -0.223045 0.973539 0.0497325 -0.0343911 0.202254 -0.00369024 0.979326 0.267596
0.92698 0.375082 -0.00470359 -0.135742 -0.37479 0.926631 0.0297934 -0.0585568 0.0155335 -0.025855 0.999545 0.23101
0.906331 0.409217 0.105385 -0.155473 -0.407753 0.912379 -0.0360792 -0.0776243 -0.110915 -0.0102713 0.993777 0.206537
0.925939 0.340198 0.164021 -0.169371 -0.329475 0.939911 -0.0895119 -0.063619 -0.184617 0.0288415 0.982387 0.191767
0.975073 0.104658 0.19565 -0.178698 -0.0900809 0.992553 -0.0819989 -0.0252373 -0.202775 0.0623305 0.97724 0.185644
0.987919 -0.0993096 0.11897 -0.179235 0.108478 0.991398 -0.0732256 0.000715659 -0.110674 0.0852465 0.990194 0.200288
0.969236 -0.241919 -0.0453447 -0.174427 0.240453 0.970012 -0.0354812 0.0141981 0.0525685 0.0234864 0.998341 0.223105
0.926576 -0.282797 -0.247957 -0.162516 0.276393 0.959105 -0.0610312 0.0200579 0.255076 -0.0119836 0.966847 0.245447
0.865556 -0.261072 -0.42738 -0.147925 0.246432 0.964939 -0.0903585 0.0173117 0.435986 -0.0271099 0.899545 0.262135
0.800398 -0.159753 -0.57779 -0.131846 0.164984 0.98532 -0.043883 0.0112632 0.576319 -0.0602023 0.815005 0.269822
0.765397 0.0298556 -0.642866 -0.138664 0.0150272 0.997822 0.0642316 -0.00279569 0.643384 -0.0588231 0.763281 0.283176
0.774704 0.201019 -0.599521 -0.14644 -0.137866 0.97901 0.150109 -0.0223325 0.617112 -0.0336365 0.786156 0.281734
0.820274 0.394369 -0.414274 -0.159683 -0.356443 0.918907 0.168989 -0.0514902 0.447323 0.00904793 0.894327 0.275874
0.845574 0.504007 -0.176018 -0.178306 -0.500152 0.863188 0.0689552 -0.0742534 0.186691 0.0297293 0.981969 0.259743
0.903115 0.425329 -0.0589781 -0.184841 -0.427791 0.903081 -0.0379369 -0.0693408 0.0371264 0.0594917 0.997538 0.250997
0.970356 0.2416 0.00613533 -0.190571 -0.240569 0.968021 -0.0711479 -0.060806 -0.0231285 0.0675628 0.997447 0.239692
0.99768 0.0466559 0.0495816 -0.182756 -0.0433457 0.996887 -0.0658613 -0.0394136 -0.0525001 0.0635593 0.996596 0.233944
0.988673 -0.134058 0.0674825 -0.169036 0.139276 0.987042 -0.0796918 -0.0139352 -0.0559247 0.0881878 0.994533 0.225844
0.960101 -0.267681 0.0809512 -0.157416 0.275923 0.953862 -0.118378 0.00607156 -0.0455286 0.135991 0.989663 0.220906
0.862491 -0.484047 0.147674 -0.14343 0.503806 0.848845 -0.160128 0.0367596 -0.0478425 0.212508 0.975987 0.197329
0.749993 -0.65988 0.0454979 -0.154997 0.64953 0.721739 -0.239171 0.0466274 0.124987 0.208929 0.969911 0.210758
0.730222 -0.676852 -0.0929913 -0.148153 0.633499 0.721758 -0.278825 0.0483945 0.25584 0.144694 0.955829 0.223836
0.592898 -0.804901 -0.024608 -0.134487 0.779339 0.581226 -0.234109 0.0586806 0.202738 0.119625 0.971899 0.243088
0.438235 -0.897217 -0.0543342 -0.13382 0.851694 0.433803 -0.293993 0.0695869 0.287346 0.0825617 0.954262 0.26865
0.410258 -0.89979 -0.148547 -0.136649 0.815285 0.434855 -0.382375 0.06997 0.408654 0.0357643 0.911989 0.275551
0.408675 -0.90781 -0.0941546 -0.13069 0.84213 0.414844 -0.344561 0.0678053 0.351855 0.0615229 0.93403 0.267078
0.382606 -0.92383 -0.0122546 -0.125733 0.895904 0.374216 -0.239412 0.0718092 0.225762 0.0806217 0.970841 0.267576
0.443641 -0.859187 -0.25491 -0.128568 0.79963 0.507924 -0.320322 0.0681545 0.404691 -0.061726 0.912368 0.28805
0.557853 -0.729892 -0.39504 -0.138682 0.679261 0.675028 -0.287995 0.0669018 0.476869 -0.107676 0.872354 0.30261
0.668519 -0.532034 -0.519636 -0.153273 0.546171 0.825464 -0.142501 0.0709774 0.504756 -0.188546 0.84242 0.309391
0.791351 -0.30954 -0.527208 -0.168117 0.386145 0.921635 0.0384921 0.0691266 0.473979 -0.234039 0.848864 0.313059
0.896741 -0.0539295 -0.439258 -0.175859 0.155649 0.967568 0.198963 0.0649329 0.414282 -0.246788 0.876052 0.290643
0.924762 0.21696 -0.312639 -0.194051 -0.124854 0.94906 0.289304 0.0520328 0.359481 -0.228503 0.904743 0.267902
0.871573 0.438103 -0.220059 -0.221726 -0.362809 0.878254 0.311513 0.0366638 0.329743 -0.191667 0.92441 0.253877
0.774938 0.614393 -0.148295 -0.234166 -0.551591 0.771976 0.315911 0.0448837 0.308574 -0.163014 0.937128 0.243499
0.640074 0.760591 -0.108663 -0.248956 -0.690687 0.631569 0.352239 0.0371012 0.336538 -0.150407 0.92958 0.241536
0.499383 0.855529 -0.136696 -0.264116 -0.747375 0.505199 0.431514 0.0331616 0.438232 -0.113328 0.891689 0.244807
0.375288 0.92029 -0.110567 -0.274026 -0.792243 0.380395 0.477128 0.0401259 0.481155 -0.0914647 0.871851 0.260067
0.244793 0.968399 -0.0477538 -0.281356 -0.816961 0.232536 0.527732 0.0526686 0.52216 -0.0901721 0.848067 0.270277
0.119724 0.99237 0.0294611 -0.284139 -0.815497 0.0813736 0.573012 0.0562746 0.566242 -0.0926285 0.819018 0.267784
0.0482116 0.992832 0.109359 -0.282064 -0.797347 -0.0276878 0.602885 0.0662521 0.601592 -0.116263 0.790298 0.273188
0.0294013 0.969805 0.242101 -0.25623 -0.793956 -0.124488 0.595094 0.0591579 0.607264 -0.209714 0.766322 0.268735
0.191324 0.938032 0.288948 -0.226511 -0.713442 -0.0692725 0.697282 0.0307844 0.674089 -0.339555 0.655978 0.278569
0.346647 0.908506 0.233352 -0.219716 -0.607085 0.0276567 0.794156 0.0162298 0.715042 -0.416956 0.561127 0.294356
0.491232 0.856282 0.159599 -0.20436 -0.502051 0.128616 0.855221 -0.0043426 0.711784 -0.500239 0.493077 0.307152
0.577327 0.810316 0.10041 -0.181399 -0.421439 0.190394 0.886645 -0.00614196 0.699345 -0.554201 0.451418 0.312953
0.658445 0.750128 0.0613006 -0.163826 -0.324579 0.209532 0.922358 0.000599354 0.679043 -0.627219 0.381441 0.31102
0.707976 0.706049 -0.016253 -0.160904 -0.198136 0.220661 0.955013 -0.00627191 0.677873 -0.672907 0.296117 0.310114
0.630516 0.769332 -0.102848 -0.185254 -0.0727053 0.190464 0.978998 0.029256 0.772763 -0.609797 0.176025 0.326408
0.446542 0.894763 0.000302655 -0.232427 -0.177449 0.0882264 0.980167 0.0570292 0.87699 -0.43774 0.198171 0.325547
0.286396 0.951882 0.109079 -0.265962 -0.337634 -0.00627602 0.941257 0.0689014 0.89665 -0.306401 0.31959 0.321977
0.080395 0.976516 0.199883 -0.302434 -0.516402 -0.130717 0.846311 0.0576514 0.852564 -0.171259 0.493766 0.313519
-0.0934558 0.964836 0.245676 -0.318585 -0.623633 -0.24908 0.740973 0.0564326 0.776111 -0.0839635 0.624981 0.303287
-0.224758 0.93632 0.269794 -0.321969 -0.678314 -0.34912 0.646533 0.0510735 0.699553 -0.0376918 0.713586 0.306555
-0.349828 0.89887 0.263919 -0.312078 -0.715735 -0.438214 0.543776 0.0388146 0.604437 0.00133177 0.796652 0.297974
-0.47312 0.854099 0.216039 -0.305744 -0.743518 -0.51864 0.42213 0.035687 0.472587 0.0390892 0.880416 0.284658
-0.584852 0.799498 0.136935 -0.295554 -0.745272 -0.596285 0.298351 0.0379784 0.320184 0.0724372 0.944582 0.272522
-0.684612 0.725779 0.0674545 -0.280796 -0.706423 -0.683455 0.184002 0.0358108 0.179647 0.0783187 0.980609 0.258441
-0.769617 0.638259 0.0177696 -0.269658 -0.632017 -0.765457 0.120956 0.0381564 0.0908028 0.0818587 0.992499 0.249772
-0.841213 0.539715 -0.0327028 -0.249238 -0.54049 -0.837633 0.0790109 0.0399225 0.0152504 0.0841405 0.996337 0.244811
-0.836269 0.541724 -0.0847945 -0.230263 -0.545162 -0.838023 0.0227071 0.0386041 -0.0587588 0.065216 0.99614 0.25118
-0.783111 0.62183 -0.00806159 -0.232701 -0.621881 -0.783022 0.0117976 0.0228639 0.00102369 0.0142522 0.999898 0.258354
-0.689766 0.719502 0.0808657 -0.243559 -0.721446 -0.692434 0.00715576 0.0118355 0.0611427 -0.0534044 0.996699 0.274618
-0.539985 0.821708 0.182243 -0.253294 -0.832264 -0.553569 0.0299686 0.00497082 0.12551 -0.135492 0.982797 0.290117
-0.339485 0.903677 0.260992 -0.252401 -0.926487 -0.369162 0.0730869 -0.00587421 0.162396 -0.216994 0.96257 0.300274
-0.132241 0.940528 0.312922 -0.259018 -0.977026 -0.176911 0.118839 -0.0163132 0.16713 -0.290017 0.942315 0.300474
0.0591566 0.934725 0.350415 -0.276725 -0.986353 0.000701498 0.164644 -0.016374 0.153651 -0.355372 0.92201 0.292143
0.257673 0.892146 0.371053 -0.279741 -0.95805 0.18603 0.218022 -0.0182861 0.12548 -0.411666 0.902655 0.29046
0.42792 0.820516 0.378995 -0.260453 -0.899125 0.343794 0.270888 -0.0283366 0.0919712 -0.456683 0.884863 0.286496
0.595482 0.70668 0.382105 -0.222129 -0.802519 0.501391 0.323374 -0.0297715 0.0369375 -0.49921 0.865694 0.272876
0.741029 0.553417 0.380269 -0.188151 -0.669707 0.650183 0.358824 -0.0242299 -0.0486651 -0.520568 0.852432 0.246775
0.841892 0.400344 0.361859 -0.142279 -0.522726 0.77158 0.362521 -0.00996874 -0.13407 -0.494357 0.858858 0.22572
0.912352 0.240632 0.331224 -0.082823 -0.347484 0.882949 0.315684 -0.0264984 -0.21649 -0.40311 0.889176 0.161681
0.947067 0.209498 0.243259 -0.0743197 -0.270388 0.929022 0.252603 -0.0737486 -0.173073 -0.305006 0.936492 0.073474
0.966248 0.215503 0.141149 -0.0641175 -0.241691 0.947983 0.207158 -0.0877418 -0.0891638 -0.23428 0.968072 0.00866724
0.973119 0.211847 0.090333 -0.0588243 -0.216559 0.97519 0.0459079 -0.106634 -0.0783663 -0.0642362 0.994853 0.0162225
0.977798 0.208882 0.0167205 -0.0528408 -0.208758 0.977927 -0.00889044 -0.0891454 -0.0182085 0.00520252 0.999821 -0.00955365
0.977973 0.208292 0.0135137 -0.0482714 -0.208087 0.977993 -0.0151199 -0.0686159 -0.0163656 0.0119748 0.999794 -0.0218649
0.976864 0.213201 0.0168086 -0.0533694 -0.213098 0.977 -0.00769651 -0.0602629 -0.0180629 0.00393656 0.999829 -0.0060246
0.97686 0.213217 0.0168212 -0.0530582 -0.213115 0.976997 -0.00766398 -0.0608717 -0.0180684 0.00390178 0.999829 -0.0110603
