0.999999 -0.000565084 0.000910278 -0.0267719 0.000565474 1 -0.000429197 -0.0117775 -0.000910035 0.000429712 0.999999 -0.0123398
0.997437 0.0176661 -0.0693319 -0.0261263 -0.0193412 0.999535 -0.0235631 -0.00105418 0.0688834 0.0248437 0.997315 -0.010331
0.976379 -0.00555974 -0.215993 -0.00580349 -0.00274258 0.999269 -0.0381192 -0.00787578 0.216047 0.0378112 0.975651 0.0557091
0.944099 0.0449599 -0.326581 -0.00732971 -0.0705316 0.995265 -0.0668801 -0.0171898 0.322028 0.0861758 0.9428 0.118818
0.940638 0.166327 -0.295862 -0.0108087 -0.195043 0.978284 -0.070134 -0.0618462 0.277772 0.123677 0.952652 0.141143
0.952528 0.232641 -0.196389 -0.0255836 -0.253605 0.963202 -0.0890337 -0.0720298 0.168449 0.134612 0.976476 0.130919
0.981974 0.103912 -0.157893 -0.0199427 -0.120503 0.987724 -0.0993998 -0.0547256 0.145626 0.116635 0.982441 0.137211
0.981581 -0.106333 -0.158722 0.000102742 0.094109 0.992124 -0.0826609 -0.0151819 0.166262 0.0662011 0.983857 0.145822
0.916548 -0.376739 -0.134196 0.00204501 0.36735 0.925728 -0.0898995 0.0146741 0.158097 0.0331005 0.986869 0.162821
0.860333 -0.466811 -0.204732 0.00144031 0.455341 0.884345 -0.102953 0.0332761 0.229113 -0.0046491 0.973389 0.183322
0.811576 -0.493827 -0.312216 0.00754537 0.496975 0.864475 -0.0754866 0.0261047 0.30718 -0.0939003 0.947007 0.200488
0.8169 -0.330331 -0.472816 -0.00563479 0.361975 0.931836 -0.0256277 -0.00543923 0.449052 -0.150212 0.880788 0.244507
0.872115 -0.174865 -0.456987 -0.0158466 0.202022 0.979321 0.0108033 -0.0297259 0.445648 -0.101743 0.889408 0.243487
0.908423 -0.0044445 -0.418028 -0.0256846 0.0157546 0.999597 0.0236088 -0.0557165 0.417754 -0.0280327 0.908127 0.231216
0.938127 0.0853516 -0.335608 -0.0350127 -0.0957972 0.995293 -0.0146603 -0.0680131 0.332777 0.0459035 0.941888 0.219538
0.984125 0.0229116 -0.175991 -0.0389323 -0.0414151 0.993902 -0.102197 -0.0486538 0.172576 0.107863 0.979072 0.186907
0.991645 -0.065413 -0.111183 -0.0292093 0.0507827 0.990256 -0.12967 -0.0212875 0.118582 0.122941 0.985304 0.169806
0.950487 -0.309349 -0.0296288 -0.0229375 0.30376 0.94496 -0.121575 0.0342414 0.0656072 0.106556 0.99214 0.169163
0.890844 -0.45425 -0.00739792 -0.019868 0.451092 0.88635 -0.104405 0.0615335 0.053983 0.0896712 0.994507 0.17011
0.790474 -0.612415 -0.00993414 -0.0210181 0.608312 0.786865 -0.103922 0.0729346 0.0714599 0.0761043 0.994536 0.167681
0.65252 -0.754366 -0.0717601 -0.0251451 0.734288 0.652849 -0.186037 0.0990679 0.187188 0.0687001 0.979919 0.181182
0.509602 -0.838683 -0.192138 -0.0242474 0.792195 0.544493 -0.2756 0.121261 0.335759 -0.0117646 0.941874 0.19778
0.44436 -0.836415 -0.320864 -0.0264124 0.791219 0.5344 -0.297304 0.118212 0.420139 -0.121763 0.899253 0.233895
0.499778 -0.752191 -0.429453 -0.0388556 0.713205 0.638725 -0.288737 0.106226 0.491488 -0.161984 0.855687 0.266872
0.626018 -0.613476 -0.481402 -0.0429733 0.554024 0.784335 -0.279063 0.0696324 0.548779 -0.0920101 0.830889 0.268298
0.744477 -0.443338 -0.499205 -0.0375489 0.365664 0.896345 -0.250708 0.0286463 0.558608 0.00410523 0.829422 0.261629
0.82855 -0.289875 -0.479037 -0.0331687 0.213396 0.954464 -0.208473 -0.00243444 0.517655 0.0705059 0.85268 0.242564
0.890539 -0.186713 -0.414824 -0.0355066 0.124151 0.977024 -0.173233 -0.00953828 0.437638 0.102769 0.893259 0.225682
0.952793 -0.198992 -0.229322 -0.0427081 0.168669 0.974921 -0.145186 0.00447448 0.252462 0.0996522 0.962462 0.171778
0.947278 -0.288233 -0.13995 -0.0471974 0.270955 0.953738 -0.130257 0.030262 0.17102 0.085469 0.981553 0.150701
0.905767 -0.417791 -0.0709688 -0.0501534 0.408808 0.905551 -0.11337 0.0656554 0.111631 0.0736746 0.991015 0.137982
0.837168 -0.545415 -0.0408971 -0.0416012 0.540048 0.836133 -0.0960675 0.0927966 0.0865921 0.0583382 0.994534 0.118423
0.746812 -0.6643 -0.0312596 -0.041273 0.661531 0.746875 -0.0674865 0.126355 0.0681783 0.0297205 0.99723 0.109754
0.538608 -0.835461 -0.109115 -0.0487188 0.822824 0.549428 -0.145221 0.167695 0.181277 -0.0115655 0.983364 0.144641
0.484657 -0.851863 -0.198588 -0.0591891 0.824695 0.520682 -0.220836 0.168063 0.291523 -0.0567443 0.954879 0.184118
0.530808 -0.795841 -0.291342 -0.0611984 0.764147 0.598102 -0.241565 0.149713 0.3665 -0.0944032 0.925617 0.213589
0.610145 -0.699724 -0.371632 -0.0640875 0.675274 0.704612 -0.218008 0.120163 0.414402 -0.117937 0.90242 0.23546
0.692838 -0.57537 -0.434655 -0.0596472 0.57028 0.806103 -0.158046 0.0880621 0.441311 -0.138375 0.886621 0.248344
0.767122 -0.43105 -0.475099 -0.0579712 0.441332 0.892108 -0.096797 0.0528933 0.465564 -0.135421 0.874592 0.261774
0.825412 -0.270666 -0.495413 -0.0640942 0.296791 0.95456 -0.027032 0.0132042 0.480218 -0.124722 0.868237 0.265585
0.874142 -0.101991 -0.47484 -0.0866693 0.141878 0.988679 0.048828 -0.0124523 0.464484 -0.110052 0.878717 0.271508
0.884035 0.0728697 -0.461705 -0.110396 -0.0241258 0.99357 0.110619 -0.0458034 0.466797 -0.0866517 0.880109 0.277795
0.87117 0.218184 -0.43984 -0.138263 -0.172926 0.974784 0.141039 -0.0706035 0.459521 -0.0468093 0.886932 0.288903
0.836826 0.362029 -0.410679 -0.166199 -0.326296 0.932163 0.156855 -0.108529 0.439605 0.00274252 0.898187 0.288898
0.788579 0.483008 -0.380587 -0.207809 -0.450591 0.875031 0.176885 -0.140542 0.418463 0.0320012 0.90767 0.30126
0.676806 0.66969 -0.305695 -0.269401 -0.637176 0.740884 0.212364 -0.171619 0.368703 0.0510526 0.928144 0.289633
0.567954 0.787413 -0.239601 -0.267658 -0.752114 0.614757 0.237485 -0.1402 0.334295 0.0453265 0.941378 0.273936
0.431528 0.883245 -0.18347 -0.28746 -0.854301 0.465446 0.231364 -0.147154 0.289746 0.0568983 0.955411 0.266268
0.258206 0.959772 -0.110309 -0.300313 -0.933632 0.277247 0.226858 -0.113849 0.248314 0.0444121 0.967661 0.2602
0.163553 0.985401 -0.0472739 -0.313702 -0.96429 0.1698 0.203254 -0.0980205 0.208314 0.012343 0.977984 0.263081
-0.0369322 0.999313 -0.00321711 -0.353499 -0.987485 -0.0360007 0.153549 -0.0591363 0.153328 0.00884776 0.988136 0.280109
-0.223754 0.97451 -0.0162636 -0.36443 -0.965959 -0.219506 0.136895 -0.0509821 0.129835 0.0463407 0.990452 0.27444
-0.366197 0.930531 -0.00344676 -0.407919 -0.919387 -0.361234 0.155684 -0.0187072 0.143624 0.0601798 0.987801 0.279431
-0.488852 0.871717 0.0336734 -0.380707 -0.857065 -0.487117 0.167796 0.0091151 0.162674 0.0531671 0.985246 0.29795
-0.614693 0.786817 0.0554191 -0.34752 -0.77295 -0.614878 0.15644 0.0253728 0.157166 0.0533263 0.986131 0.304072
-0.709187 0.699216 0.0902774 -0.323457 -0.688863 -0.714487 0.12238 0.0480824 0.150072 0.0246017 0.988369 0.314292
-0.780927 0.603982 0.159244 -0.261073 -0.591731 -0.796998 0.121032 0.0308331 0.200018 0.00028776 0.979792 0.311587
-0.79279 0.550919 0.260716 -0.235591 -0.517318 -0.834408 0.190119 0.0478466 0.322284 0.0158516 0.94651 0.328016
-0.739451 0.556411 0.37897 -0.224003 -0.493504 -0.830902 0.257014 0.0589242 0.457893 0.00302581 0.889002 0.333571
-0.632292 0.613191 0.473501 -0.220504 -0.513637 -0.789343 0.336324 0.0375807 0.579985 -0.0305528 0.814054 0.333608
-0.481289 0.674865 0.559392 -0.207232 -0.552572 -0.728982 0.404042 0.0136751 0.68046 -0.114643 0.723762 0.340342
-0.357092 0.742742 0.56641 -0.221197 -0.544637 -0.658204 0.519748 0.00869804 0.758852 -0.122891 0.639564 0.339213
-0.214761 0.812215 0.542388 -0.236228 -0.53329 -0.562771 0.631578 -0.0052614 0.818217 -0.153612 0.554007 0.349424
-0.110589 0.852313 0.511207 -0.233101 -0.522475 -0.487408 0.699609 -0.0197022 0.845453 -0.189724 0.499214 0.35603
0.0121319 0.870857 0.491387 -0.245121 -0.517753 -0.414945 0.748166 -0.0351575 0.855444 -0.263493 0.445854 0.35136
0.147657 0.872212 0.466308 -0.263622 -0.513962 -0.335149 0.789631 -0.0473404 0.845009 -0.35626 0.398797 0.355797
0.298818 0.861992 0.409484 -0.262439 -0.481799 -0.23412 0.844428 -0.0557575 0.823758 -0.449619 0.345347 0.372458
0.424368 0.851303 0.308538 -0.25149 -0.437432 -0.105604 0.893029 -0.0824678 0.792821 -0.513937 0.327572 0.382906
0.561356 0.806522 0.185477 -0.230191 -0.355713 0.0327852 0.93402 -0.0858454 0.747227 -0.590295 0.305294 0.396139
0.688794 0.723911 0.0389333 -0.195538 -0.243171 0.180114 0.953114 -0.0964231 0.682958 -0.665966 0.300096 0.406714
0.789269 0.606182 -0.0979638 -0.150562 -0.115856 0.303681 0.945704 -0.0911591 0.603018 -0.735065 0.309916 0.410796
0.858469 0.468543 -0.208561 -0.100363 0.00818527 0.39409 0.919035 -0.065247 0.5128 -0.790671 0.334479 0.40247
0.898444 0.317004 -0.303821 -0.0522541 0.143034 0.442899 0.885089 -0.0365136 0.415138 -0.838659 0.352577 0.385228
0.914054 0.15364 -0.375367 -0.023731 0.258824 0.491593 0.831473 -0.0178099 0.312276 -0.857164 0.409577 0.371539
0.902018 -0.0226936 -0.431102 -0.00723578 0.371471 0.549572 0.748318 -0.0015695 0.21994 -0.835138 0.504154 0.3533
0.872916 -0.162076 -0.460163 0.00210858 0.45748 0.599621 0.656633 0.010992 0.169499 -0.783701 0.597565 0.330854
0.847973 -0.280612 -0.449665 0.0160979 0.514451 0.639959 0.570782 0.0163202 0.127599 -0.715338 0.68703 0.305418
0.785804 -0.493629 -0.372616 -0.00270391 0.618404 0.636269 0.461236 0.0426643 0.00940459 -0.592868 0.805245 0.279771
0.727976 -0.608133 -0.316583 -0.0128345 0.684122 0.613998 0.393679 0.0575347 -0.0450276 -0.50317 0.863014 0.282295
0.637401 -0.714748 -0.287846 -0.0220916 0.765518 0.544861 0.342212 0.0752415 -0.0877591 -0.438477 0.894447 0.276789
0.52523 -0.801091 -0.287032 -0.0145264 0.847507 0.462085 0.261169 0.0794334 -0.0765872 -0.380436 0.921631 0.277817
0.423564 -0.864022 -0.272138 -0.0184726 0.903027 0.378964 0.202309 0.100502 -0.0716695 -0.331439 0.940751 0.279854
0.345814 -0.87642 -0.335113 -0.0213286 0.933694 0.356776 0.030435 0.10987 0.0928862 -0.323417 0.941686 0.288811
0.284359 -0.848913 -0.445519 -0.0410877 0.909686 0.385623 -0.154163 0.13136 0.302673 -0.361445 0.881899 0.328834
0.29404 -0.788341 -0.540425 -0.0517864 0.836438 0.485845 -0.253624 0.139818 0.462505 -0.377456 0.802257 0.332807
0.362202 -0.700347 -0.61508 -0.0635973 0.720531 0.628995 -0.291892 0.131747 0.591308 -0.33746 0.732445 0.33792
0.476926 -0.566887 -0.6717 -0.0726617 0.582353 0.776206 -0.241599 0.105077 0.658337 -0.275942 0.700321 0.340094
0.58159 -0.374456 -0.722174 -0.0645471 0.43276 0.894131 -0.115103 0.0654659 0.688819 -0.245585 0.682068 0.339975
0.6503 -0.159184 -0.742813 -0.0546059 0.282241 0.958437 0.0416975 0.021165 0.705301 -0.236768 0.6682 0.332935
0.690072 0.0280526 -0.723197 -0.0516008 0.148032 0.972652 0.17898 -0.0156295 0.70844 -0.230565 0.667047 0.326858
0.729103 0.174668 -0.661741 -0.0586229 0.0251736 0.959387 0.280969 -0.0427767 0.683941 -0.221514 0.695094 0.326461
0.746853 0.301319 -0.592805 -0.0775403 -0.0896296 0.928929 0.359247 -0.0682474 0.658922 -0.215171 0.72078 0.329396
0.702918 0.457149 -0.544905 -0.129409 -0.206533 0.864276 0.458662 -0.0885833 0.680626 -0.209861 0.701931 0.344284
0.663674 0.59915 -0.447836 -0.170327 -0.362197 0.781227 0.508426 -0.100082 0.654485 -0.175224 0.73549 0.34376
0.662321 0.654494 -0.364648 -0.174383 -0.448702 0.736275 0.506523 -0.0919154 0.599997 -0.171862 0.781324 0.340902
0.735106 0.641369 -0.219695 -0.171378 -0.515756 0.739383 0.432791 -0.0738711 0.440017 -0.204838 0.874315 0.331601
0.75858 0.650123 -0.0435445 -0.172432 -0.600626 0.723602 0.340072 -0.0651054 0.252598 -0.231818 0.939391 0.312968
0.763376 0.639489 0.0911591 -0.170906 -0.628224 0.702156 0.33513 -0.0388201 0.150304 -0.313099 0.937752 0.305264
0.875408 0.465503 0.130261 -0.140046 -0.476676 0.786581 0.392518 -0.00802126 0.0802575 -0.405706 0.910473 0.303754
0.876635 0.466894 0.11628 -0.133734 -0.467329 0.768689 0.436717 0.00467854 0.114517 -0.437182 0.892052 0.307606
0.790702 0.595635 0.141454 -0.140599 -0.592083 0.685278 0.424066 -0.019503 0.155653 -0.419062 0.894516 0.304994
0.690759 0.708438 0.144802 -0.154118 -0.696587 0.59825 0.396061 -0.0347496 0.193957 -0.374449 0.906735 0.305589
0.57254 0.807081 0.14429 -0.18462 -0.788268 0.493479 0.367577 -0.0531901 0.22546 -0.324191 0.918732 0.317808
0.34141 0.927926 0.149642 -0.241026 -0.907746 0.284224 0.308568 -0.0597835 0.243796 -0.241185 0.939358 0.330762
0.114814 0.982621 0.145856 -0.284982 -0.962938 0.0740143 0.259369 -0.0413777 0.244066 -0.17023 0.954701 0.320434
-0.128885 0.980652 0.147343 -0.300206 -0.957285 -0.161818 0.239625 -0.0102349 0.258832 -0.110165 0.95962 0.310012
-0.402164 0.903501 0.148152 -0.257826 -0.880061 -0.4261 0.209597 0.00135575 0.252499 -0.0460906 0.966499 0.307974
-0.618776 0.767584 0.167125 -0.210975 -0.747919 -0.640706 0.173529 0.00920064 0.240276 -0.0176207 0.970545 0.309663
-0.771459 0.581386 0.258538 -0.163891 -0.57217 -0.811627 0.117828 0.0181305 0.27834 -0.057028 0.958788 0.321224
-0.828943 0.472582 0.299198 -0.146822 -0.470339 -0.878441 0.084396 0.0266047 0.302712 -0.0707649 0.950451 0.327127
-0.871101 0.350979 0.343508 -0.135545 -0.355459 -0.933237 0.0521274 0.0352658 0.33887 -0.0766948 0.937702 0.32568
-0.91626 0.124669 0.380691 -0.118958 -0.137163 -0.990532 -0.00575084 0.049553 0.376369 -0.0574861 0.924685 0.327616
-0.922082 -0.0669547 0.381157 -0.111455 0.0502152 -0.997293 -0.0537074 0.0543593 0.383722 -0.0303828 0.922949 0.314891
-0.900586 -0.249203 0.356149 -0.105941 0.234035 -0.968432 -0.0858292 0.0556856 0.366295 0.00605461 0.930479 0.333462
-0.847596 -0.42815 0.313478 -0.124395 0.416457 -0.90283 -0.107056 0.0225549 0.328854 0.0398099 0.943541 0.33171
-0.758381 -0.555473 0.341038 -0.134946 0.54034 -0.828387 -0.147675 -0.0191058 0.364542 0.0722825 0.928377 0.340424
-0.646907 -0.687734 0.329443 -0.139153 0.667498 -0.71958 -0.191447 -0.107556 0.368725 0.0960538 0.924562 0.336074
-0.520358 -0.790944 0.321923 -0.105009 0.785799 -0.591077 -0.182068 -0.074273 0.334287 0.158226 0.929094 0.333702
-0.451279 -0.865594 0.217013 -0.053154 0.874343 -0.477533 -0.0865244 0.0272458 0.178526 0.150697 0.972326 0.33841
-0.400752 -0.904447 0.146195 -0.024411 0.915938 -0.399225 0.0409468 0.110574 0.0213307 0.150316 0.988408 0.294184
-0.251617 -0.962449 0.101888 0.0109437 0.959799 -0.234612 0.154087 0.138723 -0.124397 0.136563 0.98279 0.279686
-0.273338 -0.949286 0.15538 0.076961 0.959232 -0.281058 -0.0296716 0.159133 0.0718376 0.140935 0.987409 0.264479
-0.32174 -0.923637 0.208275 0.0798816 0.927678 -0.351529 -0.125864 0.172682 0.189467 0.152716 0.969938 0.267056
-0.35735 -0.895144 0.266491 0.0717046 0.878359 -0.419089 -0.229889 0.16884 0.317467 0.151924 0.93602 0.278112
-0.433787 -0.839934 0.326098 0.052705 0.799594 -0.525683 -0.290358 0.160148 0.415305 0.134793 0.89964 0.293163
-0.54324 -0.750847 0.375659 0.0309013 0.700974 -0.651886 -0.289275 0.155369 0.462087 0.106181 0.880455 0.301306
-0.597403 -0.754827 0.270826 0.0219656 0.740658 -0.648814 -0.174545 0.154953 0.307468 0.0963157 0.946671 0.299198
-0.570808 -0.795557 0.203142 0.0118276 0.801993 -0.593244 -0.0697809 0.152938 0.176027 0.123087 0.97666 0.283667
-0.544285 -0.83178 0.109063 0.0092715 0.838568 -0.543112 0.0428174 0.14377 0.0236189 0.114762 0.993112 0.267893
-0.582321 -0.807926 0.090321 0.00825944 0.812948 -0.579271 0.0596659 0.110855 0.00411469 0.108171 0.994124 0.296689
-0.6665 -0.731156 0.145562 0.0052762 0.738375 -0.674359 -0.00641911 0.109278 0.102855 0.103201 0.989328 0.296988
-0.737352 -0.644098 0.203592 -0.0136179 0.651551 -0.757686 -0.0373373 0.092793 0.178308 0.10512 0.978344 0.293527
-0.794237 -0.549236 0.25986 -0.0307206 0.550993 -0.831312 -0.0729912 0.0762305 0.256114 0.0852088 0.962884 0.295073
-0.841252 -0.430355 0.327247 -0.0631121 0.424411 -0.900642 -0.093383 0.0525105 0.33492 0.0603284 0.940313 0.300645
-0.869384 -0.263519 0.418006 -0.0789085 0.255009 -0.963848 -0.0772517 0.048407 0.423252 0.0394337 0.905154 0.321481
-0.877418 -0.0564209 0.476396 -0.107492 0.0261293 -0.997206 -0.0699774 0.0436352 0.479014 -0.0489516 0.876441 0.323412
-0.825163 0.166814 0.539704 -0.143374 -0.17885 -0.983403 0.0305067 0.0425115 0.535835 -0.0713531 0.841302 0.325838
-0.745609 0.347967 0.568318 -0.152886 -0.363243 -0.927224 0.091157 0.050932 0.558678 -0.13847 0.817744 0.327853
-0.66065 0.496032 0.563466 -0.160578 -0.510476 -0.847186 0.147277 0.0465101 0.550415 -0.190338 0.812905 0.342222
-0.546624 0.625589 0.556633 -0.156648 -0.654888 -0.733632 0.181401 0.0384982 0.521846 -0.265374 0.810712 0.34976
-0.414702 0.751453 0.513168 -0.14836 -0.786604 -0.579557 0.212997 0.018867 0.457467 -0.31533 0.831439 0.348524
-0.2108 0.861172 0.462544 -0.136289 -0.912358 -0.343206 0.223188 -0.00647161 0.350951 -0.374958 0.858044 0.337025
-0.015503 0.889696 0.456289 -0.144578 -0.954708 -0.148786 0.257674 -0.0118156 0.297141 -0.431628 0.851707 0.330434
0.208799 0.884814 0.416542 -0.178211 -0.943211 0.0696699 0.324808 -0.00132262 0.258374 -0.460706 0.849113 0.335441
0.373271 0.853229 0.364237 -0.177649 -0.902812 0.24371 0.354311 -0.0162891 0.21354 -0.461092 0.861275 0.327442
0.493036 0.823669 0.280151 -0.181012 -0.847104 0.381084 0.370392 -0.0400939 0.198319 -0.419933 0.885621 0.325093
0.593186 0.784365 0.181388 -0.182928 -0.782308 0.508405 0.359887 -0.0584373 0.190064 -0.355381 0.915194 0.333004
0.670142 0.733945 0.110611 -0.187023 -0.72103 0.608364 0.331677 -0.0817113 0.17614 -0.302024 0.936886 0.341484
0.781227 0.623323 0.0339504 -0.171684 -0.603566 0.740345 0.295968 -0.092956 0.159348 -0.251709 0.954594 0.342385
0.869265 0.493417 -0.0303056 -0.151627 -0.475121 0.850818 0.224431 -0.0950583 0.136522 -0.180691 0.974019 0.336601
0.93204 0.353792 -0.0783046 -0.133682 -0.342123 0.930406 0.131514 -0.0937109 0.119384 -0.0957863 0.988217 0.32327
0.969748 0.217522 -0.110783 -0.123542 -0.209619 0.974609 0.0787191 -0.0835977 0.125094 -0.0531154 0.990722 0.312861
0.989236 0.0702175 -0.128383 -0.115858 -0.0649498 0.996884 0.0447719 -0.0644887 0.131126 -0.0359516 0.990714 0.316987
0.983052 -0.148704 -0.107214 -0.0993867 0.152091 0.988073 0.0240883 -0.0132262 0.102353 -0.0399864 0.993944 0.308638
0.944007 -0.326672 -0.0462163 -0.102501 0.327055 0.945005 0.000781856 0.00466902 0.0434193 -0.0158534 0.998931 0.299355
0.871947 -0.489598 0.00154802 -0.123126 0.489363 0.87142 -0.0339317 0.0411474 0.015264 0.0303442 0.999423 0.293281
0.759675 -0.643476 -0.093984 -0.140594 0.630413 0.764178 -0.136424 0.0586094 0.159606 0.044389 0.986182 0.295276
0.770506 -0.575694 -0.273673 -0.145425 0.534602 0.817447 -0.214433 0.0554051 0.34716 0.0189154 0.937615 0.30514
0.803905 -0.41581 -0.425251 -0.14289 0.368278 0.90945 -0.193058 0.0403735 0.46702 -0.00141038 0.884246 0.338968
0.868703 -0.193661 -0.455907 -0.114905 0.178076 0.980969 -0.077385 0.0161147 0.462217 -0.0139615 0.886657 0.343952
0.916148 0.0243146 -0.400102 -0.100685 -0.0204258 0.999694 0.0139816 -0.0123694 0.40032 -0.00463676 0.916364 0.344716
0.954347 0.221327 -0.20059 -0.0912633 -0.216291 0.975199 0.0469656 -0.0417657 0.20601 -0.00143578 0.978549 0.324655
0.929659 0.368306 -0.00918923 -0.094833 -0.36793 0.92942 0.0284001 -0.0658652 0.0190006 -0.0230214 0.999554 0.288481
0.91033 0.401421 0.100798 -0.113862 -0.399797 0.915868 -0.0367243 -0.0849774 -0.10706 -0.00686759 0.994229 0.266664
0.929652 0.331924 0.15992 -0.127631 -0.321186 0.942765 -0.0896352 -0.0710221 -0.180519 0.0319654 0.983052 0.252324
0.976818 0.0957184 0.191482 -0.137083 -0.0812931 0.993325 -0.0818402 -0.0326861 -0.198037 0.0643768 0.978078 0.246656
0.987475 -0.1084 0.114638 -0.137766 0.117279 0.990356 -0.0737563 -0.00673096 -0.105537 0.0862771 0.990666 0.261826
0.966805 -0.25056 -0.0500685 -0.133039 0.24888 0.967809 -0.0374738 0.00678873 0.0578462 0.0237688 0.998043 0.285177
0.922785 -0.291214 -0.252313 -0.121142 0.284168 0.956584 -0.0647765 0.0127494 0.260222 -0.0119246 0.965475 0.308077
0.861088 -0.269516 -0.431148 -0.106459 0.253421 0.962619 -0.0956138 0.0101368 0.440801 -0.0269303 0.897201 0.325323
0.795914 -0.168268 -0.581555 -0.0902147 0.171208 0.983946 -0.0503819 0.00425135 0.580696 -0.0594672 0.811946 0.333572
0.761893 0.0211582 -0.647357 -0.0968218 0.0208707 0.998145 0.0571867 -0.00985799 0.647367 -0.0570809 0.760038 0.347358
0.772702 0.192298 -0.60494 -0.104261 -0.131853 0.980846 0.143373 -0.0294301 0.620923 -0.0310217 0.783257 0.346333
0.821143 0.385911 -0.420473 -0.117056 -0.349687 0.92245 0.163721 -0.058665 0.451048 0.0125954 0.892411 0.340846
0.849137 0.495894 -0.181811 -0.135283 -0.492682 0.867726 0.0657007 -0.0815232 0.190342 0.033786 0.981136 0.325077
0.90682 0.416646 -0.0639061 -0.141712 -0.419498 0.906868 -0.0401518 -0.0766083 0.0412253 0.063219 0.997148 0.316802
0.97258 0.232562 0.00164622 -0.147537 -0.23183 0.970035 -0.0727156 -0.0680171 -0.0185078 0.0703401 0.997351 0.305395
0.998288 0.0373348 0.0450208 -0.139782 -0.0342691 0.997161 -0.0670455 -0.0464982 -0.0473961 0.0653879 0.996734 0.300214
0.987647 -0.143462 0.0630305 -0.126148 0.148322 0.98564 -0.0807165 -0.020836 -0.0505456 0.0890681 0.994742 0.292718
0.95768 -0.277425 0.0767031 -0.114418 0.285062 0.951055 -0.119305 -0.000700605 -0.0398506 0.136121 0.98989 0.288968
0.857906 -0.493253 0.143869 -0.100492 0.512063 0.843838 -0.1604 0.0302063 -0.0422845 0.211279 0.976511 0.266015
0.743046 -0.667891 0.0424679 -0.112121 0.656453 0.715034 -0.240407 0.0399885 0.1302 0.206512 0.969743 0.279894
0.723249 -0.683969 -0.0953789 -0.105087 0.639545 0.715484 -0.281184 0.041762 0.260563 0.142367 0.954902 0.291991
0.58486 -0.810668 -0.0274943 -0.0915155 0.784273 0.573818 -0.235899 0.0521869 0.207012 0.116405 0.971389 0.311842
0.429072 -0.901495 -0.0566052 -0.0909809 0.855126 0.425591 -0.296028 0.0631062 0.290958 0.0786127 0.953501 0.337938
0.399959 -0.904191 -0.149905 -0.0939799 0.818534 0.425968 -0.385425 0.063589 0.412353 0.0314521 0.910481 0.346916
0.399161 -0.911854 -0.0958823 -0.0876362 0.845226 0.406476 -0.346944 0.0614537 0.355336 0.0574441 0.932972 0.337405
0.372429 -0.927933 -0.015384 -0.08285 0.89924 0.364913 -0.24126 0.0656485 0.229487 0.0760186 0.970338 0.340052
0.43413 -0.863486 -0.256756 -0.0854336 0.802996 0.50011 -0.324172 0.0618804 0.408324 -0.0654406 0.910488 0.359446
0.549013 -0.735524 -0.396974 -0.0955146 0.683586 0.668434 -0.293096 0.0605546 0.48093 -0.110452 0.869774 0.374496
0.660788 -0.538614 -0.522738 -0.110126 0.551457 0.820846 -0.148684 0.0645414 0.509171 -0.190018 0.839427 0.381575
0.785156 -0.316889 -0.532082 -0.124829 0.392718 0.919098 0.032125 0.0625773 0.478855 -0.234181 0.846083 0.385881
0.893031 -0.0616237 -0.445756 -0.132361 0.163287 0.967439 0.193387 0.0584088 0.419325 -0.245487 0.874015 0.363786
0.923951 0.209283 -0.32018 -0.150213 -0.116805 0.951435 0.28483 0.0454226 0.364241 -0.22577 0.903525 0.341471
0.873162 0.430839 -0.227962 -0.177571 -0.355155 0.882663 0.307851 0.0298633 0.333847 -0.187842 0.923721 0.327816
0.778477 0.607867 -0.156432 -0.189881 -0.544697 0.77809 0.312858 0.0380078 0.311894 -0.158345 0.936829 0.318105
0.645215 0.754857 -0.11785 -0.204686 -0.684625 0.639724 0.349344 0.0301415 0.339096 -0.144719 0.929554 0.318225
0.504547 0.850859 -0.146533 -0.219728 -0.74294 0.514327 0.428378 0.0260835 0.439855 -0.107272 0.891639 0.321953
0.380096 0.917172 -0.11968 -0.229746 -0.789518 0.389123 0.474599 0.0330702 0.481859 -0.0859033 0.872028 0.335311
0.249743 0.966606 -0.0574551 -0.237084 -0.815485 0.24195 0.52578 0.0455319 0.522123 -0.0844562 0.848678 0.34641
0.124945 0.991993 0.0183919 -0.239955 -0.815264 0.0920854 0.571722 0.0490965 0.56545 -0.0864281 0.820242 0.346453
0.0525967 0.993683 0.0991375 -0.237821 -0.797896 -0.0178795 0.60253 0.0592063 0.600496 -0.110792 0.791915 0.350385
0.0337461 0.972124 0.232028 -0.211836 -0.7947 -0.114684 0.59607 0.052422 0.606064 -0.204507 0.768676 0.346586
0.19452 0.94055 0.278437 -0.181838 -0.712729 -0.0595004 0.698911 0.0243732 0.673928 -0.334402 0.658783 0.35706
0.348573 0.910521 0.222371 -0.17493 -0.60492 0.0373219 0.795411 0.00990962 0.715939 -0.411775 0.563802 0.373382
0.492139 0.857783 0.148347 -0.159386 -0.498446 0.137959 0.855873 -0.010482 0.713688 -0.495152 0.495454 0.386751
0.577503 0.81152 0.0890302 -0.136382 -0.416943 0.199422 0.886786 -0.0120132 0.701889 -0.549242 0.453525 0.393202
0.657765 0.751568 0.0499083 -0.118807 -0.319219 0.218136 0.922234 -0.00504255 0.682234 -0.622545 0.383397 0.391903
0.706028 0.707648 -0.0275358 -0.115752 -0.192257 0.228949 0.954264 -0.0118309 0.681587 -0.668443 0.297695 0.391524
0.626751 0.770875 -0.113731 -0.140491 -0.0677566 0.199318 0.97759 0.0234731 0.776268 -0.604999 0.177155 0.408263
0.443229 0.896344 -0.0107822 -0.187877 -0.174523 0.0980847 0.979756 0.0508228 0.879255 -0.432374 0.199907 0.4077
0.284595 0.953665 0.0976204 -0.221449 -0.336351 0.00397601 0.941728 0.0624131 0.897705 -0.300846 0.321897 0.404478
0.080687 0.978789 0.188314 -0.257695 -0.517128 -0.120405 0.847397 0.0508598 0.852096 -0.165756 0.496444 0.396309
-0.0915973 0.967825 0.234359 -0.273713 -0.626001 -0.238993 0.742297 0.0495467 0.774424 -0.0787164 0.627751 0.386503
-0.221863 0.940086 0.258872 -0.277003 -0.681904 -0.339358 0.647953 0.0441987 0.696982 -0.032769 0.71634 0.390264
-0.345956 0.903351 0.253518 -0.266876 -0.72046 -0.428862 0.544991 0.0321101 0.601042 0.00589354 0.799196 0.382242
-0.468143 0.859219 0.206361 -0.260374 -0.749301 -0.509776 0.422701 0.0291249 0.468391 0.0432583 0.882462 0.36948
-0.57891 0.805261 0.12813 -0.250076 -0.751966 -0.588009 0.297982 0.0315971 0.315294 0.0761556 0.945933 0.357933
-0.678197 0.732459 0.0595997 -0.235153 -0.713934 -0.675921 0.182837 0.0296626 0.174206 0.0814493 0.981335 0.344459
-0.763414 0.645824 0.0104768 -0.223929 -0.640298 -0.758815 0.11924 0.0321937 0.0849584 0.0843216 0.99281 0.336384
-0.834888 0.548941 -0.0403109 -0.20355 -0.550354 -0.831418 0.0765179 0.0342104 0.00848863 0.0860691 0.996253 0.334343
-0.830016 0.550246 -0.0911201 -0.184433 -0.553951 -0.832312 0.0198793 0.0331623 -0.0649019 0.0669762 0.995641 0.339083
-0.776375 0.630108 -0.0143285 -0.186688 -0.630251 -0.77633 0.00977361 0.0174374 -0.00496521 0.0166186 0.99985 0.34674
-0.682302 0.727251 0.0746325 -0.197469 -0.728959 -0.68453 0.00608783 0.00631581 0.0555155 -0.0502503 0.997193 0.363443
-0.531695 0.828487 0.175812 -0.207167 -0.838309 -0.544368 0.0300198 -0.000629424 0.120577 -0.131423 0.983966 0.379396
-0.330376 0.90898 0.254181 -0.206161 -0.930444 -0.358879 0.0740324 -0.0114298 0.158514 -0.212043 0.964319 0.390066
-0.122582 0.944204 0.305701 -0.212608 -0.978741 -0.166045 0.120393 -0.0218855 0.164436 -0.284444 0.944485 0.390732
0.0700565 0.937087 0.341994 -0.230287 -0.985896 0.0128064 0.166868 -0.0221351 0.15199 -0.34886 0.924768 0.385141
0.267443 0.892618 0.362915 -0.23313 -0.955396 0.196682 0.220305 -0.0239572 0.125269 -0.405647 0.905405 0.381639
0.438246 0.819417 0.369453 -0.213718 -0.894024 0.354809 0.273555 -0.0337774 0.0930703 -0.450184 0.888072 0.380661
0.605036 0.703947 0.372008 -0.175228 -0.795221 0.511139 0.326129 -0.0346591 0.0394299 -0.493148 0.869051 0.367846
0.749573 0.549 0.369783 -0.141087 -0.6604 0.658118 0.361596 -0.0285676 -0.0448448 -0.515247 0.855867 0.342513
0.849244 0.39423 0.351236 -0.0951965 -0.511949 0.777584 0.365062 -0.0136189 -0.129198 -0.489842 0.862185 0.322329
0.918131 0.232468 0.320926 -0.0350371 -0.335611 0.886777 0.317791 -0.0291915 -0.210714 -0.39948 0.892197 0.259195
0.951591 0.200023 0.233377 -0.0252671 -0.258133 0.932253 0.253517 -0.0760587 -0.166858 -0.301487 0.938757 0.171465
0.969826 0.205239 0.131581 -0.0143762 -0.229333 0.951142 0.206725 -0.0897015 -0.0827241 -0.230663 0.969511 0.107219
0.976262 0.200179 0.0827092 -0.00900915 -0.204307 0.977881 0.0448037 -0.108493 -0.071911 -0.0606383 0.995566 0.114881
0.980474 0.196417 0.00959576 -0.00283453 -0.196311 0.980481 -0.0109578 -0.0908162 -0.0115607 0.00886007 0.999894 0.0901101
0.980638 0.195723 0.0064396 0.00166258 -0.195589 0.980534 -0.0172361 -0.0701938 -0.00968775 0.0156428 0.999831 0.078396
0.979616 0.20065 0.00960969 -0.00353437 -0.200557 0.979633 -0.00978 -0.0619399 -0.0113763 0.00765335 0.999906 0.09469
0.979623 0.200614 0.00959256 -0.00302777 -0.200522 0.979641 -0.00975581 -0.0625821 -0.0113544 0.0076335 0.999906 0.0901163
