0.8033073206050361 -0.5946434256622061 0.03311412053904294 0.5946325184249414 0.8039189377344933 0.011247647907704689 -0.03330940849023923 0.010655414987711088 0.9993882856214946 353610.3623 4025986.43 19.33936483
0.8032443743682249 -0.5947311503651367 0.033065598908238146 0.5947230620765875 0.803853327037523 0.011149351772760129 -0.03321075849851473 0.010709220142781691 0.9993909936175567 353610.3723 4025986.437 19.33850632
0.8031685518224031 -0.5948371062726944 0.03300142973616849 0.5948299629835997 0.8037748741651731 0.011102558159703553 -0.03312993360140198 0.010713013669717863 0.9993936355799347 353610.3823 4025986.445 19.33764937
0.8030973545574592 -0.5949360240612959 0.032950969286923676 0.5949290929649184 0.8037017868109747 0.011082067532102377 -0.03307587408898187 0.010703511152125852 0.9993955280079385 353610.3924 4025986.452 19.33678632
0.8030242280222486 -0.5950362741304652 0.03292296581727821 0.5950300357662156 0.8036274375946736 0.01105432408948716 -0.033035522476995406 0.01071326345951677 0.9993967581700068 353610.4026 4025986.459 19.33592464
0.8029416269411573 -0.5951520845091491 0.032844178015320094 0.5951467695736072 0.8035416905654091 0.011003371727983855 -0.03294034594820018 0.010712041248012553 0.9993999128382561 353610.4128 4025986.466 19.33506262
0.8028520470564825 -0.5952799613160461 0.03271632914589479 0.5952756730396026 0.8034471571596236 0.01093337730839403 -0.03279426206616224 0.010697350498422645 0.999404874446713 353610.4233 4025986.474 19.33418894
0.8027688150786928 -0.5953994650172576 0.03258383946552116 0.5953965723390227 0.8033586975927169 0.0108500990353237 -0.03263665399660725 0.010690185185343 0.9994101103934304 353610.4337 4025986.481 19.33332384
0.8026872927888591 -0.5955149283889238 0.03248199595510453 0.5955127138106233 0.8032733038487807 0.010798472751795955 -0.03252257193395506 0.010675644701816627 0.9994139847555673 353610.4442 4025986.489 19.33245454
0.8026008405043987 -0.5956362287815489 0.03239403933638585 0.5956335159193271 0.8031838777073766 0.010787645921264521 -0.03244388286277633 0.010636801861289735 0.9994169564856052 353610.4547 4025986.496 19.33158741
0.802512817004785 -0.5957583651832927 0.03232876207303303 0.5957549078257374 0.8030937828151887 0.010791932409797384 -0.03239241183659378 0.01059935458982825 0.9994190239022307 353610.4653 4025986.504 19.3307205
0.802424323835342 -0.5958790230677014 0.032301615830725945 0.5958755834246108 0.803004339197825 0.010785189281785304 -0.03236500572800457 0.010593445961818718 0.9994199744386142 353610.4759 4025986.512 19.32985199
0.8023345167916904 -0.5960031550013869 0.03224224547139588 0.59599996766475 0.8029123525127696 0.010760702859355778 -0.032301110015941145 0.0105826939293907 0.9994221554883278 353610.4864 4025986.519 19.32899143
0.8022455954353738 -0.5961285279339585 0.032136938059410716 0.5961255288804506 0.8028196363860881 0.010723117546338446 -0.03219252120517989 0.010555075376378701 0.9994259512151229 353610.4973 4025986.527 19.32811435
0.8021558822644262 -0.5962563537446137 0.03200470540027537 0.5962534224851066 0.8027252233598327 0.010680447401874746 -0.03205926891520466 0.010515531421912123 0.9994306513588314 353610.5083 4025986.535 19.32723955
0.8020648774359814 -0.596383685860802 0.03191287550015314 0.5963811045366239 0.8026308754801407 0.010642174479850513 -0.03196107844364366 0.01049652156988746 0.9994339960696015 353610.5192 4025986.543 19.32636501
0.8019744701557004 -0.596507932927104 0.03186275527190343 0.596505131761499 0.8025387950980177 0.01063532532736377 -0.03191515315144943 0.010477037637405087 0.9994356681055885 353610.5304 4025986.551 19.32548701
0.8018872873071919 -0.596626226830551 0.03184217192738708 0.5966235303594803 0.8024508776355302 0.010627888000814118 -0.031892655526056614 0.010475420750853726 0.99943640322113 353610.5414 4025986.559 19.32461297
0.8018031220881803 -0.5967409462072671 0.03181189289090518 0.5967386738568331 0.802365529784586 0.010607154995052135 -0.03185449000117618 0.010478536785088335 0.9994375877130142 353610.5524 4025986.567 19.32374248
0.8017166362647931 -0.5968597882395958 0.031762057849739414 0.5968580510083872 0.8022771364509866 0.01057654359771448 -0.03179468639151824 0.010478048987743526 0.9994394971215993 353610.5636 4025986.575 19.32286538
0.801627138509742 -0.5969838983146892 0.0316884199303093 0.5969826270111077 0.8021849195484384 0.01054029866663327 -0.03171236117982015 0.010468046716655913 0.9994422175125176 353610.575 4025986.583 19.32198199
0.8015409720447073 -0.5971037579868445 0.031609687306485536 0.5971031812119839 0.8020957839761355 0.010494966137988197 -0.031620580642273445 0.010462099487999236 0.9994451877687685 353610.5865 4025986.591 19.3210959
0.8014557607902643 -0.5972210923430592 0.03155361083397324 0.5972216326313855 0.8020082625183491 0.010443580296103787 -0.03154338303354658 0.010474431386092794 0.9994474980077427 353610.5978 4025986.6 19.32021857
0.8013688284575005 -0.5973398460960186 0.03151363264744418 0.5973409832866079 0.8019197587079057 0.010413946420202842 -0.03149206984054416 0.010478972270180124 0.9994490685759425 353610.6092 4025986.608 19.3193415
0.8012845086783695 -0.5974545468722584 0.031483338033447036 0.5974554546658831 0.8018344814640778 0.010413646105775852 -0.03146610624222165 0.010465598735755772 0.9994500264650831 353610.6209 4025986.616 19.31845325
0.8012030151025552 -0.5975653938346817 0.03145359568915297 0.5975658520054881 0.8017521229462123 0.010420454318174824 -0.03144489000664667 0.010446695288164729 0.9994508919651963 353610.6326 4025986.625 19.31756622
0.801120912593881 -0.5976772414013979 0.03141971539595138 0.5976777640136332 0.8016688413342505 0.010409574317144486 -0.03140977249855801 0.01043953756713233 0.9994520710103978 353610.6442 4025986.633 19.31668032
0.8010370892406194 -0.5977925238181055 0.03136367529636628 0.5977933021595839 0.8015830048646737 0.010385287923849297 -0.03134883656623678 0.010429994213829766 0.9994540838210844 353610.656 4025986.642 19.31579173
0.8009539713574965 -0.5979077806230751 0.031289321453867334 0.5979087570581937 0.8014972595019978 0.010356700435625957 -0.03127065716899489 0.010412918955601569 0.999456710978041 353610.6679 4025986.65 19.3149013
0.8008726778645926 -0.5980199224156788 0.03122701144749481 0.5980211552611849 0.8014137419748942 0.010330151686945068 -0.031203392605198763 0.010401277216913958 0.9994589344851457 353610.6797 4025986.659 19.31401725
0.8007924375813942 -0.5981293774344226 0.031188455594325076 0.5981306481899195 0.8013321767373108 0.010318440839116217 -0.03116407560566997 0.010391841769080897 0.9994602593481597 353610.6918 4025986.668 19.31312039
0.8007120501257314 -0.5982380942633898 0.031167216037946865 0.5982390884501618 0.8012511700135576 0.01032257730535034 -0.031148127291509543 0.010380034875322177 0.9994608791954888 353610.7039 4025986.677 19.31222633
0.8006326956822503 -0.5983448717648809 0.03115607544671466 0.5983458719157693 0.8011714516851094 0.01032097699504807 -0.031136861851045503 0.010378797495018147 0.9994612430687977 353610.7161 4025986.685 19.31133276
0.8005546459888279 -0.5984503147566308 0.031136466617012575 0.5984518083464886 0.8010925822534914 0.010300861383925709 -0.031107746181946998 0.010387272313882617 0.9994620616618507 353610.7282 4025986.694 19.31043951
0.8004735957727467 -0.5985620816594863 0.031071801848494382 0.5985639718122719 0.8010091893873101 0.010268893095275275 -0.0310353688389123 0.010378483345217761 0.9994644030501967 353610.7405 4025986.703 19.30954009
0.8003918117740781 -0.598674406280726 0.031014559636221763 0.5986767719217855 0.8009252964352576 0.010236810607073706 -0.03096886188284798 0.010374237057005128 0.999466510093843 353610.753 4025986.712 19.30863775
0.8003146084341516 -0.5987794100655578 0.030979761271408945 0.5987827581800248 0.8008465878371099 0.0101956488749065 -0.030914980724768178 0.010390420164800063 0.9994680100611456 353610.7654 4025986.721 19.30773727
0.8002378846292003 -0.5988820000089866 0.03097867120163123 0.5988869771427977 0.8007692999798097 0.010144792684309066 -0.03088230258489048 0.010434475314152295 0.9994685613424634 353610.7779 4025986.731 19.30683856
0.8001591608929624 -0.5989865502751944 0.030990802320891787 0.5989931013264457 0.800690483607619 0.010100199182381722 -0.03086392396305013 0.010481509892159437 0.9994686369006202 353610.7904 4025986.74 19.30594124
0.8000767102810759 -0.599096560967514 0.03099303635834147 0.5991037630141541 0.8006079125100681 0.010082240254602446 -0.030853505604580965 0.010501479094351108 0.9994687489505308 353610.8028 4025986.749 19.30504513
0.7999922801821924 -0.5992119404351958 0.030941914756270287 0.5992188175699832 0.8005218583289606 0.010077847368323066 -0.030808445577928365 0.010478777478090616 0.9994703772016642 353610.8156 4025986.758 19.30413823
0.7999132049757427 -0.5993206389121098 0.03088100191729721 0.5993279144778311 0.8004405780158053 0.010046491595451748 -0.03073947678619985 0.010471525185199965 0.9994725767759747 353610.8281 4025986.767 19.30324187
0.7998356475457493 -0.5994252276233335 0.030859899607526685 0.5994339935360112 0.8003618099653568 0.009993024689616645 -0.030689156204448308 0.010505695488299917 0.9994737645650165 353610.8412 4025986.777 19.30232575
0.7997555972564782 -0.5995332166858783 0.030836775888824827 0.5995436545566851 0.8002804157994468 0.009932893268268598 -0.030633167282345667 0.010544106322882505 0.9994750776703257 353610.8537 4025986.786 19.30143133
0.7996734548735 -0.5996444980671727 0.030803271067359684 0.5996553805848548 0.8001969958371254 0.00990920727772108 -0.030590686594350488 0.01054721721632317 0.9994763459445543 353610.8669 4025986.796 19.3005176
0.7995952999972814 -0.5997514812555981 0.03074925940528667 0.5997613280587203 0.8001173720804784 0.009926744696511745 -0.03055659646455797 0.010504838254133095 0.9994778350647686 353610.8797 4025986.805 19.2996146
0.7995136751533648 -0.5998610731277607 0.030733958234684545 0.5998704579413032 0.8000354062288161 0.009938937045002753 -0.03055023620286992 0.010490077516621031 0.9994781845251273 353610.8929 4025986.815 19.29870139
0.7994302477362706 -0.5999732544588006 0.030714376738596668 0.5999832003172314 0.7999511408060719 0.009916232155273264 -0.030519474789356186 0.010500774122871877 0.9994790119864461 353610.9062 4025986.824 19.29778779
0.7993536973230532 -0.6000756198615943 0.030706953995609125 0.6000862921801221 0.7998741082946369 0.009892058298098888 -0.030497680460621 0.01051956879265013 0.9994794796087305 353610.9194 4025986.834 19.29687569
0.7992759542589943 -0.600182185696586 0.03064788599304444 0.6001926173336211 0.7997944556625254 0.009881841412522801 -0.030442914472689087 0.010496316685077554 0.9994813936709652 353610.9326 4025986.844 19.29596493
0.7991893300938352 -0.6003008531146036 0.030582681603257302 0.6003106156975991 0.7997058669935891 0.00988387458446833 -0.030390448251655853 0.010460021315042296 0.9994833708517378 353610.946 4025986.854 19.29504874
0.7991132440242436 -0.6004050573291777 0.03052524133560542 0.6004140340038384 0.7996281212697006 0.009892191159032367 -0.030348162980444376 0.01042280232164927 0.999485044508159 353610.9594 4025986.863 19.29413412
0.7990400146028974 -0.6005031449055512 0.030512751792391903 0.6005119425927027 0.7995545500041791 0.0098958764722187 -0.0303391144719193 0.01041607057182813 0.999485389391412 353610.973 4025986.873 19.29321392
0.7989594626076635 -0.600609983324383 0.03051925688410733 0.6006188502581817 0.7994742174577962 0.009898097533590925 -0.030344255209408325 0.010422262294190595 0.9994851687866396 353610.9866 4025986.883 19.29229531
0.7988833400479043 -0.6007121995828286 0.030500201085635958 0.6007209222867305 0.7993975192772922 0.009898469593375264 -0.030327916527256162 0.010414386475975717 0.9994857467885396 353611.0001 4025986.893 19.29138348
0.7988088527731542 -0.6008138967586278 0.030447958764923524 0.6008212127967811 0.7993217646591408 0.009929088357072185 -0.03030325039732068 0.010362335832731615 0.99948703593966 353611.0138 4025986.904 19.29045925
0.798734517480089 -0.6009164279278945 0.030374614931373604 0.6009229143276165 0.7992452533623606 0.009933580106904493 -0.030246018280986477 0.01031850881260199 0.9994892229304079 353611.0276 4025986.914 19.28953652
0.7986653039379739 -0.6010110045743081 0.030323335341692507 0.6010170736255945 0.7991744708900866 0.00993188240348008 -0.03020280609794923 0.010292592391179968 0.99949079687893 353611.0415 4025986.924 19.28861475
0.798604140006266 -0.6010946105242835 0.030277000569946543 0.6011001539583708 0.7991119417833268 0.00993526096810245 -0.030166744538903525 0.010265169162823266 0.9994921679663045 353611.0554 4025986.934 19.28768837
0.798537963853104 -0.6011846179648874 0.0302353337628549 0.6011896754194166 0.7990445473767127 0.00993908832040814 -0.030134605596148077 0.010240431141153583 0.9994933912315819 353611.0694 4025986.944 19.28676366
0.7984760728029288 -0.6012688475671633 0.030194935112820478 0.6012732914203065 0.7989815244101507 0.009947495957424233 -0.030106314716406377 0.010212570513201043 0.9994945288583172 353611.0834 4025986.955 19.28584054
0.7984210540145338 -0.6013451655441043 0.03012992504230241 0.6013479032165722 0.798924917477209 0.009983763371943533 -0.030075235715670497 0.010147320373802194 0.9994961290999972 353611.0974 4025986.965 19.28491892
0.7983623051091038 -0.6014270850416417 0.030051475158339603 0.6014284108104553 0.7988640349617347 0.010006013924967982 -0.030024930489323077 0.010085386604898834 0.9994982683957693 353611.1115 4025986.976 19.28399543
0.7983079593941567 -0.601501862206401 0.029998528800082146 0.601503400430526 0.7988078649382669 0.00998269418953801 -0.029967669886926864 0.010074952853456484 0.9995000920893148 353611.1258 4025986.986 19.28306456
0.7982631807430909 -0.6015632393933952 0.02995936048129472 0.601565368815159 0.7987615937447792 0.009951050225094335 -0.029916572534387443 0.010078956732978303 0.9995015824494575 353611.14 4025986.997 19.28213912
0.7982141970010005 -0.6016326627195094 0.029870300552233987 0.6016341443057702 0.7987098783673596 0.009944174367993396 -0.029840444224434246 0.01003341155491369 0.9995043164194231 353611.1543 4025987.007 19.28121252
0.7981607306001931 -0.6017080358871463 0.029780659438615926 0.6017085125985326 0.7986537903083641 0.009949326235740996 -0.029771026086241336 0.00997811479771434 0.9995069400613765 353611.1687 4025987.018 19.28028666
0.7981177711586743 -0.601767304207734 0.029734406791906528 0.601767416389394 0.7986094338525165 0.00994729781382305 -0.029732136363600673 0.009954081992816834 0.9995083372933597 353611.1833 4025987.029 19.27935296
0.7980789637435005 -0.6018194246721249 0.029721166151633373 0.6018198903785756 0.7985700807874266 0.009932049933527781 -0.0297117346316169 0.009960228836500877 0.9995088827352686 353611.1978 4025987.039 19.27842552
0.7980366995622719 -0.6018770486887703 0.029689129550251193 0.6018778291406264 0.7985266640085069 0.0099118946933423 -0.02967330350202122 0.009959173115296325 0.9995100349321844 353611.2124 4025987.05 19.2774955
0.7979949588646182 -0.6019353154457783 0.02962974258827796 0.6019359632822443 0.7984830198883243 0.009897628882650427 -0.029616578704045313 0.009936949693612147 0.9995119385463356 353611.2269 4025987.061 19.27657077
0.7979544222721415 -0.6019925247332327 0.02955909575141133 0.6019929458820841 0.7984402446154768 0.009882757033725521 -0.029550517500426705 0.009908377449700311 0.9995141774741223 353611.2417 4025987.072 19.27563923
0.7979136260373199 -0.6020500189360968 0.029489321508334738 0.6020505495528735 0.7983971310964244 0.009856816934596719 -0.029478486512358123 0.009889173678564176 0.9995164946497362 353611.2566 4025987.083 19.27470393
0.7978757144435024 -0.6021022411595338 0.02944886231991636 0.602103154642039 0.7983577748048544 0.009831306054972398 -0.02943017960148712 0.009887092560916877 0.9995179387731449 353611.2716 4025987.094 19.27376601
0.7978367046105176 -0.6021560193247186 0.029406141658486498 0.6021570010422108 0.7983173539461089 0.009815726378320429 -0.029386031921317446 0.009875767286258953 0.9995193496618398 353611.2866 4025987.105 19.27283407
0.7977888321993438 -0.6022214654401643 0.029364702980081907 0.6022222075285577 0.7982682201506648 0.009811292316547208 -0.029349480019895787 0.009856736812500752 0.9995206114743063 353611.3015 4025987.116 19.27190404
0.797744403751717 -0.6022831386805793 0.029306776415834554 0.6022835174641742 0.7982220349750027 0.009805481698901003 -0.029298991003093945 0.009828720233876787 0.999522368626518 353611.3166 4025987.127 19.27096841
0.7977020672227112 -0.6023419499655305 0.029250423250543015 0.6023421394973121 0.798177937543632 0.009794233221385442 -0.029246520039383203 0.009805882434373478 0.9995241296413356 353611.3319 4025987.139 19.27003176
0.7976522878235773 -0.6024103353349752 0.029199582384273316 0.6024111842872235 0.7981262968626675 0.009755988004827694 -0.029182062563808682 0.009808268852772247 0.999525990200672 353611.347 4025987.15 19.26910042
0.7976001987279634 -0.6024800872678969 0.02918334173429451 0.6024822119198857 0.7980732642092238 0.009708206557155197 -0.029139445932191317 0.009839176800012568 0.9995269297475996 353611.3623 4025987.161 19.26816357
0.7975482580130234 -0.6025509713223882 0.02913937368644431 0.6025536746621281 0.7980197148680177 0.009674907396659252 -0.029083419530000095 0.00984183115147704 0.9995285353945768 353611.3779 4025987.173 19.26722219
0.7974905038646078 -0.6026305286761394 0.029074768327383104 0.6026331892127424 0.7979598978841952 0.009656118678020553 -0.02901957106942032 0.009820757412841453 0.9995305984404806 353611.3933 4025987.184 19.2662876
0.7974354818231159 -0.6027058607953197 0.029022365384442864 0.6027088337953879 0.7979030904830917 0.009629115355777004 -0.02896055929257747 0.009813437751576797 0.9995323818891299 353611.4088 4025987.196 19.26534914
0.797383748308738 -0.6027735849468782 0.029037273002059022 0.6027782488965322 0.7978512771021402 0.009577175142723198 -0.028940293542699676 0.00986635275939779 0.9995324479439823 353611.4244 4025987.208 19.26441244
0.7973284749465719 -0.6028462173818961 0.02904722409652228 0.6028529044551266 0.797795647255867 0.009512140117250677 -0.028908106637962366 0.00992690323978181 0.9995327798339964 353611.4399 4025987.219 19.26347954
0.797269906464848 -0.6029248400814783 0.029022981553528258 0.6029325591462805 0.7977359552865211 0.009469676046123927 -0.028862178830599616 0.00994901280657845 0.9995338872581184 353611.4557 4025987.231 19.26253887
0.7972090449837913 -0.6030081813135916 0.02896328477410583 0.6030163215000938 0.7976730376778196 0.009436152093690494 -0.02879330825950348 0.00994274764410817 0.999535935906638 353611.4716 4025987.243 19.26159576
0.7971488153698937 -0.60308907744417 0.02893666915723773 0.6030987889844006 0.7976114214515275 0.00937395837539094 -0.02873354972719153 0.009979230311702747 0.9995372919918802 353611.4875 4025987.254 19.26065531
0.7970983763650805 -0.6031570981374772 0.028908361463949973 0.603168849974351 0.797559372492749 0.009294394525291488 -0.02866211465980117 0.01002807635344721 0.9995388541061714 353611.5034 4025987.266 19.2597171
0.797045409650971 -0.603228276842858 0.02888357615518103 0.6032414078515261 0.7975051378704426 0.009238989314587902 -0.02860801998783751 0.010059875120631516 0.9995400842912369 353611.5196 4025987.278 19.25877087
0.7969823237925062 -0.6033128106287887 0.028858761121852698 0.6033266011398993 0.7974410377388783 0.009208891731252321 -0.028569002770026657 0.010071934329228581 0.9995410788054656 353611.5355 4025987.29 19.25783456
0.7969246922268456 -0.6033899322320951 0.028837902144490588 0.6034047491187665 0.7973823877964845 0.009167135479288656 -0.028526192526625676 0.010095410488173967 0.9995420646611174 353611.5514 4025987.302 19.25690319
0.7968754975438348 -0.6034560066159795 0.028814744374375173 0.6034724386306025 0.7973318885298483 0.009103589767751278 -0.028468530476642655 0.010134476430509853 0.9995433132986183 353611.5676 4025987.314 19.25596237
0.7968212530128964 -0.6035292931033784 0.028779908149511847 0.6035473554588191 0.797275957867247 0.00903530439609135 -0.028398599712380304 0.010170514883739152 0.9995449365393114 353611.5839 4025987.326 19.25502147
0.7967621326236964 -0.6036095292819256 0.028733955122670875 0.6036289201101493 0.7972149029918876 0.008973586478680273 -0.028323679556060164 0.010194832401154852 0.9995468145958538 353611.6004 4025987.339 19.2540772
0.7967035687562934 -0.6036888563828626 0.0286912566845327 0.6037095385342395 0.7971545216090575 0.00891413265610428 -0.028252727545530057 0.01021926403350135 0.9995485731213125 353611.6167 4025987.351 19.25314084
0.796647425368006 -0.6037637849782689 0.02867353489268538 0.6037863435119768 0.7970971441818179 0.008842744236224047 -0.02819452150621463 0.010268139359441927 0.9995497157576159 353611.6333 4025987.363 19.25219548
0.7965954734368448 -0.6038349244394083 0.02861880024011254 0.6038580821263901 0.7970432391585014 0.008802929192157635 -0.02812593732780136 0.010269320278294795 0.9995516358400174 353611.6498 4025987.376 19.25125753
0.7965449990030472 -0.6039022126755759 0.028603882407453193 0.603927228468773 0.7969916201355355 0.008732705638060096 -0.028070754839551425 0.010318670422017418 0.999552678833617 353611.6662 4025987.388 19.25032275
0.7964886148383833 -0.6039775983559735 0.028582286769671963 0.6040033403244617 0.7969342935593942 0.008700380789473971 -0.02803303960910948 0.010334042439418928 0.9995535784824815 353611.6831 4025987.401 19.24937715
0.7964344759811756 -0.6040501480217836 0.02855773351391206 0.604077437316383 0.7968788132751717 0.008637515755432926 -0.02797454546300459 0.010371867142190808 0.9995548254988933 353611.6999 4025987.413 19.24843305
0.7963791840215084 -0.60412512286055 0.02851370172324381 0.6041529942970645 0.7968219173424018 0.008601832634390655 -0.027916925674721618 0.010376317820125498 0.999556390249879 353611.7164 4025987.425 19.24750469
0.7963304561424869 -0.6041892799748485 0.028515234233180666 0.6042191861366715 0.796772490118292 0.008530773413640823 -0.02787435603269395 0.010436136937136178 0.9995569555165891 353611.7334 4025987.438 19.24655867
0.7962831083780006 -0.6042538148123472 0.028469959546774344 0.6042850392762223 0.7967232198756109 0.008467716219470423 -0.02779932766819783 0.010461271230812275 0.9995587822561671 353611.7505 4025987.451 19.24561487
0.7962310275937089 -0.6043221503046791 0.028476118910332363 0.6043552741206296 0.796670629021715 0.008403064722093323 -0.027764245706396466 0.01051891179133675 0.9995591524042392 353611.7675 4025987.464 19.24467386
0.7961811636914355 -0.6043890640050202 0.028450200246872833 0.604423367765941 0.7966195052507299 0.008352026853436272 -0.027711858137441172 0.010546239387479273 0.9995603182166409 353611.7845 4025987.477 19.24373493
0.7961270976965619 -0.6044594228248098 0.028468411819889565 0.6044956447835704 0.7965652967782726 0.008291164347543664 -0.027688621326178296 0.010608210350493214 0.9995603063958748 353611.8016 4025987.489 19.24279831
0.7960773587366524 -0.6045246936177168 0.028473386052260893 0.60456313403807 0.7965148733391965 0.008214226166268374 -0.027645178041424648 0.01067480003792229 0.9995607999392576 353611.8187 4025987.502 19.24186074
0.7960272596955527 -0.6045903029840237 0.02848099996973026 0.6046302785305518 0.7964644327003065 0.00816294845300924 -0.02761934296207648 0.010722545456441647 0.9995610030974988 353611.8362 4025987.515 19.24090997
0.795970992206932 -0.6046651036780791 0.028465627677784242 0.6047061763657618 0.7964072618397546 0.008118716278135266 -0.02757933701546565 0.010751078219530408 0.9995618012343734 353611.8535 4025987.528 19.23997134
0.7959131985166057 -0.6047400700748832 0.02848908690870651 0.604783060840378 0.7963494761712019 0.00805984630102854 -0.02756138145322106 0.010814779132191208 0.9995616093091572 353611.8709 4025987.541 19.23902927
0.7958544510619199 -0.6048160907805286 0.028516469940888203 0.6048613282874592 0.7962907278542256 0.007990636752983891 -0.027540266288849945 0.010889126059833843 0.9995613841412604 353611.8884 4025987.555 19.238086
0.7957934478093376 -0.6048961981295305 0.028519781068002573 0.6049429222701482 0.7962292535484514 0.007939558484515283 -0.0275108927332513 0.01093459108130603 0.9995616966945582 353611.9062 4025987.568 19.2371355
0.7957344558511438 -0.6049756236406227 0.02848105636952325 0.605022569215474 0.7961689526457508 0.007917675345414033 -0.027465733399843748 0.010931314816070643 0.9995629744269247 353611.9238 4025987.581 19.23619227
0.7956692618393975 -0.6050617011425955 0.02847391041598106 0.6051089690226633 0.7961034164357701 0.007904805350217472 -0.02745107233385225 0.010940207937866318 0.9995632798767661 353611.9415 4025987.594 19.23524756
0.7956009582692081 -0.605151239858674 0.028479678696001348 0.6051995239808343 0.7960349048745068 0.007871873652864613 -0.0274344924226698 0.010973017768353905 0.9995633754327766 353611.9595 4025987.608 19.23429484
0.7955339535650354 -0.6052390634097833 0.028485168913534222 0.6052883174279331 0.7959677002133428 0.007840472074046855 -0.02741863436508112 0.011004378216440845 0.9995634657937552 353611.9774 4025987.621 19.23334586
0.7954657888586147 -0.6053296632708987 0.028463617477090388 0.6053795320882487 0.7958986164121897 0.007811179281976806 -0.027382492292609705 0.011017765540366124 0.9995643090658763 353611.9952 4025987.635 19.23240328
0.7953946060905162 -0.6054240107286257 0.028446227085112526 0.6054744880015674 0.7958266498041996 0.007783819156677398 -0.02735077661333652 0.011032257007929595 0.9995650175571165 353612.0132 4025987.648 19.23145575
0.7953243703097599 -0.6055174713374041 0.02842073004939068 0.6055683462696431 0.7957554570892419 0.007760831717130662 -0.02731527022809491 0.011038315897278508 0.9995659215852241 353612.0314 4025987.662 19.23050225
0.7952521917837269 -0.6056135321998682 0.028393680275333573 0.6056648677950026 0.7956822474793844 0.007734918552758129 -0.027276718681702623 0.011045843677823963 0.9995668911860799 353612.0496 4025987.676 19.22955417
0.7951804959138035 -0.6057082987446241 0.02838019996707316 0.6057606713469841 0.7956097172901602 0.007693295959653502 -0.0272394560799019 0.01107405008860696 0.9995675952366134 353612.0679 4025987.69 19.2286001
0.7951105423008837 -0.6058012217045078 0.028356750577607788 0.6058544788620549 0.795538673215241 0.0076530949113680444 -0.027195145978332926 0.011095007898159854 0.9995685693512764 353612.0863 4025987.704 19.22764839
0.7950354299787926 -0.6059022790718932 0.02830359153751493 0.6059555855166631 0.795461870572035 0.00763156911764175 -0.027138412989612254 0.011083351547482143 0.9995702405828619 353612.1046 4025987.717 19.22669889
0.7949587030592749 -0.6060062588957486 0.02823250979801392 0.6060592713603296 0.7953830303950266 0.007615415800260572 -0.027070648837853074 0.01105663324902543 0.9995723739843425 353612.123 4025987.731 19.22575229
0.7948857715436687 -0.6061044979014012 0.0281770797123655 0.6061573413435677 0.7953084327540246 0.0076009424175217406 -0.02701643449317611 0.011037862747262485 0.9995740482091602 353612.1414 4025987.745 19.22480849
0.7948107269167761 -0.6062053884842609 0.028123572864635377 0.6062580830515605 0.7952317780371307 0.007586562762606816 -0.02696377408066708 0.011020261909327457 0.9995756643270066 353612.1599 4025987.759 19.22386062
0.7947294083241468 -0.6063146993087858 0.028065155386141582 0.6063667834129731 0.7951488879836577 0.0075874838884274765 -0.0269163801087012 0.010987781416160983 0.999577299232728 353612.1788 4025987.773 19.2229054
0.7946517349166927 -0.6064201289581714 0.027986557277471524 0.6064711781407413 0.7950691865941032 0.007595960319310018 -0.026857592566565693 0.01093689731807343 0.9995794385633302 353612.1976 4025987.788 19.22195316
0.794574375423564 -0.6065257048480042 0.02789500455072375 0.6065754960263197 0.7949894912387838 0.007607656690727499 -0.026790474812468563 0.010875577158540003 0.9995819087402449 353612.2164 4025987.802 19.221003
0.7944949441026345 -0.60663517243463 0.02777681336219473 0.6066834494708667 0.7949070079011933 0.007618459667317328 -0.02670160919274142 0.01079890525835131 0.9995851177922465 353612.2354 4025987.816 19.2200529
0.7944169565057546 -0.6067429070403678 0.02765400463472684 0.6067898579389281 0.7948257631397475 0.007620666097745786 -0.026603900439397133 0.010726183175830567 0.9995885060743191 353612.2543 4025987.831 19.21910643
0.7943367365740035 -0.6068526076364097 0.02755107137394213 0.6068990517117335 0.7947425845911418 0.007600346623056148 -0.02650829983912399 0.010683484557098097 0.9995915031638463 353612.2735 4025987.845 19.21815547
0.7942580404900481 -0.6069602342997037 0.027448845071479978 0.6070063000604194 0.7946609111363601 0.007575486709795061 -0.026410543422454563 0.010644730657890513 0.99959450423927 353612.2927 4025987.86 19.21720758
0.7941812227748088 -0.6070657580233864 0.027337718035727814 0.6071107556344612 0.7945811326166844 0.007573247819856071 -0.026319494388444047 0.010582491440042594 0.9995975665686958 353612.3118 4025987.874 19.21626574
0.7941021097711958 -0.6071740414345833 0.02723091377333645 0.6072180776103103 0.7944991610421691 0.007568971299246531 -0.02623062104059334 0.01052456703548818 0.999600514209822 353612.331 4025987.889 19.21532305
0.7940228334016103 -0.6072811008113115 0.027155195346023113 0.6073248684249857 0.7944177041760081 0.007550859838085492 -0.02615806241778318 0.010496470317323205 0.9996027110214463 353612.3503 4025987.903 19.21438196
0.7939491699686417 -0.6073815525943241 0.027062244441536053 0.6074256804422707 0.7943410908820345 0.0075016048672371174 -0.02605298918261764 0.01048240928641946 0.9996056026504667 353612.3699 4025987.918 19.21343461
0.7938716798963997 -0.6074884292834573 0.026936297911668624 0.6075327304063447 0.7942597406506183 0.007446198132221695 -0.02591789620088648 0.010453356797246486 0.9996094187172255 353612.3894 4025987.933 19.21249261
0.7937948177903675 -0.6075944727874415 0.026809399234384496 0.6076392365984721 0.7941788894855436 0.007379000036253634 -0.025774898548464098 0.010433030895191988 0.9996133284781454 353612.4092 4025987.948 19.2115473
0.793722040215932 -0.6076939279005705 0.02670978974523422 0.6077389438917896 0.7941030394738026 0.007330673622570073 -0.025665131068253404 0.010414062187476961 0.9996163505845653 353612.4291 4025987.963 19.21060408
0.7936448019950689 -0.6077985446042655 0.02662437685927758 0.6078441307529316 0.7940230335319114 0.0072756394903920624 -0.025562491573026026 0.010409197746126338 0.9996190312448344 353612.449 4025987.978 19.20966495
0.7935668786720607 -0.6079028271043532 0.026566179123430504 0.6079492066632124 0.793943067246835 0.007222747971403718 -0.025482762649563798 0.010419153959060562 0.9996209631848082 353612.4688 4025987.993 19.20872989
0.7934987051470814 -0.6079950828547647 0.026491209000974424 0.6080421818680826 0.7938723835125466 0.007165456385308382 -0.02538720148041037 0.010421992157745787 0.9996233651133096 353612.4889 4025988.009 19.20779295
0.7934301621674379 -0.6080902846453483 0.026358745852040913 0.6081376006866511 0.7937998422018783 0.007104164367216746 -0.025243541630217664 0.010393086173624461 0.9996273042318078 353612.5089 4025988.024 19.20685889
0.7933580432753459 -0.6081921394466572 0.02617893591443848 0.6082393097894347 0.7937225038024197 0.007037683176289486 -0.02505907414862645 0.01033965535768706 0.9996324996366903 353612.529 4025988.039 19.20592992
0.7932839943772416 -0.6082954256394595 0.02602267109651736 0.6083433747876585 0.7936435745108481 0.006943701434153163 -0.02487654752676169 0.010322392346396625 0.9996372370012014 353612.5491 4025988.054 19.20500706
0.7932053439187081 -0.6084029779323049 0.025905575112456797 0.608451188068282 0.7935614207109216 0.006886457547951304 -0.02474740627015268 0.010299903027062159 0.999640674382817 353612.5693 4025988.07 19.20408464
0.7931338814575449 -0.6085005551695795 0.025801558914194004 0.6085486465304581 0.7934870046270597 0.0068496929802722714 -0.02464124367876926 0.010268780175372794 0.9996436171274607 353612.5897 4025988.085 19.20316076
0.7930726690328915 -0.6085838177129603 0.025719223374047563 0.6086314660635288 0.7934236088049904 0.006834874411810771 -0.0245658329882269 0.010232976535882562 0.9996458403058609 353612.6098 4025988.101 19.2022523
0.7930050932835502 -0.6086762241428516 0.025615936241899135 0.6087234646311712 0.7933532415405693 0.006810120740084176 -0.024467644630638583 0.010192561026177332 0.999648661313542 353612.6304 4025988.116 19.20133005
0.7929262574348745 -0.6087836615602149 0.025503013305507742 0.6088303322984985 0.793271419611154 0.006788320956222774 -0.024363430456797515 0.010144370135320852 0.9996516968479244 353612.651 4025988.132 19.20041149
0.7928592176827063 -0.6088779135075378 0.025336680490428976 0.6089245695201889 0.7931996556798082 0.006721224894783148 -0.024189451631228064 0.010099142148757737 0.9996563798414131 353612.6716 4025988.148 19.19949718
0.7927925652532952 -0.608970771317788 0.025190239373972755 0.6090180513072972 0.7931286031365907 0.006635666391762364 -0.02402002624815441 0.010080603514610875 0.9996606523074814 353612.6923 4025988.164 19.19858886
0.7927153888844246 -0.6090763321836535 0.025066587313058317 0.6091239646539007 0.7930478045369879 0.006570799295139091 -0.023881120370053868 0.010059885325945562 0.9996641890140407 353612.7129 4025988.179 19.19768554
0.7926408061430829 -0.6091756506313312 0.02501157961301212 0.6092225345664218 0.792972002774615 0.006580744037033012 -0.023842311408684785 0.010021451666813955 0.9996655014019344 353612.7339 4025988.195 19.19677594
0.7925835413839404 -0.6092508001347364 0.024995848904865836 0.6092970986729035 0.7929145512416106 0.006599998340708903 -0.023840626587269632 0.009998848158593835 0.9996657679241736 353612.7551 4025988.212 19.19586496
0.7925209243688834 -0.609333887900894 0.02495591098459786 0.6093803223923939 0.7928507676341079 0.006578977348186418 -0.02379510702712922 0.009993663872003483 0.9996669043056196 353612.7759 4025988.228 19.19496505
0.7924434068513201 -0.6094385985708514 0.02486044066121554 0.6094861163281678 0.7927701368760638 0.006494927306296405 -0.02366687434115994 0.010005231106957939 0.999669832699485 353612.797 4025988.244 19.19406116
0.7923648503969041 -0.609546154763034 0.024727091804156724 0.6095940649032706 0.7926877144976495 0.006423653103945432 -0.02351637493745212 0.009983611475422914 0.99967360053755 353612.8183 4025988.26 19.1931526
0.7922944485516855 -0.6096412286811191 0.02463897494532052 0.6096897016108925 0.7926146413056975 0.006363814694162555 -0.02340885609767351 0.009980114228614088 0.9996761589515789 353612.8397 4025988.276 19.19225077
0.7922325214441668 -0.6097231657608603 0.024602705151515854 0.6097724131931271 0.7925513892269981 0.006316608503441548 -0.023350290680166464 0.00999782820966164 0.9996773516271348 353612.8609 4025988.293 19.1913567
0.7921699469504326 -0.6098041100304704 0.024611431053369187 0.6098546483258763 0.7924885105915065 0.0062664579929545515 -0.023325588178447078 0.010045295934003096 0.9996774524644075 353612.8823 4025988.309 19.19045999
0.7920952209652353 -0.6099001258284615 0.024637318004640738 0.6099524076916443 0.7924137579980701 0.00620455369403379 -0.023307107825751537 0.010112994106728949 0.9996772009378808 353612.9039 4025988.326 19.18956092
0.7920192688505476 -0.6100012976774258 0.024574267055207256 0.6100548255490523 0.7923355292056731 0.006125274090318709 -0.023207490035753505 0.010140315094836856 0.9996792417650864 353612.9254 4025988.342 19.18866404
0.7919524989711011 -0.6100922589530274 0.024467834784064838 0.6101474617713333 0.7922650961528691 0.006007687731947892 -0.02305025525731812 0.01017118397618334 0.9996825659923729 353612.9471 4025988.359 19.18776995
0.791882100252622 -0.6101872218097294 0.024378138559386826 0.6102447420967229 0.7921912105759243 0.005868613938207095 -0.022893100331776713 0.01022938054701194 0.9996855834365241 353612.9689 4025988.375 19.18687612
0.7918021547566283 -0.6102927305744278 0.024333736473660793 0.610352116113749 0.7921092189969501 0.005768841782428411 -0.022795659197079134 0.010284366195876297 0.9996872459593149 353612.9908 4025988.392 19.18598448
0.7917264558263601 -0.6103909024571816 0.024334447643994294 0.6104513744334195 0.7920330579669248 0.005723158211295053 -0.022767050686906442 0.010323821243592237 0.9996874912281091 353613.0127 4025988.409 19.18509693
0.7916543710720332 -0.6104843982939986 0.02433425984405853 0.6105458047995461 0.7919605526016338 0.005683604893854684 -0.022741525987018042 0.010357729603025535 0.9996877214576823 353613.0347 4025988.426 19.1842096
0.7915772046246792 -0.6105862086929571 0.024290139409631942 0.6106487696831518 0.7918816574417709 0.005614329143083773 -0.02266294780102092 0.010388568776998862 0.9996891859151692 353613.0569 4025988.443 19.18331882
0.7914963250142157 -0.6106950733037154 0.02418873563377504 0.6107585819619444 0.79179757538431 0.005527583139399937 -0.02252825001694336 0.010398416134091206 0.9996921280539707 353613.0792 4025988.46 19.1824311
0.7914096648174489 -0.6108112960083805 0.02408948115041556 0.6108750692330238 0.7917080955754723 0.005471854329887367 -0.02241410767980431 0.010385185064401658 0.9996948312900775 353613.1015 4025988.477 19.18154746
0.7913235633041271 -0.6109252929916715 0.024027162601930958 0.610988681144838 0.791620488097371 0.005462081780038107 -0.02235731809834973 0.010358050372568064 0.999696384468769 353613.1239 4025988.495 19.1806649
0.7912466412089688 -0.6110265030914717 0.023986773341429388 0.61108976404494 0.7915425381097349 0.005450746948666806 -0.02231710229901833 0.010345186446200897 0.9996974162527221 353613.1462 4025988.512 19.17978832
0.7911685426273336 -0.6111308490908633 0.023904444072628914 0.6111949991434842 0.7914618059746917 0.005374263230986581 -0.02220383252813453 0.010358328666340573 0.9996998023648414 353613.1685 4025988.529 19.17891429
0.7910863720489966 -0.6112440144791538 0.02372986982190698 0.6113089385182415 0.7913745770522504 0.005259323442467829 -0.021993945668234954 0.010345702430471896 0.9997045727589541 353613.1912 4025988.546 19.17803421
0.7910080150524521 -0.6113520809850829 0.023557444640469473 0.6114171028103416 0.7912915661681446 0.005175297302908076 -0.02180473604032579 0.010309722904811226 0.9997090892353825 353613.2141 4025988.564 19.17715751
0.7909349213987991 -0.6114477885041195 0.023527686781685767 0.6115129253823083 0.7912176326646032 0.005157504337621733 -0.0217690652589189 0.010308234283456518 0.9997098819676189 353613.2367 4025988.581 19.17629314
0.7908657069750369 -0.6115355773678411 0.023572677918644223 0.6115998913398183 0.791150014896446 0.005217934694464948 -0.021840477192531814 0.010290361642543747 0.9997085085229934 353613.2596 4025988.599 19.17542493
0.7907993422148335 -0.6116230549544037 0.023529534649650585 0.6116856373866366 0.791083320436997 0.005278365398449376 -0.021842192369148184 0.010218550514519163 0.9997092076488499 353613.2825 4025988.617 19.17455755
0.7907352783604882 -0.6117121067537619 0.023367028202908233 0.6117737594187145 0.7910153865398247 0.0052464791951050554 -0.021693013687687935 0.01014675850338239 0.9997131870936884 353613.3054 4025988.634 19.17368982
0.7906668208059862 -0.6118095259456319 0.02313184901248369 0.6118719304943289 0.790940392317986 0.005102594733477243 -0.02141772979795565 0.01011927675539191 0.9997194011762751 353613.3284 4025988.652 19.17282409
0.7905801117050084 -0.611930191467179 0.022902570760467453 0.6119934300619659 0.7908473149422449 0.004956410962737677 -0.02114541410060854 0.010097782904358282 0.9997254154231203 353613.3516 4025988.67 19.17196516
0.7904916577364687 -0.6120496358567635 0.02276361782873533 0.612113263773526 0.790755084518652 0.00487325562855676 -0.020983120873006987 0.010081644484049 0.9997289978203723 353613.3747 4025988.688 19.17111755
0.7904289136080309 -0.6121295558377169 0.022793406992975027 0.612194516967258 0.7906924745670756 0.004825355760996303 -0.020976318257827548 0.010139898072165907 0.9997285514275525 353613.398 4025988.706 19.1702711
